"Plot Title: S2"
"#","Date Time, GMT-03:00","Abs Pres, kPa (LGR S/N: 10566163, SEN S/N: 10566163)","Temp, °C (LGR S/N: 10566163, SEN S/N: 10566163)","Abs Pres Barom., kPa (LGR S/N: 2376503, SEN S/N: 2376503)","Water Level, meters (LGR S/N: 10566163)","Coupler Detached (LGR S/N: 10566163)","Coupler Attached (LGR S/N: 10566163)","Stopped (LGR S/N: 10566163)","End Of File (LGR S/N: 10566163)"
1,10/18/19 02:45:38 PM,,,100.327,,,,,
2,10/18/19 02:47:38 PM,,,100.333,,,,,
3,10/18/19 02:49:38 PM,,,100.347,,,,,
4,10/18/19 02:51:38 PM,,,100.330,,,,,
5,10/18/19 02:53:38 PM,,,100.351,,,,,
6,10/18/19 02:55:38 PM,,,100.339,,,,,
7,10/18/19 02:57:38 PM,,,100.331,,,,,
8,10/18/19 02:59:38 PM,,,100.334,,,,,
9,10/18/19 03:01:38 PM,,,100.351,,,,,
10,10/18/19 03:03:38 PM,,,100.347,,,,,
11,10/18/19 03:05:38 PM,,,100.343,,,,,
12,10/18/19 03:07:38 PM,,,100.346,,,,,
13,10/18/19 03:09:38 PM,,,100.342,,,,,
14,10/18/19 03:11:38 PM,,,100.327,,,,,
15,10/18/19 03:13:38 PM,,,100.345,,,,,
16,10/18/19 03:15:38 PM,,,100.341,,,,,
17,10/18/19 03:17:38 PM,,,100.337,,,,,
18,10/18/19 03:19:38 PM,,,100.333,,,,,
19,10/18/19 03:21:38 PM,,,100.329,,,,,
20,10/18/19 03:23:38 PM,,,100.340,,,,,
21,10/18/19 03:25:38 PM,,,100.336,,,,,
22,10/18/19 03:27:38 PM,,,100.343,,,,,
23,10/18/19 03:29:38 PM,,,100.339,,,,,
24,10/18/19 03:31:38 PM,,,100.361,,,,,
25,10/18/19 03:33:18 PM,100.764,25.513,,-0.001,Logged,,,
26,10/18/19 03:33:38 PM,,,100.346,,,,,
27,10/18/19 03:35:18 PM,100.746,25.319,,-0.004,,,,
28,10/18/19 03:35:38 PM,,,100.357,,,,,
29,10/18/19 03:37:18 PM,100.774,25.125,,0.000,,,,
30,10/18/19 03:37:38 PM,,,100.342,,,,,
31,10/18/19 03:39:18 PM,100.747,25.028,,-0.003,,,,
32,10/18/19 03:39:38 PM,,,100.342,,,,,
33,10/18/19 03:41:18 PM,100.747,25.028,,-0.001,,,,
34,10/18/19 03:41:38 PM,,,100.327,,,,,
35,10/18/19 03:43:18 PM,100.712,25.028,,-0.005,,,,
36,10/18/19 03:43:38 PM,,,100.327,,,,,
37,10/18/19 03:45:18 PM,100.732,24.931,,-0.003,,,,
38,10/18/19 03:45:38 PM,,,100.338,,,,,
39,10/18/19 03:47:18 PM,100.723,25.028,,-0.005,,,,
40,10/18/19 03:47:38 PM,,,100.345,,,,,
41,10/18/19 03:49:18 PM,100.700,25.028,,-0.007,,,,
42,10/18/19 03:49:38 PM,,,100.334,,,,,
43,10/18/19 03:51:18 PM,100.712,25.028,,-0.006,,,,
44,10/18/19 03:51:38 PM,,,100.345,,,,,
45,10/18/19 03:53:18 PM,100.688,25.028,,-0.009,,,,
46,10/18/19 03:53:38 PM,,,100.341,,,,,
47,10/18/19 03:55:18 PM,100.712,25.028,,-0.005,,,,
48,10/18/19 03:55:38 PM,,,100.330,,,,,
49,10/18/19 03:57:18 PM,100.723,25.028,,-0.005,,,,
50,10/18/19 03:57:38 PM,,,100.341,,,,,
51,10/18/19 03:59:18 PM,100.712,25.028,,-0.005,,,,
52,10/18/19 03:59:38 PM,,,100.330,,,,,
53,10/18/19 04:01:18 PM,100.720,24.931,,-0.005,,,,
54,10/18/19 04:01:38 PM,,,100.337,,,,,
55,10/18/19 04:03:18 PM,100.720,24.931,,-0.005,,,,
56,10/18/19 04:03:38 PM,,,100.337,,,,,
57,10/18/19 04:05:18 PM,100.712,25.028,,-0.007,,,,
58,10/18/19 04:05:38 PM,,,100.348,,,,,
59,10/18/19 04:07:18 PM,100.712,25.028,,-0.007,,,,
60,10/18/19 04:07:38 PM,,,100.348,,,,,
61,10/18/19 04:09:18 PM,100.723,25.028,,-0.005,,,,
62,10/18/19 04:09:38 PM,,,100.344,,,,,
63,10/18/19 04:11:18 PM,100.700,25.028,,-0.008,,,,
64,10/18/19 04:11:38 PM,,,100.344,,,,,
65,10/18/19 04:13:18 PM,100.720,24.931,,-0.005,,,,
66,10/18/19 04:13:38 PM,,,100.344,,,,,
67,10/18/19 04:15:18 PM,100.696,24.931,,-0.008,,,,
68,10/18/19 04:15:38 PM,,,100.344,,,,,
69,10/18/19 04:17:18 PM,100.720,24.931,,-0.005,,,,
70,10/18/19 04:17:38 PM,,,100.333,,,,,
71,10/18/19 04:19:18 PM,100.716,24.835,,-0.005,,,,
72,10/18/19 04:19:38 PM,,,100.340,,,,,
73,10/18/19 04:21:18 PM,100.705,24.835,,-0.008,,,,
74,10/18/19 04:21:38 PM,,,100.351,,,,,
75,10/18/19 04:23:18 PM,100.708,24.931,,-0.006,,,,
76,10/18/19 04:23:38 PM,,,100.340,,,,,
77,10/18/19 04:25:18 PM,100.732,24.931,,-0.004,,,,
78,10/18/19 04:25:38 PM,,,100.340,,,,,
79,10/18/19 04:27:18 PM,100.708,24.931,,-0.008,,,,
80,10/18/19 04:27:38 PM,,,100.362,,,,,
81,10/18/19 04:29:18 PM,100.720,24.931,,-0.006,,,,
82,10/18/19 04:29:38 PM,,,100.351,,,,,
83,10/18/19 04:31:18 PM,100.735,25.028,,-0.006,,,,
84,10/18/19 04:31:38 PM,,,100.362,,,,,
85,10/18/19 04:33:18 PM,100.715,25.125,,-0.008,,,,
86,10/18/19 04:33:38 PM,,,100.362,,,,,
87,10/18/19 04:35:18 PM,100.707,25.222,,-0.009,,,,
88,10/18/19 04:35:38 PM,,,100.362,,,,,
89,10/18/19 04:37:18 PM,100.707,25.222,,-0.009,,,,
90,10/18/19 04:37:38 PM,,,100.362,,,,,
91,10/18/19 04:39:18 PM,100.719,25.222,,-0.007,,,,
92,10/18/19 04:39:38 PM,,,100.362,,,,,
93,10/18/19 04:41:18 PM,100.692,25.125,,-0.009,,,,
94,10/18/19 04:41:38 PM,,,100.351,,,,,
95,10/18/19 04:43:18 PM,100.692,25.125,,-0.009,,,,
96,10/18/19 04:43:38 PM,,,100.351,,,,,
97,10/18/19 04:45:18 PM,100.712,25.028,,-0.008,,,,
98,10/18/19 04:45:38 PM,,,100.362,,,,,
99,10/18/19 04:47:18 PM,100.720,24.931,,-0.005,,,,
100,10/18/19 04:47:38 PM,,,100.336,,,,,
101,10/18/19 04:49:18 PM,100.696,24.931,,-0.008,,,,
102,10/18/19 04:49:38 PM,,,100.347,,,,,
103,10/18/19 04:51:18 PM,100.685,24.931,,-0.010,,,,
104,10/18/19 04:51:38 PM,,,100.358,,,,,
105,10/18/19 04:53:18 PM,100.708,24.931,,-0.007,,,,
106,10/18/19 04:53:38 PM,,,100.347,,,,,
107,10/18/19 04:55:18 PM,100.696,24.931,,-0.009,,,,
108,10/18/19 04:55:38 PM,,,100.358,,,,,
109,10/18/19 04:57:18 PM,100.696,24.931,,-0.008,,,,
110,10/18/19 04:57:38 PM,,,100.347,,,,,
111,10/18/19 04:59:18 PM,100.681,24.835,,-0.010,,,,
112,10/18/19 04:59:38 PM,,,100.347,,,,,
113,10/18/19 05:01:18 PM,100.681,24.835,,-0.011,,,,
114,10/18/19 05:01:38 PM,,,100.358,,,,,
115,10/18/19 05:03:18 PM,100.681,24.835,,-0.010,,,,
116,10/18/19 05:03:38 PM,,,100.347,,,,,
117,10/18/19 05:05:18 PM,100.670,24.835,,-0.010,,,,
118,10/18/19 05:05:38 PM,,,100.336,,,,,
119,10/18/19 05:07:18 PM,100.689,24.738,,-0.010,,,,
120,10/18/19 05:07:38 PM,,,100.358,,,,,
121,10/18/19 05:09:18 PM,100.678,24.738,,-0.010,,,,
122,10/18/19 05:09:38 PM,,,100.347,,,,,
123,10/18/19 05:11:18 PM,100.678,24.738,,-0.009,,,,
124,10/18/19 05:11:38 PM,,,100.336,,,,,
125,10/18/19 05:13:18 PM,100.674,24.641,,-0.010,,,,
126,10/18/19 05:13:38 PM,,,100.347,,,,,
127,10/18/19 05:15:18 PM,100.671,24.545,,-0.011,,,,
128,10/18/19 05:15:38 PM,,,100.347,,,,,
129,10/18/19 05:17:18 PM,100.694,24.545,,-0.008,,,,
130,10/18/19 05:17:38 PM,,,100.347,,,,,
131,10/18/19 05:19:18 PM,100.656,24.448,,-0.011,,,,
132,10/18/19 05:19:38 PM,,,100.336,,,,,
133,10/18/19 05:21:18 PM,100.679,24.448,,-0.011,,,,
134,10/18/19 05:21:38 PM,,,100.358,,,,,
135,10/18/19 05:23:18 PM,100.664,24.351,,-0.012,,,,
136,10/18/19 05:23:38 PM,,,100.347,,,,,
137,10/18/19 05:25:18 PM,100.641,24.351,,-0.014,,,,
138,10/18/19 05:25:38 PM,,,100.347,,,,,
139,10/18/19 05:27:18 PM,100.664,24.351,,-0.011,,,,
140,10/18/19 05:27:38 PM,,,100.336,,,,,
141,10/18/19 05:29:18 PM,100.660,24.255,,-0.010,,,,
142,10/18/19 05:29:38 PM,,,100.325,,,,,
143,10/18/19 05:31:18 PM,100.672,24.255,,-0.009,,,,
144,10/18/19 05:31:38 PM,,,100.336,,,,,
145,10/18/19 05:33:18 PM,100.665,24.062,,-0.010,,,,
146,10/18/19 05:33:38 PM,,,100.336,,,,,
147,10/18/19 05:35:18 PM,100.654,24.062,,-0.012,,,,
148,10/18/19 05:35:38 PM,,,100.347,,,,,
149,10/18/19 05:37:18 PM,100.662,23.966,,-0.012,,,,
150,10/18/19 05:37:38 PM,,,100.347,,,,,
151,10/18/19 05:39:18 PM,100.647,23.869,,-0.013,,,,
152,10/18/19 05:39:38 PM,,,100.347,,,,,
153,10/18/19 05:41:18 PM,100.667,23.773,,-0.011,,,,
154,10/18/19 05:41:38 PM,,,100.347,,,,,
155,10/18/19 05:43:18 PM,100.667,23.773,,-0.011,,,,
156,10/18/19 05:43:38 PM,,,100.347,,,,,
157,10/18/19 05:45:18 PM,100.675,23.677,,-0.011,,,,
158,10/18/19 05:45:38 PM,,,100.358,,,,,
159,10/18/19 05:47:18 PM,100.648,23.581,,-0.012,,,,
160,10/18/19 05:47:38 PM,,,100.336,,,,,
161,10/18/19 05:49:18 PM,100.668,23.484,,-0.012,,,,
162,10/18/19 05:49:38 PM,,,100.358,,,,,
163,10/18/19 05:51:18 PM,100.653,23.388,,-0.014,,,,
164,10/18/19 05:51:38 PM,,,100.358,,,,,
165,10/18/19 05:53:18 PM,100.646,23.196,,-0.014,,,,
166,10/18/19 05:53:38 PM,,,100.347,,,,,
167,10/18/19 05:55:18 PM,100.643,23.100,,-0.015,,,,
168,10/18/19 05:55:38 PM,,,100.358,,,,,
169,10/18/19 05:57:18 PM,100.624,22.908,,-0.018,,,,
170,10/18/19 05:57:38 PM,,,100.369,,,,,
171,10/18/19 05:59:18 PM,100.667,22.812,,-0.013,,,,
172,10/18/19 05:59:38 PM,,,100.369,,,,,
173,10/18/19 06:01:18 PM,100.649,22.621,,-0.015,,,,
174,10/18/19 06:01:38 PM,,,100.369,,,,,
175,10/18/19 06:03:18 PM,100.654,22.429,,-0.014,,,,
176,10/18/19 06:03:38 PM,,,100.365,,,,,
177,10/18/19 06:05:18 PM,100.670,22.238,,-0.015,,,,
178,10/18/19 06:05:38 PM,,,100.387,,,,,
179,10/18/19 06:07:18 PM,100.664,22.046,,-0.015,,,,
180,10/18/19 06:07:38 PM,,,100.376,,,,,
181,10/18/19 06:09:18 PM,100.645,21.855,,-0.018,,,,
182,10/18/19 06:09:38 PM,,,100.398,,,,,
183,10/18/19 06:11:18 PM,100.665,21.760,,-0.015,,,,
184,10/18/19 06:11:38 PM,,,100.376,,,,,
185,10/18/19 06:13:18 PM,100.647,21.569,,-0.018,,,,
186,10/18/19 06:13:38 PM,,,100.398,,,,,
187,10/18/19 06:15:18 PM,100.655,21.473,,-0.017,,,,
188,10/18/19 06:15:38 PM,,,100.387,,,,,
189,10/18/19 06:17:18 PM,100.637,21.282,,-0.020,,,,
190,10/18/19 06:17:38 PM,,,100.409,,,,,
191,10/18/19 06:19:18 PM,100.657,21.187,,-0.018,,,,
192,10/18/19 06:19:38 PM,,,100.398,,,,,
193,10/18/19 06:21:18 PM,100.630,21.091,,-0.021,,,,
194,10/18/19 06:21:38 PM,,,100.409,,,,,
195,10/18/19 06:23:18 PM,100.635,20.901,,-0.021,,,,
196,10/18/19 06:23:38 PM,,,100.409,,,,,
197,10/18/19 06:25:18 PM,100.643,20.805,,-0.019,,,,
198,10/18/19 06:25:38 PM,,,100.398,,,,,
199,10/18/19 06:27:18 PM,100.628,20.710,,-0.021,,,,
200,10/18/19 06:27:38 PM,,,100.409,,,,,
201,10/18/19 06:29:18 PM,100.645,20.519,,-0.019,,,,
202,10/18/19 06:29:38 PM,,,100.398,,,,,
203,10/18/19 06:31:18 PM,100.653,20.424,,-0.020,,,,
204,10/18/19 06:31:38 PM,,,100.419,,,,,
205,10/18/19 06:33:18 PM,100.650,20.329,,-0.019,,,,
206,10/18/19 06:33:38 PM,,,100.409,,,,,
207,10/18/19 06:35:18 PM,100.646,20.234,,-0.020,,,,
208,10/18/19 06:35:38 PM,,,100.409,,,,,
209,10/18/19 06:37:18 PM,100.666,20.138,,-0.018,,,,
210,10/18/19 06:37:38 PM,,,100.415,,,,,
211,10/18/19 06:39:18 PM,100.663,20.043,,-0.019,,,,
212,10/18/19 06:39:38 PM,,,100.415,,,,,
213,10/18/19 06:41:18 PM,100.660,19.948,,-0.019,,,,
214,10/18/19 06:41:38 PM,,,100.415,,,,,
215,10/18/19 06:43:18 PM,100.645,19.853,,-0.020,,,,
216,10/18/19 06:43:38 PM,,,100.415,,,,,
217,10/18/19 06:45:18 PM,100.641,19.758,,-0.022,,,,
218,10/18/19 06:45:38 PM,,,100.426,,,,,
219,10/18/19 06:47:18 PM,100.673,19.662,,-0.018,,,,
220,10/18/19 06:47:38 PM,,,100.415,,,,,
221,10/18/19 06:49:18 PM,100.658,19.567,,-0.020,,,,
222,10/18/19 06:49:38 PM,,,100.426,,,,,
223,10/18/19 06:51:18 PM,100.666,19.472,,-0.018,,,,
224,10/18/19 06:51:38 PM,,,100.412,,,,,
225,10/18/19 06:53:18 PM,100.640,19.377,,-0.021,,,,
226,10/18/19 06:53:38 PM,,,100.422,,,,,
227,10/18/19 06:55:18 PM,100.636,19.282,,-0.022,,,,
228,10/18/19 06:55:38 PM,,,100.422,,,,,
229,10/18/19 06:57:18 PM,100.668,19.187,,-0.018,,,,
230,10/18/19 06:57:38 PM,,,100.412,,,,,
231,10/18/19 06:59:18 PM,100.645,19.187,,-0.021,,,,
232,10/18/19 06:59:38 PM,,,100.419,,,,,
233,10/18/19 07:01:18 PM,100.653,19.092,,-0.020,,,,
234,10/18/19 07:01:38 PM,,,100.419,,,,,
235,10/18/19 07:03:18 PM,100.650,18.996,,-0.022,,,,
236,10/18/19 07:03:38 PM,,,100.440,,,,,
237,10/18/19 07:05:18 PM,100.682,18.901,,-0.019,,,,
238,10/18/19 07:05:38 PM,,,100.436,,,,,
239,10/18/19 07:07:18 PM,100.655,18.806,,-0.023,,,,
240,10/18/19 07:07:38 PM,,,100.447,,,,,
241,10/18/19 07:09:18 PM,100.652,18.711,,-0.022,,,,
242,10/18/19 07:09:38 PM,,,100.436,,,,,
243,10/18/19 07:11:18 PM,100.648,18.616,,-0.023,,,,
244,10/18/19 07:11:38 PM,,,100.443,,,,,
245,10/18/19 07:13:18 PM,100.660,18.616,,-0.023,,,,
246,10/18/19 07:13:38 PM,,,100.454,,,,,
247,10/18/19 07:15:18 PM,100.692,18.521,,-0.020,,,,
248,10/18/19 07:15:38 PM,,,100.454,,,,,
249,10/18/19 07:17:18 PM,100.688,18.426,,-0.020,,,,
250,10/18/19 07:17:38 PM,,,100.454,,,,,
251,10/18/19 07:19:18 PM,100.688,18.426,,-0.021,,,,
252,10/18/19 07:19:38 PM,,,100.461,,,,,
253,10/18/19 07:21:18 PM,100.673,18.331,,-0.022,,,,
254,10/18/19 07:21:38 PM,,,100.461,,,,,
255,10/18/19 07:23:18 PM,100.682,18.236,,-0.021,,,,
256,10/18/19 07:23:38 PM,,,100.461,,,,,
257,10/18/19 07:25:18 PM,100.658,18.236,,-0.023,,,,
258,10/18/19 07:25:38 PM,,,100.457,,,,,
259,10/18/19 07:27:18 PM,100.678,18.140,,-0.022,,,,
260,10/18/19 07:27:38 PM,,,100.468,,,,,
261,10/18/19 07:29:18 PM,100.690,18.140,,-0.020,,,,
262,10/18/19 07:29:38 PM,,,100.457,,,,,
263,10/18/19 07:31:18 PM,100.687,18.045,,-0.022,,,,
264,10/18/19 07:31:38 PM,,,100.479,,,,,
265,10/18/19 07:33:18 PM,100.687,18.045,,-0.021,,,,
266,10/18/19 07:33:38 PM,,,100.464,,,,,
267,10/18/19 07:35:18 PM,100.695,17.950,,-0.021,,,,
268,10/18/19 07:35:38 PM,,,100.475,,,,,
269,10/18/19 07:37:18 PM,100.683,17.950,,-0.022,,,,
270,10/18/19 07:37:38 PM,,,100.464,,,,,
271,10/18/19 07:39:18 PM,100.692,17.855,,-0.022,,,,
272,10/18/19 07:39:38 PM,,,100.475,,,,,
273,10/18/19 07:41:18 PM,100.680,17.855,,-0.024,,,,
274,10/18/19 07:41:38 PM,,,100.482,,,,,
275,10/18/19 07:43:18 PM,100.665,17.760,,-0.024,,,,
276,10/18/19 07:43:38 PM,,,100.471,,,,,
277,10/18/19 07:45:18 PM,100.688,17.760,,-0.021,,,,
278,10/18/19 07:45:38 PM,,,100.460,,,,,
279,10/18/19 07:47:18 PM,100.697,17.665,,-0.021,,,,
280,10/18/19 07:47:38 PM,,,100.471,,,,,
281,10/18/19 07:49:18 PM,100.697,17.665,,-0.023,,,,
282,10/18/19 07:49:38 PM,,,100.493,,,,,
283,10/18/19 07:51:18 PM,100.694,17.570,,-0.021,,,,
284,10/18/19 07:51:38 PM,,,100.467,,,,,
285,10/18/19 07:53:18 PM,100.705,17.570,,-0.021,,,,
286,10/18/19 07:53:38 PM,,,100.478,,,,,
287,10/18/19 07:55:18 PM,100.694,17.570,,-0.023,,,,
288,10/18/19 07:55:38 PM,,,100.489,,,,,
289,10/18/19 07:57:18 PM,100.690,17.475,,-0.023,,,,
290,10/18/19 07:57:38 PM,,,100.489,,,,,
291,10/18/19 07:59:18 PM,100.702,17.475,,-0.021,,,,
292,10/18/19 07:59:38 PM,,,100.478,,,,,
293,10/18/19 08:01:18 PM,100.714,17.475,,-0.020,,,,
294,10/18/19 08:01:38 PM,,,100.485,,,,,
295,10/18/19 08:03:18 PM,100.734,17.379,,-0.019,,,,
296,10/18/19 08:03:38 PM,,,100.485,,,,,
297,10/18/19 08:05:18 PM,100.710,17.379,,-0.022,,,,
298,10/18/19 08:05:38 PM,,,100.496,,,,,
299,10/18/19 08:07:18 PM,100.734,17.379,,-0.021,,,,
300,10/18/19 08:07:38 PM,,,100.507,,,,,
301,10/18/19 08:09:18 PM,100.730,17.284,,-0.020,,,,
302,10/18/19 08:09:38 PM,,,100.496,,,,,
303,10/18/19 08:11:18 PM,100.719,17.284,,-0.021,,,,
304,10/18/19 08:11:38 PM,,,100.492,,,,,
305,10/18/19 08:13:18 PM,100.719,17.284,,-0.022,,,,
306,10/18/19 08:13:38 PM,,,100.503,,,,,
307,10/18/19 08:15:18 PM,100.727,17.189,,-0.021,,,,
308,10/18/19 08:15:38 PM,,,100.503,,,,,
309,10/18/19 08:17:18 PM,100.727,17.189,,-0.021,,,,
310,10/18/19 08:17:38 PM,,,100.503,,,,,
311,10/18/19 08:19:18 PM,100.735,17.094,,-0.020,,,,
312,10/18/19 08:19:38 PM,,,100.503,,,,,
313,10/18/19 08:21:18 PM,100.700,17.094,,-0.025,,,,
314,10/18/19 08:21:38 PM,,,100.521,,,,,
315,10/18/19 08:23:18 PM,100.735,17.094,,-0.022,,,,
316,10/18/19 08:23:38 PM,,,100.521,,,,,
317,10/18/19 08:25:18 PM,100.744,16.999,,-0.021,,,,
318,10/18/19 08:25:38 PM,,,100.521,,,,,
319,10/18/19 08:27:18 PM,100.744,16.999,,-0.021,,,,
320,10/18/19 08:27:38 PM,,,100.521,,,,,
321,10/18/19 08:29:18 PM,100.741,16.903,,-0.021,,,,
322,10/18/19 08:29:38 PM,,,100.521,,,,,
323,10/18/19 08:31:18 PM,100.729,16.903,,-0.023,,,,
324,10/18/19 08:31:38 PM,,,100.521,,,,,
325,10/18/19 08:33:18 PM,100.749,16.808,,-0.021,,,,
326,10/18/19 08:33:38 PM,,,100.528,,,,,
327,10/18/19 08:35:18 PM,100.761,16.808,,-0.022,,,,
328,10/18/19 08:35:38 PM,,,100.550,,,,,
329,10/18/19 08:37:18 PM,100.769,16.713,,-0.020,,,,
330,10/18/19 08:37:38 PM,,,100.528,,,,,
331,10/18/19 08:39:18 PM,100.734,16.713,,-0.024,,,,
332,10/18/19 08:39:38 PM,,,100.539,,,,,
333,10/18/19 08:41:18 PM,100.746,16.713,,-0.023,,,,
334,10/18/19 08:41:38 PM,,,100.539,,,,,
335,10/18/19 08:43:18 PM,100.734,16.713,,-0.025,,,,
336,10/18/19 08:43:38 PM,,,100.546,,,,,
337,10/18/19 08:45:18 PM,100.754,16.618,,-0.022,,,,
338,10/18/19 08:45:38 PM,,,100.535,,,,,
339,10/18/19 08:47:18 PM,100.742,16.618,,-0.025,,,,
340,10/18/19 08:47:38 PM,,,100.557,,,,,
341,10/18/19 08:49:18 PM,100.777,16.618,,-0.021,,,,
342,10/18/19 08:49:38 PM,,,100.557,,,,,
343,10/18/19 08:51:18 PM,100.777,16.618,,-0.021,,,,
344,10/18/19 08:51:38 PM,,,100.557,,,,,
345,10/18/19 08:53:18 PM,100.786,16.523,,-0.021,,,,
346,10/18/19 08:53:38 PM,,,100.557,,,,,
347,10/18/19 08:55:18 PM,100.786,16.523,,-0.021,,,,
348,10/18/19 08:55:38 PM,,,100.568,,,,,
349,10/18/19 08:57:18 PM,100.797,16.523,,-0.020,,,,
350,10/18/19 08:57:38 PM,,,100.564,,,,,
351,10/18/19 08:59:18 PM,100.794,16.427,,-0.021,,,,
352,10/18/19 08:59:38 PM,,,100.575,,,,,
353,10/18/19 09:01:18 PM,100.782,16.427,,-0.022,,,,
354,10/18/19 09:01:38 PM,,,100.564,,,,,
355,10/18/19 09:03:18 PM,100.794,16.427,,-0.021,,,,
356,10/18/19 09:03:38 PM,,,100.575,,,,,
357,10/18/19 09:05:18 PM,100.771,16.427,,-0.025,,,,
358,10/18/19 09:05:38 PM,,,100.585,,,,,
359,10/18/19 09:07:18 PM,100.779,16.332,,-0.024,,,,
360,10/18/19 09:07:38 PM,,,100.585,,,,,
361,10/18/19 09:09:18 PM,100.802,16.332,,-0.023,,,,
362,10/18/19 09:09:38 PM,,,100.596,,,,,
363,10/18/19 09:11:18 PM,100.811,16.237,,-0.023,,,,
364,10/18/19 09:11:38 PM,,,100.607,,,,,
365,10/18/19 09:13:18 PM,100.811,16.237,,-0.021,,,,
366,10/18/19 09:13:38 PM,,,100.585,,,,,
367,10/18/19 09:15:18 PM,100.823,16.237,,-0.020,,,,
368,10/18/19 09:15:38 PM,,,100.592,,,,,
369,10/18/19 09:17:18 PM,100.823,16.237,,-0.020,,,,
370,10/18/19 09:17:38 PM,,,100.592,,,,,
371,10/18/19 09:19:18 PM,100.808,16.141,,-0.022,,,,
372,10/18/19 09:19:38 PM,,,100.592,,,,,
373,10/18/19 09:21:18 PM,100.808,16.141,,-0.023,,,,
374,10/18/19 09:21:38 PM,,,100.603,,,,,
375,10/18/19 09:23:18 PM,100.819,16.141,,-0.022,,,,
376,10/18/19 09:23:38 PM,,,100.603,,,,,
377,10/18/19 09:25:18 PM,100.831,16.141,,-0.021,,,,
378,10/18/19 09:25:38 PM,,,100.603,,,,,
379,10/18/19 09:27:18 PM,100.839,16.046,,-0.021,,,,
380,10/18/19 09:27:38 PM,,,100.614,,,,,
381,10/18/19 09:29:18 PM,100.816,16.046,,-0.023,,,,
382,10/18/19 09:29:38 PM,,,100.614,,,,,
383,10/18/19 09:31:18 PM,100.839,16.046,,-0.022,,,,
384,10/18/19 09:31:38 PM,,,100.625,,,,,
385,10/18/19 09:33:18 PM,100.839,16.046,,-0.022,,,,
386,10/18/19 09:33:38 PM,,,100.625,,,,,
387,10/18/19 09:35:18 PM,100.839,16.046,,-0.023,,,,
388,10/18/19 09:35:38 PM,,,100.636,,,,,
389,10/18/19 09:37:18 PM,100.851,16.046,,-0.021,,,,
390,10/18/19 09:37:38 PM,,,100.625,,,,,
391,10/18/19 09:39:18 PM,100.886,16.046,,-0.017,,,,
392,10/18/19 09:39:38 PM,,,100.625,,,,,
393,10/18/19 09:41:18 PM,100.851,16.046,,-0.022,,,,
394,10/18/19 09:41:38 PM,,,100.636,,,,,
395,10/18/19 09:43:18 PM,100.839,16.046,,-0.022,,,,
396,10/18/19 09:43:38 PM,,,100.625,,,,,
397,10/18/19 09:45:18 PM,100.839,16.046,,-0.021,,,,
398,10/18/19 09:45:38 PM,,,100.610,,,,,
399,10/18/19 09:47:18 PM,100.851,16.046,,-0.019,,,,
400,10/18/19 09:47:38 PM,,,100.610,,,,,
401,10/18/19 09:49:18 PM,100.859,15.951,,-0.019,,,,
402,10/18/19 09:49:38 PM,,,100.621,,,,,
403,10/18/19 09:51:18 PM,100.859,15.951,,-0.021,,,,
404,10/18/19 09:51:38 PM,,,100.632,,,,,
405,10/18/19 09:53:18 PM,100.871,15.951,,-0.020,,,,
406,10/18/19 09:53:38 PM,,,100.643,,,,,
407,10/18/19 09:55:18 PM,100.859,15.951,,-0.022,,,,
408,10/18/19 09:55:38 PM,,,100.643,,,,,
409,10/18/19 09:57:18 PM,100.859,15.951,,-0.022,,,,
410,10/18/19 09:57:38 PM,,,100.639,,,,,
411,10/18/19 09:59:18 PM,100.844,15.855,,-0.024,,,,
412,10/18/19 09:59:38 PM,,,100.650,,,,,
413,10/18/19 10:01:18 PM,100.879,15.855,,-0.020,,,,
414,10/18/19 10:01:38 PM,,,100.639,,,,,
415,10/18/19 10:03:18 PM,100.856,15.855,,-0.023,,,,
416,10/18/19 10:03:38 PM,,,100.650,,,,,
417,10/18/19 10:05:18 PM,100.856,15.855,,-0.023,,,,
418,10/18/19 10:05:38 PM,,,100.650,,,,,
419,10/18/19 10:07:18 PM,100.879,15.855,,-0.021,,,,
420,10/18/19 10:07:38 PM,,,100.661,,,,,
421,10/18/19 10:09:18 PM,100.888,15.760,,-0.019,,,,
422,10/18/19 10:09:38 PM,,,100.635,,,,,
423,10/18/19 10:11:18 PM,100.876,15.760,,-0.020,,,,
424,10/18/19 10:11:38 PM,,,100.646,,,,,
425,10/18/19 10:13:18 PM,100.861,15.664,,-0.024,,,,
426,10/18/19 10:13:38 PM,,,100.668,,,,,
427,10/18/19 10:15:18 PM,100.873,15.664,,-0.021,,,,
428,10/18/19 10:15:38 PM,,,100.646,,,,,
429,10/18/19 10:17:18 PM,100.873,15.664,,-0.022,,,,
430,10/18/19 10:17:38 PM,,,100.657,,,,,
431,10/18/19 10:19:18 PM,100.893,15.569,,-0.020,,,,
432,10/18/19 10:19:38 PM,,,100.657,,,,,
433,10/18/19 10:21:18 PM,100.893,15.569,,-0.021,,,,
434,10/18/19 10:21:38 PM,,,100.675,,,,,
435,10/18/19 10:23:18 PM,100.858,15.569,,-0.024,,,,
436,10/18/19 10:23:38 PM,,,100.664,,,,,
437,10/18/19 10:25:18 PM,100.861,15.664,,-0.024,,,,
438,10/18/19 10:25:38 PM,,,100.664,,,,,
439,10/18/19 10:27:18 PM,100.893,15.569,,-0.020,,,,
440,10/18/19 10:27:38 PM,,,100.653,,,,,
441,10/18/19 10:29:18 PM,100.881,15.569,,-0.023,,,,
442,10/18/19 10:29:38 PM,,,100.675,,,,,
443,10/18/19 10:31:18 PM,100.896,15.664,,-0.021,,,,
444,10/18/19 10:31:38 PM,,,100.675,,,,,
445,10/18/19 10:33:18 PM,100.896,15.664,,-0.021,,,,
446,10/18/19 10:33:38 PM,,,100.675,,,,,
447,10/18/19 10:35:18 PM,100.873,15.664,,-0.023,,,,
448,10/18/19 10:35:38 PM,,,100.664,,,,,
449,10/18/19 10:37:18 PM,100.881,15.569,,-0.022,,,,
450,10/18/19 10:37:38 PM,,,100.664,,,,,
451,10/18/19 10:39:18 PM,100.893,15.569,,-0.021,,,,
452,10/18/19 10:39:38 PM,,,100.664,,,,,
453,10/18/19 10:41:18 PM,100.905,15.569,,-0.020,,,,
454,10/18/19 10:41:38 PM,,,100.671,,,,,
455,10/18/19 10:43:18 PM,100.905,15.569,,-0.020,,,,
456,10/18/19 10:43:38 PM,,,100.671,,,,,
457,10/18/19 10:45:18 PM,100.881,15.569,,-0.023,,,,
458,10/18/19 10:45:38 PM,,,100.682,,,,,
459,10/18/19 10:47:18 PM,100.881,15.569,,-0.023,,,,
460,10/18/19 10:47:38 PM,,,100.671,,,,,
461,10/18/19 10:49:18 PM,100.890,15.473,,-0.023,,,,
462,10/18/19 10:49:38 PM,,,100.682,,,,,
463,10/18/19 10:51:18 PM,100.890,15.473,,-0.021,,,,
464,10/18/19 10:51:38 PM,,,100.660,,,,,
465,10/18/19 10:53:18 PM,100.878,15.473,,-0.023,,,,
466,10/18/19 10:53:38 PM,,,100.671,,,,,
467,10/18/19 10:55:18 PM,100.890,15.473,,-0.021,,,,
468,10/18/19 10:55:38 PM,,,100.667,,,,,
469,10/18/19 10:57:18 PM,100.898,15.378,,-0.020,,,,
470,10/18/19 10:57:38 PM,,,100.667,,,,,
471,10/18/19 10:59:18 PM,100.898,15.378,,-0.019,,,,
472,10/18/19 10:59:38 PM,,,100.656,,,,,
473,10/18/19 11:01:18 PM,100.898,15.378,,-0.019,,,,
474,10/18/19 11:01:38 PM,,,100.656,,,,,
475,10/18/19 11:03:18 PM,100.898,15.378,,-0.021,,,,
476,10/18/19 11:03:38 PM,,,100.678,,,,,
477,10/18/19 11:05:18 PM,100.863,15.378,,-0.024,,,,
478,10/18/19 11:05:38 PM,,,100.667,,,,,
479,10/18/19 11:07:18 PM,100.886,15.378,,-0.023,,,,
480,10/18/19 11:07:38 PM,,,100.678,,,,,
481,10/18/19 11:09:18 PM,100.886,15.378,,-0.021,,,,
482,10/18/19 11:09:38 PM,,,100.656,,,,,
483,10/18/19 11:11:18 PM,100.906,15.282,,-0.020,,,,
484,10/18/19 11:11:38 PM,,,100.678,,,,,
485,10/18/19 11:13:18 PM,100.871,15.282,,-0.024,,,,
486,10/18/19 11:13:38 PM,,,100.678,,,,,
487,10/18/19 11:15:18 PM,100.883,15.282,,-0.023,,,,
488,10/18/19 11:15:38 PM,,,100.678,,,,,
489,10/18/19 11:17:18 PM,100.871,15.282,,-0.024,,,,
490,10/18/19 11:17:38 PM,,,100.674,,,,,
491,10/18/19 11:19:18 PM,100.880,15.187,,-0.023,,,,
492,10/18/19 11:19:38 PM,,,100.674,,,,,
493,10/18/19 11:21:18 PM,100.868,15.187,,-0.024,,,,
494,10/18/19 11:21:38 PM,,,100.674,,,,,
495,10/18/19 11:23:18 PM,100.880,15.187,,-0.023,,,,
496,10/18/19 11:23:38 PM,,,100.674,,,,,
497,10/18/19 11:25:18 PM,100.891,15.187,,-0.022,,,,
498,10/18/19 11:25:38 PM,,,100.674,,,,,
499,10/18/19 11:27:18 PM,100.903,15.187,,-0.021,,,,
500,10/18/19 11:27:38 PM,,,100.685,,,,,
501,10/18/19 11:29:18 PM,100.900,15.091,,-0.023,,,,
502,10/18/19 11:29:38 PM,,,100.696,,,,,
503,10/18/19 11:31:18 PM,100.911,15.091,,-0.022,,,,
504,10/18/19 11:31:38 PM,,,100.696,,,,,
505,10/18/19 11:33:18 PM,100.900,15.091,,-0.022,,,,
506,10/18/19 11:33:38 PM,,,100.681,,,,,
507,10/18/19 11:35:18 PM,100.911,15.091,,-0.020,,,,
508,10/18/19 11:35:38 PM,,,100.681,,,,,
509,10/18/19 11:37:18 PM,100.911,15.091,,-0.022,,,,
510,10/18/19 11:37:38 PM,,,100.703,,,,,
511,10/18/19 11:39:18 PM,100.923,15.091,,-0.021,,,,
512,10/18/19 11:39:38 PM,,,100.692,,,,,
513,10/18/19 11:41:18 PM,100.900,15.091,,-0.024,,,,
514,10/18/19 11:41:38 PM,,,100.703,,,,,
515,10/18/19 11:43:18 PM,100.897,14.996,,-0.024,,,,
516,10/18/19 11:43:38 PM,,,100.703,,,,,
517,10/18/19 11:45:18 PM,100.885,14.996,,-0.025,,,,
518,10/18/19 11:45:38 PM,,,100.699,,,,,
519,10/18/19 11:47:18 PM,100.897,14.996,,-0.023,,,,
520,10/18/19 11:47:38 PM,,,100.688,,,,,
521,10/18/19 11:49:18 PM,100.908,14.996,,-0.022,,,,
522,10/18/19 11:49:38 PM,,,100.699,,,,,
523,10/18/19 11:51:18 PM,100.893,14.900,,-0.024,,,,
524,10/18/19 11:51:38 PM,,,100.699,,,,,
525,10/18/19 11:53:18 PM,100.882,14.900,,-0.025,,,,
526,10/18/19 11:53:38 PM,,,100.699,,,,,
527,10/18/19 11:55:18 PM,100.893,14.900,,-0.024,,,,
528,10/18/19 11:55:38 PM,,,100.699,,,,,
529,10/18/19 11:57:18 PM,100.917,14.900,,-0.023,,,,
530,10/18/19 11:57:38 PM,,,100.710,,,,,
531,10/18/19 11:59:18 PM,100.917,14.900,,-0.022,,,,
532,10/18/19 11:59:38 PM,,,100.695,,,,,
533,10/19/19 12:01:18 AM,100.882,14.900,,-0.025,,,,
534,10/19/19 12:01:38 AM,,,100.695,,,,,
535,10/19/19 12:03:18 AM,100.917,14.900,,-0.022,,,,
536,10/19/19 12:03:38 AM,,,100.706,,,,,
537,10/19/19 12:05:18 AM,100.905,14.900,,-0.023,,,,
538,10/19/19 12:05:38 AM,,,100.695,,,,,
539,10/19/19 12:07:18 AM,100.890,14.804,,-0.024,,,,
540,10/19/19 12:07:38 AM,,,100.695,,,,,
541,10/19/19 12:09:18 AM,100.902,14.804,,-0.023,,,,
542,10/19/19 12:09:38 AM,,,100.695,,,,,
543,10/19/19 12:11:18 AM,100.902,14.804,,-0.024,,,,
544,10/19/19 12:11:38 AM,,,100.706,,,,,
545,10/19/19 12:13:18 AM,100.913,14.804,,-0.022,,,,
546,10/19/19 12:13:38 AM,,,100.695,,,,,
547,10/19/19 12:15:18 AM,100.878,14.804,,-0.024,,,,
548,10/19/19 12:15:38 AM,,,100.680,,,,,
549,10/19/19 12:17:18 AM,100.922,14.709,,-0.019,,,,
550,10/19/19 12:17:38 AM,,,100.680,,,,,
551,10/19/19 12:19:18 AM,100.922,14.709,,-0.020,,,,
552,10/19/19 12:19:38 AM,,,100.691,,,,,
553,10/19/19 12:21:18 AM,100.910,14.709,,-0.022,,,,
554,10/19/19 12:21:38 AM,,,100.691,,,,,
555,10/19/19 12:23:18 AM,100.898,14.709,,-0.023,,,,
556,10/19/19 12:23:38 AM,,,100.691,,,,,
557,10/19/19 12:25:18 AM,100.895,14.613,,-0.023,,,,
558,10/19/19 12:25:38 AM,,,100.691,,,,,
559,10/19/19 12:27:18 AM,100.895,14.613,,-0.022,,,,
560,10/19/19 12:27:38 AM,,,100.676,,,,,
561,10/19/19 12:29:18 AM,100.883,14.613,,-0.023,,,,
562,10/19/19 12:29:38 AM,,,100.676,,,,,
563,10/19/19 12:31:18 AM,100.883,14.613,,-0.024,,,,
564,10/19/19 12:31:38 AM,,,100.687,,,,,
565,10/19/19 12:33:18 AM,100.883,14.613,,-0.024,,,,
566,10/19/19 12:33:38 AM,,,100.687,,,,,
567,10/19/19 12:35:18 AM,100.895,14.613,,-0.023,,,,
568,10/19/19 12:35:38 AM,,,100.687,,,,,
569,10/19/19 12:37:18 AM,100.907,14.613,,-0.020,,,,
570,10/19/19 12:37:38 AM,,,100.666,,,,,
571,10/19/19 12:39:18 AM,100.860,14.613,,-0.024,,,,
572,10/19/19 12:39:38 AM,,,100.666,,,,,
573,10/19/19 12:41:18 AM,100.883,14.613,,-0.021,,,,
574,10/19/19 12:41:38 AM,,,100.651,,,,,
575,10/19/19 12:43:18 AM,100.880,14.517,,-0.022,,,,
576,10/19/19 12:43:38 AM,,,100.662,,,,,
577,10/19/19 12:45:18 AM,100.892,14.517,,-0.020,,,,
578,10/19/19 12:45:38 AM,,,100.662,,,,,
579,10/19/19 12:47:18 AM,100.857,14.517,,-0.024,,,,
580,10/19/19 12:47:38 AM,,,100.662,,,,,
581,10/19/19 12:49:18 AM,100.880,14.517,,-0.022,,,,
582,10/19/19 12:49:38 AM,,,100.662,,,,,
583,10/19/19 12:51:18 AM,100.880,14.517,,-0.023,,,,
584,10/19/19 12:51:38 AM,,,100.673,,,,,
585,10/19/19 12:53:18 AM,100.865,14.421,,-0.024,,,,
586,10/19/19 12:53:38 AM,,,100.669,,,,,
587,10/19/19 12:55:18 AM,100.877,14.421,,-0.021,,,,
588,10/19/19 12:55:38 AM,,,100.647,,,,,
589,10/19/19 12:57:18 AM,100.877,14.421,,-0.021,,,,
590,10/19/19 12:57:38 AM,,,100.658,,,,,
591,10/19/19 12:59:18 AM,100.889,14.421,,-0.020,,,,
592,10/19/19 12:59:38 AM,,,100.658,,,,,
593,10/19/19 01:01:18 AM,100.865,14.421,,-0.024,,,,
594,10/19/19 01:01:38 AM,,,100.669,,,,,
595,10/19/19 01:03:18 AM,100.885,14.325,,-0.022,,,,
596,10/19/19 01:03:38 AM,,,100.669,,,,,
597,10/19/19 01:05:18 AM,100.874,14.325,,-0.024,,,,
598,10/19/19 01:05:38 AM,,,100.680,,,,,
599,10/19/19 01:07:18 AM,100.862,14.325,,-0.025,,,,
600,10/19/19 01:07:38 AM,,,100.676,,,,,
601,10/19/19 01:09:18 AM,100.885,14.325,,-0.022,,,,
602,10/19/19 01:09:38 AM,,,100.665,,,,,
603,10/19/19 01:11:18 AM,100.862,14.325,,-0.025,,,,
604,10/19/19 01:11:38 AM,,,100.676,,,,,
605,10/19/19 01:13:18 AM,100.882,14.230,,-0.023,,,,
606,10/19/19 01:13:38 AM,,,100.676,,,,,
607,10/19/19 01:15:18 AM,100.882,14.230,,-0.024,,,,
608,10/19/19 01:15:38 AM,,,100.687,,,,,
609,10/19/19 01:17:18 AM,100.870,14.230,,-0.024,,,,
610,10/19/19 01:17:38 AM,,,100.676,,,,,
611,10/19/19 01:19:18 AM,100.870,14.230,,-0.024,,,,
612,10/19/19 01:19:38 AM,,,100.676,,,,,
613,10/19/19 01:21:18 AM,100.870,14.230,,-0.025,,,,
614,10/19/19 01:21:38 AM,,,100.687,,,,,
615,10/19/19 01:23:18 AM,100.879,14.134,,-0.024,,,,
616,10/19/19 01:23:38 AM,,,100.683,,,,,
617,10/19/19 01:25:18 AM,100.890,14.134,,-0.022,,,,
618,10/19/19 01:25:38 AM,,,100.672,,,,,
619,10/19/19 01:27:18 AM,100.890,14.134,,-0.023,,,,
620,10/19/19 01:27:38 AM,,,100.683,,,,,
621,10/19/19 01:29:18 AM,100.890,14.134,,-0.023,,,,
622,10/19/19 01:29:38 AM,,,100.683,,,,,
623,10/19/19 01:31:18 AM,100.879,14.134,,-0.025,,,,
624,10/19/19 01:31:38 AM,,,100.694,,,,,
625,10/19/19 01:33:18 AM,100.879,14.134,,-0.024,,,,
626,10/19/19 01:33:38 AM,,,100.683,,,,,
627,10/19/19 01:35:18 AM,100.879,14.134,,-0.023,,,,
628,10/19/19 01:35:38 AM,,,100.672,,,,,
629,10/19/19 01:37:18 AM,100.879,14.134,,-0.023,,,,
630,10/19/19 01:37:38 AM,,,100.672,,,,,
631,10/19/19 01:39:18 AM,100.864,14.038,,-0.024,,,,
632,10/19/19 01:39:38 AM,,,100.668,,,,,
633,10/19/19 01:41:18 AM,100.864,14.038,,-0.023,,,,
634,10/19/19 01:41:38 AM,,,100.657,,,,,
635,10/19/19 01:43:18 AM,100.875,14.038,,-0.024,,,,
636,10/19/19 01:43:38 AM,,,100.679,,,,,
637,10/19/19 01:45:18 AM,100.852,14.038,,-0.026,,,,
638,10/19/19 01:45:38 AM,,,100.679,,,,,
639,10/19/19 01:47:18 AM,100.864,14.038,,-0.026,,,,
640,10/19/19 01:47:38 AM,,,100.690,,,,,
641,10/19/19 01:49:18 AM,100.884,13.942,,-0.024,,,,
642,10/19/19 01:49:38 AM,,,100.690,,,,,
643,10/19/19 01:51:18 AM,100.884,13.942,,-0.025,,,,
644,10/19/19 01:51:38 AM,,,100.701,,,,,
645,10/19/19 01:53:18 AM,100.884,13.942,,-0.025,,,,
646,10/19/19 01:53:38 AM,,,100.697,,,,,
647,10/19/19 01:55:18 AM,100.895,13.942,,-0.022,,,,
648,10/19/19 01:55:38 AM,,,100.675,,,,,
649,10/19/19 01:57:18 AM,100.895,13.942,,-0.023,,,,
650,10/19/19 01:57:38 AM,,,100.697,,,,,
651,10/19/19 01:59:18 AM,100.895,13.942,,-0.023,,,,
652,10/19/19 01:59:38 AM,,,100.686,,,,,
653,10/19/19 02:01:18 AM,100.872,13.942,,-0.025,,,,
654,10/19/19 02:01:38 AM,,,100.686,,,,,
655,10/19/19 02:03:18 AM,100.884,13.942,,-0.024,,,,
656,10/19/19 02:03:38 AM,,,100.686,,,,,
657,10/19/19 02:05:18 AM,100.880,13.846,,-0.026,,,,
658,10/19/19 02:05:38 AM,,,100.704,,,,,
659,10/19/19 02:07:18 AM,100.869,13.846,,-0.025,,,,
660,10/19/19 02:07:38 AM,,,100.682,,,,,
661,10/19/19 02:09:18 AM,100.857,13.846,,-0.027,,,,
662,10/19/19 02:09:38 AM,,,100.693,,,,,
663,10/19/19 02:11:18 AM,100.880,13.846,,-0.024,,,,
664,10/19/19 02:11:38 AM,,,100.682,,,,,
665,10/19/19 02:13:18 AM,100.880,13.846,,-0.025,,,,
666,10/19/19 02:13:38 AM,,,100.693,,,,,
667,10/19/19 02:15:18 AM,100.904,13.846,,-0.021,,,,
668,10/19/19 02:15:38 AM,,,100.682,,,,,
669,10/19/19 02:17:18 AM,100.877,13.750,,-0.025,,,,
670,10/19/19 02:17:38 AM,,,100.693,,,,,
671,10/19/19 02:19:18 AM,100.889,13.750,,-0.023,,,,
672,10/19/19 02:19:38 AM,,,100.682,,,,,
673,10/19/19 02:21:18 AM,100.866,13.750,,-0.025,,,,
674,10/19/19 02:21:38 AM,,,100.682,,,,,
675,10/19/19 02:23:18 AM,100.854,13.750,,-0.026,,,,
676,10/19/19 02:23:38 AM,,,100.682,,,,,
677,10/19/19 02:25:18 AM,100.866,13.750,,-0.025,,,,
678,10/19/19 02:25:38 AM,,,100.678,,,,,
679,10/19/19 02:27:18 AM,100.901,13.750,,-0.021,,,,
680,10/19/19 02:27:38 AM,,,100.678,,,,,
681,10/19/19 02:29:18 AM,100.866,13.750,,-0.024,,,,
682,10/19/19 02:29:38 AM,,,100.667,,,,,
683,10/19/19 02:31:18 AM,100.854,13.750,,-0.025,,,,
684,10/19/19 02:31:38 AM,,,100.667,,,,,
685,10/19/19 02:33:18 AM,100.877,13.750,,-0.023,,,,
686,10/19/19 02:33:38 AM,,,100.667,,,,,
687,10/19/19 02:35:18 AM,100.877,13.750,,-0.023,,,,
688,10/19/19 02:35:38 AM,,,100.667,,,,,
689,10/19/19 02:37:18 AM,100.862,13.654,,-0.024,,,,
690,10/19/19 02:37:38 AM,,,100.667,,,,,
691,10/19/19 02:39:18 AM,100.874,13.654,,-0.023,,,,
692,10/19/19 02:39:38 AM,,,100.667,,,,,
693,10/19/19 02:41:18 AM,100.862,13.654,,-0.024,,,,
694,10/19/19 02:41:38 AM,,,100.667,,,,,
695,10/19/19 02:43:18 AM,100.851,13.654,,-0.024,,,,
696,10/19/19 02:43:38 AM,,,100.656,,,,,
697,10/19/19 02:45:18 AM,100.851,13.654,,-0.025,,,,
698,10/19/19 02:45:38 AM,,,100.663,,,,,
699,10/19/19 02:47:18 AM,100.839,13.654,,-0.027,,,,
700,10/19/19 02:47:38 AM,,,100.674,,,,,
701,10/19/19 02:49:18 AM,100.859,13.558,,-0.024,,,,
702,10/19/19 02:49:38 AM,,,100.663,,,,,
703,10/19/19 02:51:18 AM,100.859,13.558,,-0.022,,,,
704,10/19/19 02:51:38 AM,,,100.641,,,,,
705,10/19/19 02:53:18 AM,100.859,13.558,,-0.022,,,,
706,10/19/19 02:53:38 AM,,,100.641,,,,,
707,10/19/19 02:55:18 AM,100.859,13.558,,-0.024,,,,
708,10/19/19 02:55:38 AM,,,100.663,,,,,
709,10/19/19 02:57:18 AM,100.836,13.558,,-0.025,,,,
710,10/19/19 02:57:38 AM,,,100.652,,,,,
711,10/19/19 02:59:18 AM,100.859,13.558,,-0.023,,,,
712,10/19/19 02:59:38 AM,,,100.652,,,,,
713,10/19/19 03:01:18 AM,100.871,13.558,,-0.022,,,,
714,10/19/19 03:01:38 AM,,,100.652,,,,,
715,10/19/19 03:03:18 AM,100.832,13.461,,-0.026,,,,
716,10/19/19 03:03:38 AM,,,100.659,,,,,
717,10/19/19 03:05:18 AM,100.844,13.461,,-0.026,,,,
718,10/19/19 03:05:38 AM,,,100.670,,,,,
719,10/19/19 03:07:18 AM,100.844,13.461,,-0.024,,,,
720,10/19/19 03:07:38 AM,,,100.648,,,,,
721,10/19/19 03:09:18 AM,100.856,13.461,,-0.023,,,,
722,10/19/19 03:09:38 AM,,,100.648,,,,,
723,10/19/19 03:11:18 AM,100.867,13.461,,-0.022,,,,
724,10/19/19 03:11:38 AM,,,100.648,,,,,
725,10/19/19 03:13:18 AM,100.844,13.461,,-0.025,,,,
726,10/19/19 03:13:38 AM,,,100.659,,,,,
727,10/19/19 03:15:18 AM,100.832,13.461,,-0.025,,,,
728,10/19/19 03:15:38 AM,,,100.648,,,,,
729,10/19/19 03:17:18 AM,100.856,13.461,,-0.022,,,,
730,10/19/19 03:17:38 AM,,,100.638,,,,,
731,10/19/19 03:19:18 AM,100.841,13.365,,-0.023,,,,
732,10/19/19 03:19:38 AM,,,100.638,,,,,
733,10/19/19 03:21:18 AM,100.841,13.365,,-0.024,,,,
734,10/19/19 03:21:38 AM,,,100.648,,,,,
735,10/19/19 03:23:18 AM,100.852,13.365,,-0.024,,,,
736,10/19/19 03:23:38 AM,,,100.659,,,,,
737,10/19/19 03:25:18 AM,100.852,13.365,,-0.024,,,,
738,10/19/19 03:25:38 AM,,,100.656,,,,,
739,10/19/19 03:27:18 AM,100.852,13.365,,-0.023,,,,
740,10/19/19 03:27:38 AM,,,100.645,,,,,
741,10/19/19 03:29:18 AM,100.841,13.365,,-0.024,,,,
742,10/19/19 03:29:38 AM,,,100.645,,,,,
743,10/19/19 03:31:18 AM,100.852,13.365,,-0.023,,,,
744,10/19/19 03:31:38 AM,,,100.645,,,,,
745,10/19/19 03:33:18 AM,100.849,13.269,,-0.023,,,,
746,10/19/19 03:33:38 AM,,,100.645,,,,,
747,10/19/19 03:35:18 AM,100.849,13.269,,-0.024,,,,
748,10/19/19 03:35:38 AM,,,100.656,,,,,
749,10/19/19 03:37:18 AM,100.838,13.269,,-0.026,,,,
750,10/19/19 03:37:38 AM,,,100.666,,,,,
751,10/19/19 03:39:18 AM,100.861,13.269,,-0.023,,,,
752,10/19/19 03:39:38 AM,,,100.656,,,,,
753,10/19/19 03:41:18 AM,100.861,13.269,,-0.024,,,,
754,10/19/19 03:41:38 AM,,,100.666,,,,,
755,10/19/19 03:43:18 AM,100.872,13.269,,-0.022,,,,
756,10/19/19 03:43:38 AM,,,100.656,,,,,
757,10/19/19 03:45:18 AM,100.858,13.173,,-0.024,,,,
758,10/19/19 03:45:38 AM,,,100.666,,,,,
759,10/19/19 03:47:18 AM,100.881,13.173,,-0.022,,,,
760,10/19/19 03:47:38 AM,,,100.663,,,,,
761,10/19/19 03:49:18 AM,100.858,13.173,,-0.024,,,,
762,10/19/19 03:49:38 AM,,,100.663,,,,,
763,10/19/19 03:51:18 AM,100.858,13.173,,-0.025,,,,
764,10/19/19 03:51:38 AM,,,100.673,,,,,
765,10/19/19 03:53:18 AM,100.869,13.173,,-0.023,,,,
766,10/19/19 03:53:38 AM,,,100.663,,,,,
767,10/19/19 03:55:18 AM,100.878,13.076,,-0.022,,,,
768,10/19/19 03:55:38 AM,,,100.663,,,,,
769,10/19/19 03:57:18 AM,100.866,13.076,,-0.023,,,,
770,10/19/19 03:57:38 AM,,,100.663,,,,,
771,10/19/19 03:59:18 AM,100.866,13.076,,-0.023,,,,
772,10/19/19 03:59:38 AM,,,100.663,,,,,
773,10/19/19 04:01:18 AM,100.878,13.076,,-0.022,,,,
774,10/19/19 04:01:38 AM,,,100.663,,,,,
775,10/19/19 04:03:18 AM,100.854,13.076,,-0.024,,,,
776,10/19/19 04:03:38 AM,,,100.663,,,,,
777,10/19/19 04:05:18 AM,100.854,13.076,,-0.025,,,,
778,10/19/19 04:05:38 AM,,,100.673,,,,,
779,10/19/19 04:07:18 AM,100.863,12.980,,-0.025,,,,
780,10/19/19 04:07:38 AM,,,100.673,,,,,
781,10/19/19 04:09:18 AM,100.828,12.980,,-0.026,,,,
782,10/19/19 04:09:38 AM,,,100.652,,,,,
783,10/19/19 04:11:18 AM,100.839,12.980,,-0.025,,,,
784,10/19/19 04:11:38 AM,,,100.652,,,,,
785,10/19/19 04:13:18 AM,100.816,12.980,,-0.027,,,,
786,10/19/19 04:13:38 AM,,,100.652,,,,,
787,10/19/19 04:15:18 AM,100.828,12.980,,-0.027,,,,
788,10/19/19 04:15:38 AM,,,100.663,,,,,
789,10/19/19 04:17:18 AM,100.828,12.980,,-0.027,,,,
790,10/19/19 04:17:38 AM,,,100.659,,,,,
791,10/19/19 04:19:18 AM,100.851,12.980,,-0.022,,,,
792,10/19/19 04:19:38 AM,,,100.637,,,,,
793,10/19/19 04:21:18 AM,100.839,12.980,,-0.024,,,,
794,10/19/19 04:21:38 AM,,,100.648,,,,,
795,10/19/19 04:23:18 AM,100.824,12.883,,-0.027,,,,
796,10/19/19 04:23:38 AM,,,100.659,,,,,
797,10/19/19 04:25:18 AM,100.836,12.883,,-0.026,,,,
798,10/19/19 04:25:38 AM,,,100.659,,,,,
799,10/19/19 04:27:18 AM,100.871,12.883,,-0.020,,,,
800,10/19/19 04:27:38 AM,,,100.637,,,,,
801,10/19/19 04:29:18 AM,100.836,12.883,,-0.026,,,,
802,10/19/19 04:29:38 AM,,,100.659,,,,,
803,10/19/19 04:31:18 AM,100.824,12.883,,-0.026,,,,
804,10/19/19 04:31:38 AM,,,100.648,,,,,
805,10/19/19 04:33:18 AM,100.813,12.883,,-0.027,,,,
806,10/19/19 04:33:38 AM,,,100.648,,,,,
807,10/19/19 04:35:18 AM,100.836,12.883,,-0.024,,,,
808,10/19/19 04:35:38 AM,,,100.637,,,,,
809,10/19/19 04:37:18 AM,100.844,12.787,,-0.024,,,,
810,10/19/19 04:37:38 AM,,,100.648,,,,,
811,10/19/19 04:39:18 AM,100.833,12.787,,-0.026,,,,
812,10/19/19 04:39:38 AM,,,100.659,,,,,
813,10/19/19 04:41:18 AM,100.844,12.787,,-0.025,,,,
814,10/19/19 04:41:38 AM,,,100.659,,,,,
815,10/19/19 04:43:18 AM,100.798,12.787,,-0.028,,,,
816,10/19/19 04:43:38 AM,,,100.644,,,,,
817,10/19/19 04:45:18 AM,100.833,12.787,,-0.024,,,,
818,10/19/19 04:45:38 AM,,,100.633,,,,,
819,10/19/19 04:47:18 AM,100.821,12.787,,-0.027,,,,
820,10/19/19 04:47:38 AM,,,100.655,,,,,
821,10/19/19 04:49:18 AM,100.833,12.787,,-0.026,,,,
822,10/19/19 04:49:38 AM,,,100.655,,,,,
823,10/19/19 04:51:18 AM,100.833,12.787,,-0.025,,,,
824,10/19/19 04:51:38 AM,,,100.644,,,,,
825,10/19/19 04:53:18 AM,100.830,12.690,,-0.026,,,,
826,10/19/19 04:53:38 AM,,,100.655,,,,,
827,10/19/19 04:55:18 AM,100.841,12.690,,-0.024,,,,
828,10/19/19 04:55:38 AM,,,100.644,,,,,
829,10/19/19 04:57:18 AM,100.818,12.690,,-0.027,,,,
830,10/19/19 04:57:38 AM,,,100.655,,,,,
831,10/19/19 04:59:18 AM,100.841,12.690,,-0.024,,,,
832,10/19/19 04:59:38 AM,,,100.644,,,,,
833,10/19/19 05:01:18 AM,100.853,12.690,,-0.023,,,,
834,10/19/19 05:01:38 AM,,,100.644,,,,,
835,10/19/19 05:03:18 AM,100.841,12.690,,-0.024,,,,
836,10/19/19 05:03:38 AM,,,100.644,,,,,
837,10/19/19 05:05:18 AM,100.841,12.690,,-0.026,,,,
838,10/19/19 05:05:38 AM,,,100.666,,,,,
839,10/19/19 05:07:18 AM,100.864,12.690,,-0.023,,,,
840,10/19/19 05:07:38 AM,,,100.655,,,,,
841,10/19/19 05:09:18 AM,100.841,12.690,,-0.027,,,,
842,10/19/19 05:09:38 AM,,,100.677,,,,,
843,10/19/19 05:11:18 AM,100.841,12.690,,-0.027,,,,
844,10/19/19 05:11:38 AM,,,100.673,,,,,
845,10/19/19 05:13:18 AM,100.838,12.594,,-0.026,,,,
846,10/19/19 05:13:38 AM,,,100.662,,,,,
847,10/19/19 05:15:18 AM,100.861,12.594,,-0.024,,,,
848,10/19/19 05:15:38 AM,,,100.662,,,,,
849,10/19/19 05:17:18 AM,100.861,12.594,,-0.025,,,,
850,10/19/19 05:17:38 AM,,,100.673,,,,,
851,10/19/19 05:19:18 AM,100.861,12.594,,-0.025,,,,
852,10/19/19 05:19:38 AM,,,100.673,,,,,
853,10/19/19 05:21:18 AM,100.885,12.594,,-0.022,,,,
854,10/19/19 05:21:38 AM,,,100.673,,,,,
855,10/19/19 05:23:18 AM,100.873,12.594,,-0.024,,,,
856,10/19/19 05:23:38 AM,,,100.673,,,,,
857,10/19/19 05:25:18 AM,100.861,12.594,,-0.025,,,,
858,10/19/19 05:25:38 AM,,,100.673,,,,,
859,10/19/19 05:27:18 AM,100.873,12.594,,-0.024,,,,
860,10/19/19 05:27:38 AM,,,100.684,,,,,
861,10/19/19 05:29:18 AM,100.846,12.497,,-0.027,,,,
862,10/19/19 05:29:38 AM,,,100.684,,,,,
863,10/19/19 05:31:18 AM,100.870,12.497,,-0.026,,,,
864,10/19/19 05:31:38 AM,,,100.691,,,,,
865,10/19/19 05:33:18 AM,100.870,12.497,,-0.027,,,,
866,10/19/19 05:33:38 AM,,,100.702,,,,,
867,10/19/19 05:35:18 AM,100.870,12.497,,-0.026,,,,
868,10/19/19 05:35:38 AM,,,100.691,,,,,
869,10/19/19 05:37:18 AM,100.881,12.497,,-0.025,,,,
870,10/19/19 05:37:38 AM,,,100.702,,,,,
871,10/19/19 05:39:18 AM,100.901,12.401,,-0.024,,,,
872,10/19/19 05:39:38 AM,,,100.702,,,,,
873,10/19/19 05:41:18 AM,100.890,12.401,,-0.025,,,,
874,10/19/19 05:41:38 AM,,,100.702,,,,,
875,10/19/19 05:43:18 AM,100.901,12.401,,-0.024,,,,
876,10/19/19 05:43:38 AM,,,100.712,,,,,
877,10/19/19 05:45:18 AM,100.901,12.401,,-0.025,,,,
878,10/19/19 05:45:38 AM,,,100.712,,,,,
879,10/19/19 05:47:18 AM,100.890,12.401,,-0.028,,,,
880,10/19/19 05:47:38 AM,,,100.734,,,,,
881,10/19/19 05:49:18 AM,100.890,12.401,,-0.027,,,,
882,10/19/19 05:49:38 AM,,,100.723,,,,,
883,10/19/19 05:51:18 AM,100.875,12.304,,-0.030,,,,
884,10/19/19 05:51:38 AM,,,100.745,,,,,
885,10/19/19 05:53:18 AM,100.898,12.304,,-0.027,,,,
886,10/19/19 05:53:38 AM,,,100.730,,,,,
887,10/19/19 05:55:18 AM,100.898,12.304,,-0.027,,,,
888,10/19/19 05:55:38 AM,,,100.730,,,,,
889,10/19/19 05:57:18 AM,100.875,12.304,,-0.029,,,,
890,10/19/19 05:57:38 AM,,,100.730,,,,,
891,10/19/19 05:59:18 AM,100.898,12.304,,-0.026,,,,
892,10/19/19 05:59:38 AM,,,100.719,,,,,
893,10/19/19 06:01:18 AM,100.898,12.304,,-0.027,,,,
894,10/19/19 06:01:38 AM,,,100.730,,,,,
895,10/19/19 06:03:18 AM,100.910,12.304,,-0.027,,,,
896,10/19/19 06:03:38 AM,,,100.752,,,,,
897,10/19/19 06:05:18 AM,100.910,12.304,,-0.029,,,,
898,10/19/19 06:05:38 AM,,,100.763,,,,,
899,10/19/19 06:07:18 AM,100.921,12.304,,-0.028,,,,
900,10/19/19 06:07:38 AM,,,100.763,,,,,
901,10/19/19 06:09:18 AM,100.930,12.207,,-0.026,,,,
902,10/19/19 06:09:38 AM,,,100.752,,,,,
903,10/19/19 06:11:18 AM,100.921,12.304,,-0.027,,,,
904,10/19/19 06:11:38 AM,,,100.752,,,,,
905,10/19/19 06:13:18 AM,100.933,12.304,,-0.026,,,,
906,10/19/19 06:13:38 AM,,,100.763,,,,,
907,10/19/19 06:15:18 AM,100.918,12.207,,-0.028,,,,
908,10/19/19 06:15:38 AM,,,100.763,,,,,
909,10/19/19 06:17:18 AM,100.906,12.207,,-0.029,,,,
910,10/19/19 06:17:38 AM,,,100.763,,,,,
911,10/19/19 06:19:18 AM,100.941,12.207,,-0.026,,,,
912,10/19/19 06:19:38 AM,,,100.770,,,,,
913,10/19/19 06:21:18 AM,100.930,12.207,,-0.028,,,,
914,10/19/19 06:21:38 AM,,,100.770,,,,,
915,10/19/19 06:23:18 AM,100.941,12.207,,-0.026,,,,
916,10/19/19 06:23:38 AM,,,100.759,,,,,
917,10/19/19 06:25:18 AM,100.945,12.304,,-0.025,,,,
918,10/19/19 06:25:38 AM,,,100.759,,,,,
919,10/19/19 06:27:18 AM,100.921,12.304,,-0.028,,,,
920,10/19/19 06:27:38 AM,,,100.770,,,,,
921,10/19/19 06:29:18 AM,100.945,12.304,,-0.027,,,,
922,10/19/19 06:29:38 AM,,,100.781,,,,,
923,10/19/19 06:31:18 AM,100.933,12.304,,-0.029,,,,
924,10/19/19 06:31:38 AM,,,100.792,,,,,
925,10/19/19 06:33:18 AM,100.956,12.304,,-0.026,,,,
926,10/19/19 06:33:38 AM,,,100.781,,,,,
927,10/19/19 06:35:18 AM,100.933,12.304,,-0.029,,,,
928,10/19/19 06:35:38 AM,,,100.792,,,,,
929,10/19/19 06:37:18 AM,100.945,12.304,,-0.028,,,,
930,10/19/19 06:37:38 AM,,,100.792,,,,,
931,10/19/19 06:39:18 AM,100.968,12.304,,-0.026,,,,
932,10/19/19 06:39:38 AM,,,100.792,,,,,
933,10/19/19 06:41:18 AM,100.980,12.304,,-0.026,,,,
934,10/19/19 06:41:38 AM,,,100.803,,,,,
935,10/19/19 06:43:18 AM,100.980,12.304,,-0.025,,,,
936,10/19/19 06:43:38 AM,,,100.792,,,,,
937,10/19/19 06:45:18 AM,100.968,12.304,,-0.027,,,,
938,10/19/19 06:45:38 AM,,,100.803,,,,,
939,10/19/19 06:47:18 AM,100.956,12.304,,-0.029,,,,
940,10/19/19 06:47:38 AM,,,100.814,,,,,
941,10/19/19 06:49:18 AM,100.968,12.304,,-0.027,,,,
942,10/19/19 06:49:38 AM,,,100.803,,,,,
943,10/19/19 06:51:18 AM,100.983,12.401,,-0.027,,,,
944,10/19/19 06:51:38 AM,,,100.814,,,,,
945,10/19/19 06:53:18 AM,100.971,12.401,,-0.028,,,,
946,10/19/19 06:53:38 AM,,,100.814,,,,,
947,10/19/19 06:55:18 AM,100.960,12.401,,-0.028,,,,
948,10/19/19 06:55:38 AM,,,100.803,,,,,
949,10/19/19 06:57:18 AM,100.995,12.401,,-0.024,,,,
950,10/19/19 06:57:38 AM,,,100.803,,,,,
951,10/19/19 06:59:18 AM,100.971,12.401,,-0.026,,,,
952,10/19/19 06:59:38 AM,,,100.792,,,,,
953,10/19/19 07:01:18 AM,100.995,12.401,,-0.024,,,,
954,10/19/19 07:01:38 AM,,,100.796,,,,,
955,10/19/19 07:03:18 AM,100.971,12.401,,-0.027,,,,
956,10/19/19 07:03:38 AM,,,100.807,,,,,
957,10/19/19 07:05:18 AM,101.006,12.401,,-0.024,,,,
958,10/19/19 07:05:38 AM,,,100.817,,,,,
959,10/19/19 07:07:18 AM,100.995,12.401,,-0.026,,,,
960,10/19/19 07:07:38 AM,,,100.817,,,,,
961,10/19/19 07:09:18 AM,101.006,12.401,,-0.026,,,,
962,10/19/19 07:09:38 AM,,,100.828,,,,,
963,10/19/19 07:11:18 AM,101.010,12.497,,-0.024,,,,
964,10/19/19 07:11:38 AM,,,100.817,,,,,
965,10/19/19 07:13:18 AM,101.010,12.497,,-0.025,,,,
966,10/19/19 07:13:38 AM,,,100.828,,,,,
967,10/19/19 07:15:18 AM,101.013,12.594,,-0.025,,,,
968,10/19/19 07:15:38 AM,,,100.828,,,,,
969,10/19/19 07:17:18 AM,101.013,12.594,,-0.025,,,,
970,10/19/19 07:17:38 AM,,,100.828,,,,,
971,10/19/19 07:19:18 AM,101.013,12.594,,-0.025,,,,
972,10/19/19 07:19:38 AM,,,100.828,,,,,
973,10/19/19 07:21:18 AM,101.016,12.690,,-0.025,,,,
974,10/19/19 07:21:38 AM,,,100.828,,,,,
975,10/19/19 07:23:18 AM,101.016,12.690,,-0.025,,,,
976,10/19/19 07:23:38 AM,,,100.828,,,,,
977,10/19/19 07:25:18 AM,100.993,12.690,,-0.027,,,,
978,10/19/19 07:25:38 AM,,,100.824,,,,,
979,10/19/19 07:27:18 AM,101.031,12.787,,-0.023,,,,
980,10/19/19 07:27:38 AM,,,100.824,,,,,
981,10/19/19 07:29:18 AM,101.008,12.787,,-0.025,,,,
982,10/19/19 07:29:38 AM,,,100.824,,,,,
983,10/19/19 07:31:18 AM,101.023,12.883,,-0.024,,,,
984,10/19/19 07:31:38 AM,,,100.824,,,,,
985,10/19/19 07:33:18 AM,101.023,12.883,,-0.024,,,,
986,10/19/19 07:33:38 AM,,,100.824,,,,,
987,10/19/19 07:35:18 AM,101.011,12.883,,-0.026,,,,
988,10/19/19 07:35:38 AM,,,100.835,,,,,
989,10/19/19 07:37:18 AM,101.014,12.980,,-0.025,,,,
990,10/19/19 07:37:38 AM,,,100.824,,,,,
991,10/19/19 07:39:18 AM,101.026,12.980,,-0.023,,,,
992,10/19/19 07:39:38 AM,,,100.824,,,,,
993,10/19/19 07:41:18 AM,101.026,12.980,,-0.025,,,,
994,10/19/19 07:41:38 AM,,,100.839,,,,,
995,10/19/19 07:43:18 AM,101.018,13.076,,-0.028,,,,
996,10/19/19 07:43:38 AM,,,100.861,,,,,
997,10/19/19 07:45:18 AM,101.029,13.076,,-0.026,,,,
998,10/19/19 07:45:38 AM,,,100.850,,,,,
999,10/19/19 07:47:18 AM,101.018,13.076,,-0.027,,,,
1000,10/19/19 07:47:38 AM,,,100.854,,,,,
1001,10/19/19 07:49:18 AM,101.033,13.173,,-0.027,,,,
1002,10/19/19 07:49:38 AM,,,100.865,,,,,
1003,10/19/19 07:51:18 AM,101.033,13.173,,-0.026,,,,
1004,10/19/19 07:51:38 AM,,,100.854,,,,,
1005,10/19/19 07:53:18 AM,101.047,13.269,,-0.025,,,,
1006,10/19/19 07:53:38 AM,,,100.858,,,,,
1007,10/19/19 07:55:18 AM,101.024,13.269,,-0.027,,,,
1008,10/19/19 07:55:38 AM,,,100.858,,,,,
1009,10/19/19 07:57:18 AM,101.012,13.269,,-0.028,,,,
1010,10/19/19 07:57:38 AM,,,100.858,,,,,
1011,10/19/19 07:59:18 AM,101.027,13.365,,-0.028,,,,
1012,10/19/19 07:59:38 AM,,,100.873,,,,,
1013,10/19/19 08:01:18 AM,101.027,13.365,,-0.027,,,,
1014,10/19/19 08:01:38 AM,,,100.862,,,,,
1015,10/19/19 08:03:18 AM,101.042,13.461,,-0.025,,,,
1016,10/19/19 08:03:38 AM,,,100.855,,,,,
1017,10/19/19 08:05:18 AM,101.007,13.461,,-0.029,,,,
1018,10/19/19 08:05:38 AM,,,100.866,,,,,
1019,10/19/19 08:07:18 AM,101.034,13.558,,-0.027,,,,
1020,10/19/19 08:07:38 AM,,,100.866,,,,,
1021,10/19/19 08:09:18 AM,101.046,13.558,,-0.025,,,,
1022,10/19/19 08:09:38 AM,,,100.859,,,,,
1023,10/19/19 08:11:18 AM,101.049,13.654,,-0.025,,,,
1024,10/19/19 08:11:38 AM,,,100.869,,,,,
1025,10/19/19 08:13:18 AM,101.037,13.654,,-0.028,,,,
1026,10/19/19 08:13:38 AM,,,100.884,,,,,
1027,10/19/19 08:15:18 AM,101.052,13.750,,-0.027,,,,
1028,10/19/19 08:15:38 AM,,,100.884,,,,,
1029,10/19/19 08:17:18 AM,101.076,13.750,,-0.025,,,,
1030,10/19/19 08:17:38 AM,,,100.895,,,,,
1031,10/19/19 08:19:18 AM,101.044,13.846,,-0.029,,,,
1032,10/19/19 08:19:38 AM,,,100.899,,,,,
1033,10/19/19 08:21:18 AM,101.055,13.846,,-0.028,,,,
1034,10/19/19 08:21:38 AM,,,100.899,,,,,
1035,10/19/19 08:23:18 AM,101.082,13.942,,-0.027,,,,
1036,10/19/19 08:23:38 AM,,,100.914,,,,,
1037,10/19/19 08:25:18 AM,101.082,13.942,,-0.028,,,,
1038,10/19/19 08:25:38 AM,,,100.925,,,,,
1039,10/19/19 08:27:18 AM,101.070,13.942,,-0.026,,,,
1040,10/19/19 08:27:38 AM,,,100.892,,,,,
1041,10/19/19 08:29:18 AM,101.085,14.038,,-0.026,,,,
1042,10/19/19 08:29:38 AM,,,100.907,,,,,
1043,10/19/19 08:31:18 AM,101.085,14.038,,-0.026,,,,
1044,10/19/19 08:31:38 AM,,,100.907,,,,,
1045,10/19/19 08:33:18 AM,101.074,14.038,,-0.028,,,,
1046,10/19/19 08:33:38 AM,,,100.918,,,,,
1047,10/19/19 08:35:18 AM,101.065,14.134,,-0.028,,,,
1048,10/19/19 08:35:38 AM,,,100.911,,,,,
1049,10/19/19 08:37:18 AM,101.077,14.134,,-0.026,,,,
1050,10/19/19 08:37:38 AM,,,100.900,,,,,
1051,10/19/19 08:39:18 AM,101.045,14.230,,-0.030,,,,
1052,10/19/19 08:39:38 AM,,,100.911,,,,,
1053,10/19/19 08:41:18 AM,101.060,14.325,,-0.030,,,,
1054,10/19/19 08:41:38 AM,,,100.925,,,,,
1055,10/19/19 08:43:18 AM,101.084,14.325,,-0.026,,,,
1056,10/19/19 08:43:38 AM,,,100.904,,,,,
1057,10/19/19 08:45:18 AM,101.075,14.421,,-0.027,,,,
1058,10/19/19 08:45:38 AM,,,100.915,,,,,
1059,10/19/19 08:47:18 AM,101.064,14.421,,-0.029,,,,
1060,10/19/19 08:47:38 AM,,,100.915,,,,,
1061,10/19/19 08:49:18 AM,101.078,14.517,,-0.027,,,,
1062,10/19/19 08:49:38 AM,,,100.908,,,,,
1063,10/19/19 08:51:18 AM,101.078,14.517,,-0.026,,,,
1064,10/19/19 08:51:38 AM,,,100.897,,,,,
1065,10/19/19 08:53:18 AM,101.058,14.613,,-0.029,,,,
1066,10/19/19 08:53:38 AM,,,100.918,,,,,
1067,10/19/19 08:55:18 AM,101.073,14.709,,-0.026,,,,
1068,10/19/19 08:55:38 AM,,,100.897,,,,,
1069,10/19/19 08:57:18 AM,101.062,14.709,,-0.027,,,,
1070,10/19/19 08:57:38 AM,,,100.901,,,,,
1071,10/19/19 08:59:18 AM,101.077,14.804,,-0.026,,,,
1072,10/19/19 08:59:38 AM,,,100.901,,,,,
1073,10/19/19 09:01:18 AM,101.068,14.900,,-0.027,,,,
1074,10/19/19 09:01:38 AM,,,100.901,,,,,
1075,10/19/19 09:03:18 AM,101.080,14.900,,-0.026,,,,
1076,10/19/19 09:03:38 AM,,,100.901,,,,,
1077,10/19/19 09:05:18 AM,101.083,14.996,,-0.026,,,,
1078,10/19/19 09:05:38 AM,,,100.904,,,,,
1079,10/19/19 09:07:18 AM,101.060,14.996,,-0.029,,,,
1080,10/19/19 09:07:38 AM,,,100.915,,,,,
1081,10/19/19 09:09:18 AM,101.075,15.091,,-0.027,,,,
1082,10/19/19 09:09:38 AM,,,100.904,,,,,
1083,10/19/19 09:11:18 AM,101.075,15.091,,-0.027,,,,
1084,10/19/19 09:11:38 AM,,,100.915,,,,,
1085,10/19/19 09:13:18 AM,101.090,15.187,,-0.027,,,,
1086,10/19/19 09:13:38 AM,,,100.926,,,,,
1087,10/19/19 09:15:18 AM,101.078,15.187,,-0.029,,,,
1088,10/19/19 09:15:38 AM,,,100.930,,,,,
1089,10/19/19 09:17:18 AM,101.081,15.282,,-0.029,,,,
1090,10/19/19 09:17:38 AM,,,100.941,,,,,
1091,10/19/19 09:19:18 AM,101.085,15.378,,-0.027,,,,
1092,10/19/19 09:19:38 AM,,,100.919,,,,,
1093,10/19/19 09:21:18 AM,101.076,15.473,,-0.028,,,,
1094,10/19/19 09:21:38 AM,,,100.919,,,,,
1095,10/19/19 09:23:18 AM,101.091,15.569,,-0.027,,,,
1096,10/19/19 09:23:38 AM,,,100.930,,,,,
1097,10/19/19 09:25:18 AM,101.071,15.664,,-0.030,,,,
1098,10/19/19 09:25:38 AM,,,100.934,,,,,
1099,10/19/19 09:27:18 AM,101.071,15.664,,-0.030,,,,
1100,10/19/19 09:27:38 AM,,,100.934,,,,,
1101,10/19/19 09:29:18 AM,101.098,15.760,,-0.028,,,,
1102,10/19/19 09:29:38 AM,,,100.945,,,,,
1103,10/19/19 09:31:18 AM,101.113,15.855,,-0.026,,,,
1104,10/19/19 09:31:38 AM,,,100.934,,,,,
1105,10/19/19 09:33:18 AM,101.090,15.855,,-0.029,,,,
1106,10/19/19 09:33:38 AM,,,100.945,,,,,
1107,10/19/19 09:35:18 AM,101.108,16.046,,-0.027,,,,
1108,10/19/19 09:35:38 AM,,,100.945,,,,,
1109,10/19/19 09:37:18 AM,101.088,16.141,,-0.029,,,,
1110,10/19/19 09:37:38 AM,,,100.938,,,,,
1111,10/19/19 09:39:18 AM,101.083,16.332,,-0.029,,,,
1112,10/19/19 09:39:38 AM,,,100.938,,,,,
1113,10/19/19 09:41:18 AM,101.081,16.618,,-0.029,,,,
1114,10/19/19 09:41:38 AM,,,100.938,,,,,
1115,10/19/19 09:43:18 AM,101.088,16.808,,-0.028,,,,
1116,10/19/19 09:43:38 AM,,,100.927,,,,,
1117,10/19/19 09:45:18 AM,101.109,17.094,,-0.025,,,,
1118,10/19/19 09:45:38 AM,,,100.927,,,,,
1119,10/19/19 09:47:18 AM,101.081,17.284,,-0.029,,,,
1120,10/19/19 09:47:38 AM,,,100.938,,,,,
1121,10/19/19 09:49:18 AM,101.099,17.475,,-0.026,,,,
1122,10/19/19 09:49:38 AM,,,100.916,,,,,
1123,10/19/19 09:51:18 AM,101.106,17.665,,-0.026,,,,
1124,10/19/19 09:51:38 AM,,,100.938,,,,,
1125,10/19/19 09:53:18 AM,101.121,17.760,,-0.025,,,,
1126,10/19/19 09:53:38 AM,,,100.931,,,,,
1127,10/19/19 09:55:18 AM,101.104,17.950,,-0.026,,,,
1128,10/19/19 09:55:38 AM,,,100.931,,,,,
1129,10/19/19 09:57:18 AM,101.096,18.045,,-0.028,,,,
1130,10/19/19 09:57:38 AM,,,100.942,,,,,
1131,10/19/19 09:59:18 AM,101.102,18.236,,-0.027,,,,
1132,10/19/19 09:59:38 AM,,,100.931,,,,,
1133,10/19/19 10:01:18 AM,101.097,18.426,,-0.027,,,,
1134,10/19/19 10:01:38 AM,,,100.931,,,,,
1135,10/19/19 10:03:18 AM,101.069,18.616,,-0.030,,,,
1136,10/19/19 10:03:38 AM,,,100.931,,,,,
1137,10/19/19 10:05:18 AM,101.087,18.806,,-0.028,,,,
1138,10/19/19 10:05:38 AM,,,100.931,,,,,
1139,10/19/19 10:07:18 AM,101.090,18.901,,-0.027,,,,
1140,10/19/19 10:07:38 AM,,,100.924,,,,,
1141,10/19/19 10:09:18 AM,101.094,18.996,,-0.027,,,,
1142,10/19/19 10:09:38 AM,,,100.924,,,,,
1143,10/19/19 10:11:18 AM,101.097,19.092,,-0.026,,,,
1144,10/19/19 10:11:38 AM,,,100.924,,,,,
1145,10/19/19 10:13:18 AM,101.092,19.282,,-0.028,,,,
1146,10/19/19 10:13:38 AM,,,100.935,,,,,
1147,10/19/19 10:15:18 AM,101.092,19.282,,-0.027,,,,
1148,10/19/19 10:15:38 AM,,,100.924,,,,,
1149,10/19/19 10:17:18 AM,101.095,19.377,,-0.026,,,,
1150,10/19/19 10:17:38 AM,,,100.924,,,,,
1151,10/19/19 10:19:18 AM,101.075,19.472,,-0.029,,,,
1152,10/19/19 10:19:38 AM,,,100.924,,,,,
1153,10/19/19 10:21:18 AM,101.087,19.472,,-0.028,,,,
1154,10/19/19 10:21:38 AM,,,100.935,,,,,
1155,10/19/19 10:23:18 AM,101.090,19.567,,-0.027,,,,
1156,10/19/19 10:23:38 AM,,,100.924,,,,,
1157,10/19/19 10:25:18 AM,101.082,19.662,,-0.027,,,,
1158,10/19/19 10:25:38 AM,,,100.917,,,,,
1159,10/19/19 10:27:18 AM,101.085,19.758,,-0.026,,,,
1160,10/19/19 10:27:38 AM,,,100.906,,,,,
1161,10/19/19 10:29:18 AM,101.085,19.758,,-0.027,,,,
1162,10/19/19 10:29:38 AM,,,100.917,,,,,
1163,10/19/19 10:31:18 AM,101.077,19.853,,-0.027,,,,
1164,10/19/19 10:31:38 AM,,,100.906,,,,,
1165,10/19/19 10:33:18 AM,101.104,19.948,,-0.026,,,,
1166,10/19/19 10:33:38 AM,,,100.928,,,,,
1167,10/19/19 10:35:18 AM,101.081,19.948,,-0.029,,,,
1168,10/19/19 10:35:38 AM,,,100.939,,,,,
1169,10/19/19 10:37:18 AM,101.096,20.043,,-0.026,,,,
1170,10/19/19 10:37:38 AM,,,100.917,,,,,
1171,10/19/19 10:39:18 AM,101.096,20.043,,-0.026,,,,
1172,10/19/19 10:39:38 AM,,,100.917,,,,,
1173,10/19/19 10:41:18 AM,101.099,20.138,,-0.025,,,,
1174,10/19/19 10:41:38 AM,,,100.917,,,,,
1175,10/19/19 10:43:18 AM,101.079,20.234,,-0.026,,,,
1176,10/19/19 10:43:38 AM,,,100.906,,,,,
1177,10/19/19 10:45:18 AM,101.082,20.329,,-0.025,,,,
1178,10/19/19 10:45:38 AM,,,100.899,,,,,
1179,10/19/19 10:47:18 AM,101.074,20.424,,-0.028,,,,
1180,10/19/19 10:47:38 AM,,,100.921,,,,,
1181,10/19/19 10:49:18 AM,101.077,20.519,,-0.028,,,,
1182,10/19/19 10:49:38 AM,,,100.921,,,,,
1183,10/19/19 10:51:18 AM,101.077,20.519,,-0.027,,,,
1184,10/19/19 10:51:38 AM,,,100.910,,,,,
1185,10/19/19 10:53:18 AM,101.057,20.615,,-0.029,,,,
1186,10/19/19 10:53:38 AM,,,100.910,,,,,
1187,10/19/19 10:55:18 AM,101.072,20.710,,-0.026,,,,
1188,10/19/19 10:55:38 AM,,,100.899,,,,,
1189,10/19/19 10:57:18 AM,101.052,20.805,,-0.027,,,,
1190,10/19/19 10:57:38 AM,,,100.888,,,,,
1191,10/19/19 10:59:18 AM,101.067,20.901,,-0.026,,,,
1192,10/19/19 10:59:38 AM,,,100.888,,,,,
1193,10/19/19 11:01:18 AM,101.059,20.996,,-0.027,,,,
1194,10/19/19 11:01:38 AM,,,100.899,,,,,
1195,10/19/19 11:03:18 AM,101.051,21.091,,-0.027,,,,
1196,10/19/19 11:03:38 AM,,,100.888,,,,,
1197,10/19/19 11:05:18 AM,101.078,21.187,,-0.024,,,,
1198,10/19/19 11:05:38 AM,,,100.881,,,,,
1199,10/19/19 11:07:18 AM,101.058,21.282,,-0.027,,,,
1200,10/19/19 11:07:38 AM,,,100.892,,,,,
1201,10/19/19 11:09:18 AM,101.058,21.282,,-0.028,,,,
1202,10/19/19 11:09:38 AM,,,100.903,,,,,
1203,10/19/19 11:11:18 AM,101.049,21.378,,-0.028,,,,
1204,10/19/19 11:11:38 AM,,,100.892,,,,,
1205,10/19/19 11:13:18 AM,101.061,21.378,,-0.027,,,,
1206,10/19/19 11:13:38 AM,,,100.892,,,,,
1207,10/19/19 11:15:18 AM,101.049,21.378,,-0.028,,,,
1208,10/19/19 11:15:38 AM,,,100.892,,,,,
1209,10/19/19 11:17:18 AM,101.038,21.378,,-0.029,,,,
1210,10/19/19 11:17:38 AM,,,100.892,,,,,
1211,10/19/19 11:19:18 AM,101.061,21.378,,-0.026,,,,
1212,10/19/19 11:19:38 AM,,,100.881,,,,,
1213,10/19/19 11:21:18 AM,101.041,21.473,,-0.028,,,,
1214,10/19/19 11:21:38 AM,,,100.881,,,,,
1215,10/19/19 11:23:18 AM,101.056,21.569,,-0.026,,,,
1216,10/19/19 11:23:38 AM,,,100.881,,,,,
1217,10/19/19 11:25:18 AM,101.056,21.569,,-0.026,,,,
1218,10/19/19 11:25:38 AM,,,100.885,,,,,
1219,10/19/19 11:27:18 AM,101.048,21.664,,-0.025,,,,
1220,10/19/19 11:27:38 AM,,,100.863,,,,,
1221,10/19/19 11:29:18 AM,101.031,21.855,,-0.028,,,,
1222,10/19/19 11:29:38 AM,,,100.874,,,,,
1223,10/19/19 11:31:18 AM,101.046,21.951,,-0.025,,,,
1224,10/19/19 11:31:38 AM,,,100.863,,,,,
1225,10/19/19 11:33:18 AM,101.038,22.046,,-0.026,,,,
1226,10/19/19 11:33:38 AM,,,100.863,,,,,
1227,10/19/19 11:35:18 AM,101.006,22.142,,-0.031,,,,
1228,10/19/19 11:35:38 AM,,,100.885,,,,,
1229,10/19/19 11:37:18 AM,101.041,22.142,,-0.027,,,,
1230,10/19/19 11:37:38 AM,,,100.874,,,,,
1231,10/19/19 11:39:18 AM,101.033,22.238,,-0.028,,,,
1232,10/19/19 11:39:38 AM,,,100.874,,,,,
1233,10/19/19 11:41:18 AM,101.033,22.238,,-0.027,,,,
1234,10/19/19 11:41:38 AM,,,100.863,,,,,
1235,10/19/19 11:43:18 AM,101.025,22.333,,-0.026,,,,
1236,10/19/19 11:43:38 AM,,,100.852,,,,,
1237,10/19/19 11:45:18 AM,101.025,22.333,,-0.027,,,,
1238,10/19/19 11:45:38 AM,,,100.863,,,,,
1239,10/19/19 11:47:18 AM,101.013,22.333,,-0.027,,,,
1240,10/19/19 11:47:38 AM,,,100.841,,,,,
1241,10/19/19 11:49:18 AM,101.013,22.333,,-0.028,,,,
1242,10/19/19 11:49:38 AM,,,100.856,,,,,
1243,10/19/19 11:51:18 AM,100.993,22.429,,-0.031,,,,
1244,10/19/19 11:51:38 AM,,,100.867,,,,,
1245,10/19/19 11:53:18 AM,100.993,22.429,,-0.029,,,,
1246,10/19/19 11:53:38 AM,,,100.845,,,,,
1247,10/19/19 11:55:18 AM,100.993,22.429,,-0.029,,,,
1248,10/19/19 11:55:38 AM,,,100.845,,,,,
1249,10/19/19 11:57:18 AM,100.981,22.429,,-0.030,,,,
1250,10/19/19 11:57:38 AM,,,100.845,,,,,
1251,10/19/19 11:59:18 AM,100.993,22.429,,-0.027,,,,
1252,10/19/19 11:59:38 AM,,,100.824,,,,,
1253,10/19/19 12:01:18 PM,100.973,22.525,,-0.030,,,,
1254,10/19/19 12:01:38 PM,,,100.845,,,,,
1255,10/19/19 12:03:18 PM,100.996,22.525,,-0.029,,,,
1256,10/19/19 12:03:38 PM,,,100.845,,,,,
1257,10/19/19 12:05:18 PM,100.973,22.525,,-0.030,,,,
1258,10/19/19 12:05:38 PM,,,100.834,,,,,
1259,10/19/19 12:07:18 PM,100.961,22.525,,-0.031,,,,
1260,10/19/19 12:07:38 PM,,,100.834,,,,,
1261,10/19/19 12:09:18 PM,100.973,22.525,,-0.030,,,,
1262,10/19/19 12:09:38 PM,,,100.834,,,,,
1263,10/19/19 12:11:18 PM,100.953,22.621,,-0.031,,,,
1264,10/19/19 12:11:38 PM,,,100.824,,,,,
1265,10/19/19 12:13:18 PM,100.956,22.717,,-0.031,,,,
1266,10/19/19 12:13:38 PM,,,100.834,,,,,
1267,10/19/19 12:15:18 PM,100.960,22.812,,-0.030,,,,
1268,10/19/19 12:15:38 PM,,,100.827,,,,,
1269,10/19/19 12:17:18 PM,100.936,22.812,,-0.032,,,,
1270,10/19/19 12:17:38 PM,,,100.817,,,,,
1271,10/19/19 12:19:18 PM,100.928,22.908,,-0.033,,,,
1272,10/19/19 12:19:38 PM,,,100.817,,,,,
1273,10/19/19 12:21:18 PM,100.932,23.004,,-0.031,,,,
1274,10/19/19 12:21:38 PM,,,100.806,,,,,
1275,10/19/19 12:23:18 PM,100.935,23.100,,-0.031,,,,
1276,10/19/19 12:23:38 PM,,,100.806,,,,,
1277,10/19/19 12:25:18 PM,100.938,23.196,,-0.031,,,,
1278,10/19/19 12:25:38 PM,,,100.817,,,,,
1279,10/19/19 12:27:18 PM,100.930,23.292,,-0.032,,,,
1280,10/19/19 12:27:38 PM,,,100.817,,,,,
1281,10/19/19 12:29:18 PM,100.942,23.292,,-0.029,,,,
1282,10/19/19 12:29:38 PM,,,100.795,,,,,
1283,10/19/19 12:31:18 PM,100.922,23.388,,-0.032,,,,
1284,10/19/19 12:31:38 PM,,,100.806,,,,,
1285,10/19/19 12:33:18 PM,100.925,23.484,,-0.032,,,,
1286,10/19/19 12:33:38 PM,,,100.806,,,,,
1287,10/19/19 12:35:18 PM,100.929,23.581,,-0.030,,,,
1288,10/19/19 12:35:38 PM,,,100.795,,,,,
1289,10/19/19 12:37:18 PM,100.921,23.677,,-0.031,,,,
1290,10/19/19 12:37:38 PM,,,100.795,,,,,
1291,10/19/19 12:39:18 PM,100.932,23.677,,-0.028,,,,
1292,10/19/19 12:39:38 PM,,,100.773,,,,,
1293,10/19/19 12:41:18 PM,100.927,23.869,,-0.028,,,,
1294,10/19/19 12:41:38 PM,,,100.773,,,,,
1295,10/19/19 12:43:18 PM,100.931,23.966,,-0.030,,,,
1296,10/19/19 12:43:38 PM,,,100.799,,,,,
1297,10/19/19 12:45:18 PM,100.934,24.062,,-0.028,,,,
1298,10/19/19 12:45:38 PM,,,100.777,,,,,
1299,10/19/19 12:47:18 PM,100.914,24.158,,-0.031,,,,
1300,10/19/19 12:47:38 PM,,,100.788,,,,,
1301,10/19/19 12:49:18 PM,100.903,24.158,,-0.033,,,,
1302,10/19/19 12:49:38 PM,,,100.799,,,,,
1303,10/19/19 12:51:18 PM,100.914,24.158,,-0.029,,,,
1304,10/19/19 12:51:38 PM,,,100.766,,,,,
1305,10/19/19 12:53:18 PM,100.930,24.255,,-0.028,,,,
1306,10/19/19 12:53:38 PM,,,100.777,,,,,
1307,10/19/19 12:55:18 PM,100.910,24.351,,-0.030,,,,
1308,10/19/19 12:55:38 PM,,,100.777,,,,,
1309,10/19/19 12:57:18 PM,100.925,24.448,,-0.030,,,,
1310,10/19/19 12:57:38 PM,,,100.788,,,,,
1311,10/19/19 12:59:18 PM,100.917,24.545,,-0.030,,,,
1312,10/19/19 12:59:38 PM,,,100.777,,,,,
1313,10/19/19 01:01:18 PM,100.920,24.641,,-0.031,,,,
1314,10/19/19 01:01:38 PM,,,100.792,,,,,
1315,10/19/19 01:03:18 PM,100.900,24.738,,-0.033,,,,
1316,10/19/19 01:03:38 PM,,,100.792,,,,,
1317,10/19/19 01:05:18 PM,100.904,24.835,,-0.031,,,,
1318,10/19/19 01:05:38 PM,,,100.770,,,,,
1319,10/19/19 01:07:18 PM,100.895,24.931,,-0.030,,,,
1320,10/19/19 01:07:38 PM,,,100.759,,,,,
1321,10/19/19 01:09:18 PM,100.922,25.028,,-0.028,,,,
1322,10/19/19 01:09:38 PM,,,100.770,,,,,
1323,10/19/19 01:11:18 PM,100.891,25.125,,-0.031,,,,
1324,10/19/19 01:11:38 PM,,,100.759,,,,,
1325,10/19/19 01:13:18 PM,100.882,25.222,,-0.031,,,,
1326,10/19/19 01:13:38 PM,,,100.759,,,,,
1327,10/19/19 01:15:18 PM,100.898,25.319,,-0.030,,,,
1328,10/19/19 01:15:38 PM,,,100.759,,,,,
1329,10/19/19 01:17:18 PM,100.889,25.416,,-0.031,,,,
1330,10/19/19 01:17:38 PM,,,100.763,,,,,
1331,10/19/19 01:19:18 PM,100.881,25.513,,-0.030,,,,
1332,10/19/19 01:19:38 PM,,,100.741,,,,,
1333,10/19/19 01:21:18 PM,100.881,25.513,,-0.031,,,,
1334,10/19/19 01:21:38 PM,,,100.752,,,,,
1335,10/19/19 01:23:18 PM,100.888,25.708,,-0.031,,,,
1336,10/19/19 01:23:38 PM,,,100.763,,,,,
1337,10/19/19 01:25:18 PM,100.877,25.708,,-0.031,,,,
1338,10/19/19 01:25:38 PM,,,100.752,,,,,
1339,10/19/19 01:27:18 PM,100.884,25.902,,-0.029,,,,
1340,10/19/19 01:27:38 PM,,,100.741,,,,,
1341,10/19/19 01:29:18 PM,100.879,26.097,,-0.030,,,,
1342,10/19/19 01:29:38 PM,,,100.741,,,,,
1343,10/19/19 01:31:18 PM,100.883,26.195,,-0.029,,,,
1344,10/19/19 01:31:38 PM,,,100.741,,,,,
1345,10/19/19 01:33:18 PM,100.883,26.195,,-0.029,,,,
1346,10/19/19 01:33:38 PM,,,100.734,,,,,
1347,10/19/19 01:35:18 PM,100.883,26.195,,-0.030,,,,
1348,10/19/19 01:35:38 PM,,,100.745,,,,,
1349,10/19/19 01:37:18 PM,100.871,26.195,,-0.030,,,,
1350,10/19/19 01:37:38 PM,,,100.734,,,,,
1351,10/19/19 01:39:18 PM,100.874,26.292,,-0.030,,,,
1352,10/19/19 01:39:38 PM,,,100.734,,,,,
1353,10/19/19 01:41:18 PM,100.886,26.292,,-0.028,,,,
1354,10/19/19 01:41:38 PM,,,100.734,,,,,
1355,10/19/19 01:43:18 PM,100.883,26.195,,-0.030,,,,
1356,10/19/19 01:43:38 PM,,,100.745,,,,,
1357,10/19/19 01:45:18 PM,100.883,26.195,,-0.030,,,,
1358,10/19/19 01:45:38 PM,,,100.749,,,,,
1359,10/19/19 01:47:18 PM,100.874,26.292,,-0.030,,,,
1360,10/19/19 01:47:38 PM,,,100.738,,,,,
1361,10/19/19 01:49:18 PM,100.878,26.390,,-0.031,,,,
1362,10/19/19 01:49:38 PM,,,100.749,,,,,
1363,10/19/19 01:51:18 PM,100.866,26.390,,-0.031,,,,
1364,10/19/19 01:51:38 PM,,,100.738,,,,,
1365,10/19/19 01:53:18 PM,100.873,26.585,,-0.030,,,,
1366,10/19/19 01:53:38 PM,,,100.738,,,,,
1367,10/19/19 01:55:18 PM,100.877,26.683,,-0.029,,,,
1368,10/19/19 01:55:38 PM,,,100.727,,,,,
1369,10/19/19 01:57:18 PM,100.869,26.781,,-0.030,,,,
1370,10/19/19 01:57:38 PM,,,100.738,,,,,
1371,10/19/19 01:59:18 PM,100.857,26.781,,-0.031,,,,
1372,10/19/19 01:59:38 PM,,,100.727,,,,,
1373,10/19/19 02:01:18 PM,100.860,26.879,,-0.031,,,,
1374,10/19/19 02:01:38 PM,,,100.738,,,,,
1375,10/19/19 02:03:18 PM,100.849,26.879,,-0.031,,,,
1376,10/19/19 02:03:38 PM,,,100.716,,,,,
1377,10/19/19 02:05:18 PM,100.829,26.977,,-0.034,,,,
1378,10/19/19 02:05:38 PM,,,100.731,,,,,
1379,10/19/19 02:07:18 PM,100.848,27.173,,-0.031,,,,
1380,10/19/19 02:07:38 PM,,,100.720,,,,,
1381,10/19/19 02:09:18 PM,100.828,27.272,,-0.034,,,,
1382,10/19/19 02:09:38 PM,,,100.731,,,,,
1383,10/19/19 02:11:18 PM,100.828,27.272,,-0.032,,,,
1384,10/19/19 02:11:38 PM,,,100.709,,,,,
1385,10/19/19 02:13:18 PM,100.843,27.370,,-0.029,,,,
1386,10/19/19 02:13:38 PM,,,100.698,,,,,
1387,10/19/19 02:15:18 PM,100.835,27.468,,-0.031,,,,
1388,10/19/19 02:15:38 PM,,,100.709,,,,,
1389,10/19/19 02:17:18 PM,100.827,27.567,,-0.030,,,,
1390,10/19/19 02:17:38 PM,,,100.687,,,,,
1391,10/19/19 02:19:18 PM,100.831,27.665,,-0.031,,,,
1392,10/19/19 02:19:38 PM,,,100.709,,,,,
1393,10/19/19 02:21:18 PM,100.819,27.665,,-0.032,,,,
1394,10/19/19 02:21:38 PM,,,100.698,,,,,
1395,10/19/19 02:23:18 PM,100.811,27.764,,-0.031,,,,
1396,10/19/19 02:23:38 PM,,,100.677,,,,,
1397,10/19/19 02:25:18 PM,100.814,27.862,,-0.029,,,,
1398,10/19/19 02:25:38 PM,,,100.670,,,,,
1399,10/19/19 02:27:18 PM,100.814,27.862,,-0.030,,,,
1400,10/19/19 02:27:38 PM,,,100.680,,,,,
1401,10/19/19 02:29:18 PM,100.814,27.862,,-0.030,,,,
1402,10/19/19 02:29:38 PM,,,100.680,,,,,
1403,10/19/19 02:31:18 PM,100.815,27.567,,-0.031,,,,
1404,10/19/19 02:31:38 PM,,,100.691,,,,,
1405,10/19/19 02:33:18 PM,100.812,27.468,,-0.031,,,,
1406,10/19/19 02:33:38 PM,,,100.680,,,,,
1407,10/19/19 02:35:18 PM,100.823,27.468,,-0.031,,,,
1408,10/19/19 02:35:38 PM,,,100.702,,,,,
1409,10/19/19 02:37:18 PM,100.800,27.468,,-0.032,,,,
1410,10/19/19 02:37:38 PM,,,100.680,,,,,
1411,10/19/19 02:39:18 PM,100.812,27.468,,-0.030,,,,
1412,10/19/19 02:39:38 PM,,,100.680,,,,,
1413,10/19/19 02:41:18 PM,100.800,27.468,,-0.031,,,,
1414,10/19/19 02:41:38 PM,,,100.670,,,,,
1415,10/19/19 02:43:18 PM,100.804,27.567,,-0.030,,,,
1416,10/19/19 02:43:38 PM,,,100.670,,,,,
1417,10/19/19 02:45:18 PM,100.800,27.468,,-0.030,,,,
1418,10/19/19 02:45:38 PM,,,100.659,,,,,
1419,10/19/19 02:47:18 PM,100.812,27.468,,-0.028,,,,
1420,10/19/19 02:47:38 PM,,,100.659,,,,,
1421,10/19/19 02:49:18 PM,100.785,27.370,,-0.032,,,,
1422,10/19/19 02:49:38 PM,,,100.670,,,,,
1423,10/19/19 02:51:18 PM,100.808,27.370,,-0.030,,,,
1424,10/19/19 02:51:38 PM,,,100.670,,,,,
1425,10/19/19 02:53:18 PM,100.827,27.567,,-0.029,,,,
1426,10/19/19 02:53:38 PM,,,100.684,,,,,
1427,10/19/19 02:55:18 PM,100.819,27.665,,-0.030,,,,
1428,10/19/19 02:55:38 PM,,,100.684,,,,,
1429,10/19/19 02:57:18 PM,100.814,27.862,,-0.032,,,,
1430,10/19/19 02:57:38 PM,,,100.695,,,,,
1431,10/19/19 02:59:18 PM,100.810,28.060,,-0.030,,,,
1432,10/19/19 02:59:38 PM,,,100.674,,,,,
1433,10/19/19 03:01:18 PM,100.802,28.159,,-0.030,,,,
1434,10/19/19 03:01:38 PM,,,100.663,,,,,
1435,10/19/19 03:03:18 PM,100.817,28.258,,-0.028,,,,
1436,10/19/19 03:03:38 PM,,,100.663,,,,,
1437,10/19/19 03:05:18 PM,100.832,28.357,,-0.026,,,,
1438,10/19/19 03:05:38 PM,,,100.652,,,,,
1439,10/19/19 03:07:18 PM,100.821,28.357,,-0.028,,,,
1440,10/19/19 03:07:38 PM,,,100.663,,,,,
1441,10/19/19 03:09:18 PM,100.813,28.456,,-0.029,,,,
1442,10/19/19 03:09:38 PM,,,100.667,,,,,
1443,10/19/19 03:11:18 PM,100.828,28.555,,-0.028,,,,
1444,10/19/19 03:11:38 PM,,,100.677,,,,,
1445,10/19/19 03:13:18 PM,100.828,28.555,,-0.026,,,,
1446,10/19/19 03:13:38 PM,,,100.645,,,,,
1447,10/19/19 03:15:18 PM,100.816,28.555,,-0.027,,,,
1448,10/19/19 03:15:38 PM,,,100.656,,,,,
1449,10/19/19 03:17:18 PM,100.816,28.555,,-0.028,,,,
1450,10/19/19 03:17:38 PM,,,100.656,,,,,
1451,10/19/19 03:19:18 PM,100.820,28.655,,-0.027,,,,
1452,10/19/19 03:19:38 PM,,,100.656,,,,,
1453,10/19/19 03:21:18 PM,100.812,28.754,,-0.027,,,,
1454,10/19/19 03:21:38 PM,,,100.649,,,,,
1455,10/19/19 03:23:18 PM,100.812,28.754,,-0.026,,,,
1456,10/19/19 03:23:38 PM,,,100.638,,,,,
1457,10/19/19 03:25:18 PM,100.823,28.754,,-0.025,,,,
1458,10/19/19 03:25:38 PM,,,100.638,,,,,
1459,10/19/19 03:27:18 PM,100.823,28.754,,-0.025,,,,
1460,10/19/19 03:27:38 PM,,,100.638,,,,,
1461,10/19/19 03:29:18 PM,100.820,28.655,,-0.025,,,,
1462,10/19/19 03:29:38 PM,,,100.638,,,,,
1463,10/19/19 03:31:18 PM,100.820,28.655,,-0.025,,,,
1464,10/19/19 03:31:38 PM,,,100.638,,,,,
1465,10/19/19 03:33:18 PM,100.812,28.754,,-0.026,,,,
1466,10/19/19 03:33:38 PM,,,100.638,,,,,
1467,10/19/19 03:35:18 PM,100.827,28.853,,-0.024,,,,
1468,10/19/19 03:35:38 PM,,,100.627,,,,,
1469,10/19/19 03:37:18 PM,100.812,28.754,,-0.025,,,,
1470,10/19/19 03:37:38 PM,,,100.631,,,,,
1471,10/19/19 03:39:18 PM,100.832,28.655,,-0.023,,,,
1472,10/19/19 03:39:38 PM,,,100.631,,,,,
1473,10/19/19 03:41:18 PM,100.820,28.655,,-0.025,,,,
1474,10/19/19 03:41:38 PM,,,100.631,,,,,
1475,10/19/19 03:43:18 PM,100.820,28.655,,-0.026,,,,
1476,10/19/19 03:43:38 PM,,,100.642,,,,,
1477,10/19/19 03:45:18 PM,100.823,28.754,,-0.025,,,,
1478,10/19/19 03:45:38 PM,,,100.642,,,,,
1479,10/19/19 03:47:18 PM,100.804,28.853,,-0.027,,,,
1480,10/19/19 03:47:38 PM,,,100.642,,,,,
1481,10/19/19 03:49:18 PM,100.815,28.853,,-0.026,,,,
1482,10/19/19 03:49:38 PM,,,100.635,,,,,
1483,10/19/19 03:51:18 PM,100.831,28.953,,-0.024,,,,
1484,10/19/19 03:51:38 PM,,,100.635,,,,,
1485,10/19/19 03:53:18 PM,100.807,28.953,,-0.027,,,,
1486,10/19/19 03:53:38 PM,,,100.646,,,,,
1487,10/19/19 03:55:18 PM,100.796,28.953,,-0.028,,,,
1488,10/19/19 03:55:38 PM,,,100.635,,,,,
1489,10/19/19 03:57:18 PM,100.807,28.953,,-0.024,,,,
1490,10/19/19 03:57:38 PM,,,100.613,,,,,
1491,10/19/19 03:59:18 PM,100.788,29.053,,-0.026,,,,
1492,10/19/19 03:59:38 PM,,,100.613,,,,,
1493,10/19/19 04:01:18 PM,100.788,29.053,,-0.027,,,,
1494,10/19/19 04:01:38 PM,,,100.624,,,,,
1495,10/19/19 04:03:18 PM,100.799,29.053,,-0.025,,,,
1496,10/19/19 04:03:38 PM,,,100.613,,,,,
1497,10/19/19 04:05:18 PM,100.796,28.953,,-0.025,,,,
1498,10/19/19 04:05:38 PM,,,100.613,,,,,
1499,10/19/19 04:07:18 PM,100.796,28.953,,-0.026,,,,
1500,10/19/19 04:07:38 PM,,,100.624,,,,,
1501,10/19/19 04:09:18 PM,100.804,28.853,,-0.026,,,,
1502,10/19/19 04:09:38 PM,,,100.628,,,,,
1503,10/19/19 04:11:18 PM,100.800,28.754,,-0.025,,,,
1504,10/19/19 04:11:38 PM,,,100.617,,,,,
1505,10/19/19 04:13:18 PM,100.793,28.555,,-0.026,,,,
1506,10/19/19 04:13:38 PM,,,100.617,,,,,
1507,10/19/19 04:15:18 PM,100.804,28.555,,-0.025,,,,
1508,10/19/19 04:15:38 PM,,,100.617,,,,,
1509,10/19/19 04:17:18 PM,100.793,28.555,,-0.027,,,,
1510,10/19/19 04:17:38 PM,,,100.628,,,,,
1511,10/19/19 04:19:18 PM,100.793,28.555,,-0.025,,,,
1512,10/19/19 04:19:38 PM,,,100.606,,,,,
1513,10/19/19 04:21:18 PM,100.769,28.555,,-0.027,,,,
1514,10/19/19 04:21:38 PM,,,100.606,,,,,
1515,10/19/19 04:23:18 PM,100.788,28.754,,-0.026,,,,
1516,10/19/19 04:23:38 PM,,,100.610,,,,,
1517,10/19/19 04:25:18 PM,100.781,28.555,,-0.026,,,,
1518,10/19/19 04:25:38 PM,,,100.610,,,,,
1519,10/19/19 04:27:18 PM,100.777,28.456,,-0.025,,,,
1520,10/19/19 04:27:38 PM,,,100.588,,,,,
1521,10/19/19 04:29:18 PM,100.774,28.357,,-0.025,,,,
1522,10/19/19 04:29:38 PM,,,100.588,,,,,
1523,10/19/19 04:31:18 PM,100.770,28.258,,-0.026,,,,
1524,10/19/19 04:31:38 PM,,,100.599,,,,,
1525,10/19/19 04:33:18 PM,100.762,28.357,,-0.026,,,,
1526,10/19/19 04:33:38 PM,,,100.588,,,,,
1527,10/19/19 04:35:18 PM,100.754,28.456,,-0.028,,,,
1528,10/19/19 04:35:38 PM,,,100.599,,,,,
1529,10/19/19 04:37:18 PM,100.754,28.456,,-0.027,,,,
1530,10/19/19 04:37:38 PM,,,100.581,,,,,
1531,10/19/19 04:39:18 PM,100.754,28.456,,-0.025,,,,
1532,10/19/19 04:39:38 PM,,,100.570,,,,,
1533,10/19/19 04:41:18 PM,100.754,28.456,,-0.024,,,,
1534,10/19/19 04:41:38 PM,,,100.559,,,,,
1535,10/19/19 04:43:18 PM,100.739,28.357,,-0.026,,,,
1536,10/19/19 04:43:38 PM,,,100.570,,,,,
1537,10/19/19 04:45:18 PM,100.723,28.258,,-0.028,,,,
1538,10/19/19 04:45:38 PM,,,100.570,,,,,
1539,10/19/19 04:47:18 PM,100.712,27.961,,-0.029,,,,
1540,10/19/19 04:47:38 PM,,,100.570,,,,,
1541,10/19/19 04:49:18 PM,100.733,27.567,,-0.028,,,,
1542,10/19/19 04:49:38 PM,,,100.581,,,,,
1543,10/19/19 04:51:18 PM,100.731,27.173,,-0.029,,,,
1544,10/19/19 04:51:38 PM,,,100.581,,,,,
1545,10/19/19 04:53:18 PM,100.720,26.879,,-0.029,,,,
1546,10/19/19 04:53:38 PM,,,100.570,,,,,
1547,10/19/19 04:55:18 PM,100.689,26.683,,-0.032,,,,
1548,10/19/19 04:55:38 PM,,,100.570,,,,,
1549,10/19/19 04:57:18 PM,100.694,26.488,,-0.030,,,,
1550,10/19/19 04:57:38 PM,,,100.559,,,,,
1551,10/19/19 04:59:18 PM,100.683,26.195,,-0.031,,,,
1552,10/19/19 04:59:38 PM,,,100.559,,,,,
1553,10/19/19 05:01:18 PM,100.676,26.000,,-0.033,,,,
1554,10/19/19 05:01:38 PM,,,100.570,,,,,
1555,10/19/19 05:03:18 PM,100.681,25.805,,-0.032,,,,
1556,10/19/19 05:03:38 PM,,,100.559,,,,,
1557,10/19/19 05:05:18 PM,100.671,25.513,,-0.032,,,,
1558,10/19/19 05:05:38 PM,,,100.559,,,,,
1559,10/19/19 05:07:18 PM,100.648,25.222,,-0.035,,,,
1560,10/19/19 05:07:38 PM,,,100.559,,,,,
1561,10/19/19 05:09:18 PM,100.653,25.028,,-0.034,,,,
1562,10/19/19 05:09:38 PM,,,100.559,,,,,
1563,10/19/19 05:11:18 PM,100.650,24.931,,-0.034,,,,
1564,10/19/19 05:11:38 PM,,,100.548,,,,,
1565,10/19/19 05:13:18 PM,100.643,24.738,,-0.035,,,,
1566,10/19/19 05:13:38 PM,,,100.559,,,,,
1567,10/19/19 05:15:18 PM,100.647,24.545,,-0.035,,,,
1568,10/19/19 05:15:38 PM,,,100.559,,,,,
1569,10/19/19 05:17:18 PM,100.652,24.351,,-0.034,,,,
1570,10/19/19 05:17:38 PM,,,100.559,,,,,
1571,10/19/19 05:19:18 PM,100.660,24.255,,-0.035,,,,
1572,10/19/19 05:19:38 PM,,,100.570,,,,,
1573,10/19/19 05:21:18 PM,100.654,24.062,,-0.034,,,,
1574,10/19/19 05:21:38 PM,,,100.559,,,,,
1575,10/19/19 05:23:18 PM,100.647,23.869,,-0.035,,,,
1576,10/19/19 05:23:38 PM,,,100.559,,,,,
1577,10/19/19 05:25:18 PM,100.667,23.773,,-0.033,,,,
1578,10/19/19 05:25:38 PM,,,100.559,,,,,
1579,10/19/19 05:27:18 PM,100.651,23.677,,-0.035,,,,
1580,10/19/19 05:27:38 PM,,,100.559,,,,,
1581,10/19/19 05:29:18 PM,100.625,23.581,,-0.037,,,,
1582,10/19/19 05:29:38 PM,,,100.559,,,,,
1583,10/19/19 05:31:18 PM,100.648,23.581,,-0.035,,,,
1584,10/19/19 05:31:38 PM,,,100.559,,,,,
1585,10/19/19 05:33:18 PM,100.648,23.581,,-0.035,,,,
1586,10/19/19 05:33:38 PM,,,100.559,,,,,
1587,10/19/19 05:35:18 PM,100.645,23.484,,-0.036,,,,
1588,10/19/19 05:35:38 PM,,,100.570,,,,,
1589,10/19/19 05:37:18 PM,100.638,23.292,,-0.038,,,,
1590,10/19/19 05:37:38 PM,,,100.581,,,,,
1591,10/19/19 05:39:18 PM,100.643,23.100,,-0.038,,,,
1592,10/19/19 05:39:38 PM,,,100.581,,,,,
1593,10/19/19 05:41:18 PM,100.647,22.908,,-0.036,,,,
1594,10/19/19 05:41:38 PM,,,100.570,,,,,
1595,10/19/19 05:43:18 PM,100.629,22.717,,-0.039,,,,
1596,10/19/19 05:43:38 PM,,,100.581,,,,,
1597,10/19/19 05:45:18 PM,100.649,22.621,,-0.037,,,,
1598,10/19/19 05:45:38 PM,,,100.581,,,,,
1599,10/19/19 05:47:18 PM,100.642,22.429,,-0.038,,,,
1600,10/19/19 05:47:38 PM,,,100.581,,,,,
1601,10/19/19 05:49:18 PM,100.624,22.238,,-0.040,,,,
1602,10/19/19 05:49:38 PM,,,100.581,,,,,
1603,10/19/19 05:51:18 PM,100.632,22.142,,-0.039,,,,
1604,10/19/19 05:51:38 PM,,,100.581,,,,,
1605,10/19/19 05:53:18 PM,100.613,21.951,,-0.041,,,,
1606,10/19/19 05:53:38 PM,,,100.581,,,,,
1607,10/19/19 05:55:18 PM,100.607,21.760,,-0.041,,,,
1608,10/19/19 05:55:38 PM,,,100.581,,,,,
1609,10/19/19 05:57:18 PM,100.627,21.664,,-0.039,,,,
1610,10/19/19 05:57:38 PM,,,100.581,,,,,
1611,10/19/19 05:59:18 PM,100.608,21.473,,-0.040,,,,
1612,10/19/19 05:59:38 PM,,,100.570,,,,,
1613,10/19/19 06:01:18 PM,100.613,21.282,,-0.039,,,,
1614,10/19/19 06:01:38 PM,,,100.566,,,,,
1615,10/19/19 06:03:18 PM,100.610,21.187,,-0.039,,,,
1616,10/19/19 06:03:38 PM,,,100.566,,,,,
1617,10/19/19 06:05:18 PM,100.603,20.996,,-0.040,,,,
1618,10/19/19 06:05:38 PM,,,100.566,,,,,
1619,10/19/19 06:07:18 PM,100.600,20.901,,-0.040,,,,
1620,10/19/19 06:07:38 PM,,,100.566,,,,,
1621,10/19/19 06:09:18 PM,100.605,20.710,,-0.040,,,,
1622,10/19/19 06:09:38 PM,,,100.566,,,,,
1623,10/19/19 06:11:18 PM,100.590,20.615,,-0.041,,,,
1624,10/19/19 06:11:38 PM,,,100.566,,,,,
1625,10/19/19 06:13:18 PM,100.575,20.519,,-0.043,,,,
1626,10/19/19 06:13:38 PM,,,100.566,,,,,
1627,10/19/19 06:15:18 PM,100.568,20.329,,-0.043,,,,
1628,10/19/19 06:15:38 PM,,,100.555,,,,,
1629,10/19/19 06:17:18 PM,100.565,20.234,,-0.043,,,,
1630,10/19/19 06:17:38 PM,,,100.555,,,,,
1631,10/19/19 06:19:18 PM,100.585,20.138,,-0.041,,,,
1632,10/19/19 06:19:38 PM,,,100.551,,,,,
1633,10/19/19 06:21:18 PM,100.581,20.043,,-0.041,,,,
1634,10/19/19 06:21:38 PM,,,100.551,,,,,
1635,10/19/19 06:23:18 PM,100.575,19.853,,-0.041,,,,
1636,10/19/19 06:23:38 PM,,,100.551,,,,,
1637,10/19/19 06:25:18 PM,100.571,19.758,,-0.044,,,,
1638,10/19/19 06:25:38 PM,,,100.573,,,,,
1639,10/19/19 06:27:18 PM,100.568,19.662,,-0.044,,,,
1640,10/19/19 06:27:38 PM,,,100.562,,,,,
1641,10/19/19 06:29:18 PM,100.561,19.472,,-0.044,,,,
1642,10/19/19 06:29:38 PM,,,100.562,,,,,
1643,10/19/19 06:31:18 PM,100.558,19.377,,-0.044,,,,
1644,10/19/19 06:31:38 PM,,,100.558,,,,,
1645,10/19/19 06:33:18 PM,100.555,19.282,,-0.045,,,,
1646,10/19/19 06:33:38 PM,,,100.569,,,,,
1647,10/19/19 06:35:18 PM,100.575,19.187,,-0.043,,,,
1648,10/19/19 06:35:38 PM,,,100.569,,,,,
1649,10/19/19 06:37:18 PM,100.548,19.092,,-0.046,,,,
1650,10/19/19 06:37:38 PM,,,100.569,,,,,
1651,10/19/19 06:39:18 PM,100.553,18.901,,-0.046,,,,
1652,10/19/19 06:39:38 PM,,,100.569,,,,,
1653,10/19/19 06:41:18 PM,100.561,18.806,,-0.045,,,,
1654,10/19/19 06:41:38 PM,,,100.569,,,,,
1655,10/19/19 06:43:18 PM,100.570,18.711,,-0.043,,,,
1656,10/19/19 06:43:38 PM,,,100.565,,,,,
1657,10/19/19 06:45:18 PM,100.575,18.521,,-0.044,,,,
1658,10/19/19 06:45:38 PM,,,100.576,,,,,
1659,10/19/19 06:47:18 PM,100.548,18.426,,-0.048,,,,
1660,10/19/19 06:47:38 PM,,,100.587,,,,,
1661,10/19/19 06:49:18 PM,100.568,18.331,,-0.047,,,,
1662,10/19/19 06:49:38 PM,,,100.598,,,,,
1663,10/19/19 06:51:18 PM,100.577,18.236,,-0.045,,,,
1664,10/19/19 06:51:38 PM,,,100.587,,,,,
1665,10/19/19 06:53:18 PM,100.582,18.045,,-0.044,,,,
1666,10/19/19 06:53:38 PM,,,100.587,,,,,
1667,10/19/19 06:55:18 PM,100.590,17.950,,-0.044,,,,
1668,10/19/19 06:55:38 PM,,,100.594,,,,,
1669,10/19/19 06:57:18 PM,100.587,17.855,,-0.045,,,,
1670,10/19/19 06:57:38 PM,,,100.594,,,,,
1671,10/19/19 06:59:18 PM,100.583,17.760,,-0.046,,,,
1672,10/19/19 06:59:38 PM,,,100.605,,,,,
1673,10/19/19 07:01:18 PM,100.568,17.665,,-0.048,,,,
1674,10/19/19 07:01:38 PM,,,100.605,,,,,
1675,10/19/19 07:03:18 PM,100.577,17.570,,-0.046,,,,
1676,10/19/19 07:03:38 PM,,,100.594,,,,,
1677,10/19/19 07:05:18 PM,100.582,17.379,,-0.045,,,,
1678,10/19/19 07:05:38 PM,,,100.590,,,,,
1679,10/19/19 07:07:18 PM,100.579,17.284,,-0.044,,,,
1680,10/19/19 07:07:38 PM,,,100.579,,,,,
1681,10/19/19 07:09:18 PM,100.579,17.284,,-0.044,,,,
1682,10/19/19 07:09:38 PM,,,100.579,,,,,
1683,10/19/19 07:11:18 PM,100.564,17.189,,-0.046,,,,
1684,10/19/19 07:11:38 PM,,,100.590,,,,,
1685,10/19/19 07:13:18 PM,100.595,17.094,,-0.043,,,,
1686,10/19/19 07:13:38 PM,,,100.590,,,,,
1687,10/19/19 07:15:18 PM,100.580,16.999,,-0.045,,,,
1688,10/19/19 07:15:38 PM,,,100.590,,,,,
1689,10/19/19 07:17:18 PM,100.577,16.903,,-0.046,,,,
1690,10/19/19 07:17:38 PM,,,100.597,,,,,
1691,10/19/19 07:19:18 PM,100.585,16.808,,-0.046,,,,
1692,10/19/19 07:19:38 PM,,,100.608,,,,,
1693,10/19/19 07:21:18 PM,100.582,16.713,,-0.046,,,,
1694,10/19/19 07:21:38 PM,,,100.597,,,,,
1695,10/19/19 07:23:18 PM,100.591,16.618,,-0.045,,,,
1696,10/19/19 07:23:38 PM,,,100.597,,,,,
1697,10/19/19 07:25:18 PM,100.599,16.523,,-0.043,,,,
1698,10/19/19 07:25:38 PM,,,100.593,,,,,
1699,10/19/19 07:27:18 PM,100.596,16.427,,-0.044,,,,
1700,10/19/19 07:27:38 PM,,,100.593,,,,,
1701,10/19/19 07:29:18 PM,100.596,16.427,,-0.045,,,,
1702,10/19/19 07:29:38 PM,,,100.604,,,,,
1703,10/19/19 07:31:18 PM,100.581,16.332,,-0.047,,,,
1704,10/19/19 07:31:38 PM,,,100.615,,,,,
1705,10/19/19 07:33:18 PM,100.592,16.332,,-0.046,,,,
1706,10/19/19 07:33:38 PM,,,100.615,,,,,
1707,10/19/19 07:35:18 PM,100.589,16.237,,-0.047,,,,
1708,10/19/19 07:35:38 PM,,,100.615,,,,,
1709,10/19/19 07:37:18 PM,100.597,16.141,,-0.045,,,,
1710,10/19/19 07:37:38 PM,,,100.611,,,,,
1711,10/19/19 07:39:18 PM,100.586,16.141,,-0.047,,,,
1712,10/19/19 07:39:38 PM,,,100.622,,,,,
1713,10/19/19 07:41:18 PM,100.594,16.046,,-0.047,,,,
1714,10/19/19 07:41:38 PM,,,100.622,,,,,
1715,10/19/19 07:43:18 PM,100.606,16.046,,-0.045,,,,
1716,10/19/19 07:43:38 PM,,,100.611,,,,,
1717,10/19/19 07:45:18 PM,100.603,15.951,,-0.045,,,,
1718,10/19/19 07:45:38 PM,,,100.618,,,,,
1719,10/19/19 07:47:18 PM,100.588,15.855,,-0.046,,,,
1720,10/19/19 07:47:38 PM,,,100.607,,,,,
1721,10/19/19 07:49:18 PM,100.611,15.855,,-0.044,,,,
1722,10/19/19 07:49:38 PM,,,100.607,,,,,
1723,10/19/19 07:51:18 PM,100.596,15.760,,-0.045,,,,
1724,10/19/19 07:51:38 PM,,,100.607,,,,,
1725,10/19/19 07:53:18 PM,100.604,15.664,,-0.044,,,,
1726,10/19/19 07:53:38 PM,,,100.607,,,,,
1727,10/19/19 07:55:18 PM,100.593,15.664,,-0.044,,,,
1728,10/19/19 07:55:38 PM,,,100.592,,,,,
1729,10/19/19 07:57:18 PM,100.578,15.569,,-0.046,,,,
1730,10/19/19 07:57:38 PM,,,100.603,,,,,
1731,10/19/19 07:59:18 PM,100.589,15.569,,-0.045,,,,
1732,10/19/19 07:59:38 PM,,,100.603,,,,,
1733,10/19/19 08:01:18 PM,100.598,15.473,,-0.046,,,,
1734,10/19/19 08:01:38 PM,,,100.625,,,,,
1735,10/19/19 08:03:18 PM,100.583,15.378,,-0.047,,,,
1736,10/19/19 08:03:38 PM,,,100.614,,,,,
1737,10/19/19 08:05:18 PM,100.595,15.378,,-0.046,,,,
1738,10/19/19 08:05:38 PM,,,100.610,,,,,
1739,10/19/19 08:07:18 PM,100.603,15.282,,-0.045,,,,
1740,10/19/19 08:07:38 PM,,,100.610,,,,,
1741,10/19/19 08:09:18 PM,100.591,15.282,,-0.045,,,,
1742,10/19/19 08:09:38 PM,,,100.599,,,,,
1743,10/19/19 08:11:18 PM,100.600,15.187,,-0.043,,,,
1744,10/19/19 08:11:38 PM,,,100.589,,,,,
1745,10/19/19 08:13:18 PM,100.600,15.187,,-0.045,,,,
1746,10/19/19 08:13:38 PM,,,100.610,,,,,
1747,10/19/19 08:15:18 PM,100.596,15.091,,-0.044,,,,
1748,10/19/19 08:15:38 PM,,,100.596,,,,,
1749,10/19/19 08:17:18 PM,100.608,15.091,,-0.043,,,,
1750,10/19/19 08:17:38 PM,,,100.596,,,,,
1751,10/19/19 08:19:18 PM,100.593,14.996,,-0.043,,,,
1752,10/19/19 08:19:38 PM,,,100.585,,,,,
1753,10/19/19 08:21:18 PM,100.593,14.996,,-0.043,,,,
1754,10/19/19 08:21:38 PM,,,100.585,,,,,
1755,10/19/19 08:23:18 PM,100.567,14.900,,-0.046,,,,
1756,10/19/19 08:23:38 PM,,,100.585,,,,,
1757,10/19/19 08:25:18 PM,100.578,14.900,,-0.046,,,,
1758,10/19/19 08:25:38 PM,,,100.603,,,,,
1759,10/19/19 08:27:18 PM,100.575,14.804,,-0.046,,,,
1760,10/19/19 08:27:38 PM,,,100.592,,,,,
1761,10/19/19 08:29:18 PM,100.575,14.804,,-0.047,,,,
1762,10/19/19 08:29:38 PM,,,100.603,,,,,
1763,10/19/19 08:31:18 PM,100.610,14.804,,-0.042,,,,
1764,10/19/19 08:31:38 PM,,,100.592,,,,,
1765,10/19/19 08:33:18 PM,100.572,14.709,,-0.045,,,,
1766,10/19/19 08:33:38 PM,,,100.581,,,,,
1767,10/19/19 08:35:18 PM,100.595,14.709,,-0.045,,,,
1768,10/19/19 08:35:38 PM,,,100.613,,,,,
1769,10/19/19 08:37:18 PM,100.603,14.613,,-0.045,,,,
1770,10/19/19 08:37:38 PM,,,100.610,,,,,
1771,10/19/19 08:39:18 PM,100.615,14.613,,-0.043,,,,
1772,10/19/19 08:39:38 PM,,,100.610,,,,,
1773,10/19/19 08:41:18 PM,100.627,14.613,,-0.043,,,,
1774,10/19/19 08:41:38 PM,,,100.620,,,,,
1775,10/19/19 08:43:18 PM,100.623,14.517,,-0.044,,,,
1776,10/19/19 08:43:38 PM,,,100.620,,,,,
1777,10/19/19 08:45:18 PM,100.623,14.517,,-0.045,,,,
1778,10/19/19 08:45:38 PM,,,100.631,,,,,
1779,10/19/19 08:47:18 PM,100.608,14.421,,-0.046,,,,
1780,10/19/19 08:47:38 PM,,,100.627,,,,,
1781,10/19/19 08:49:18 PM,100.620,14.421,,-0.046,,,,
1782,10/19/19 08:49:38 PM,,,100.638,,,,,
1783,10/19/19 08:51:18 PM,100.620,14.421,,-0.045,,,,
1784,10/19/19 08:51:38 PM,,,100.627,,,,,
1785,10/19/19 08:53:18 PM,100.629,14.325,,-0.044,,,,
1786,10/19/19 08:53:38 PM,,,100.627,,,,,
1787,10/19/19 08:55:18 PM,100.629,14.325,,-0.045,,,,
1788,10/19/19 08:55:38 PM,,,100.638,,,,,
1789,10/19/19 08:57:18 PM,100.629,14.325,,-0.046,,,,
1790,10/19/19 08:57:38 PM,,,100.649,,,,,
1791,10/19/19 08:59:18 PM,100.629,14.325,,-0.046,,,,
1792,10/19/19 08:59:38 PM,,,100.645,,,,,
1793,10/19/19 09:01:18 PM,100.637,14.230,,-0.044,,,,
1794,10/19/19 09:01:38 PM,,,100.634,,,,,
1795,10/19/19 09:03:18 PM,100.625,14.230,,-0.047,,,,
1796,10/19/19 09:03:38 PM,,,100.656,,,,,
1797,10/19/19 09:05:18 PM,100.625,14.230,,-0.046,,,,
1798,10/19/19 09:05:38 PM,,,100.645,,,,,
1799,10/19/19 09:07:18 PM,100.645,14.134,,-0.044,,,,
1800,10/19/19 09:07:38 PM,,,100.645,,,,,
1801,10/19/19 09:09:18 PM,100.622,14.134,,-0.046,,,,
1802,10/19/19 09:09:38 PM,,,100.645,,,,,
1803,10/19/19 09:11:18 PM,100.634,14.134,,-0.046,,,,
1804,10/19/19 09:11:38 PM,,,100.652,,,,,
1805,10/19/19 09:13:18 PM,100.642,14.038,,-0.045,,,,
1806,10/19/19 09:13:38 PM,,,100.652,,,,,
1807,10/19/19 09:15:18 PM,100.642,14.038,,-0.047,,,,
1808,10/19/19 09:15:38 PM,,,100.674,,,,,
1809,10/19/19 09:17:18 PM,100.650,13.942,,-0.045,,,,
1810,10/19/19 09:17:38 PM,,,100.663,,,,,
1811,10/19/19 09:19:18 PM,100.639,13.942,,-0.046,,,,
1812,10/19/19 09:19:38 PM,,,100.663,,,,,
1813,10/19/19 09:21:18 PM,100.650,13.942,,-0.046,,,,
1814,10/19/19 09:21:38 PM,,,100.674,,,,,
1815,10/19/19 09:23:18 PM,100.639,13.942,,-0.047,,,,
1816,10/19/19 09:23:38 PM,,,100.663,,,,,
1817,10/19/19 09:25:18 PM,100.647,13.846,,-0.045,,,,
1818,10/19/19 09:25:38 PM,,,100.659,,,,,
1819,10/19/19 09:27:18 PM,100.647,13.846,,-0.044,,,,
1820,10/19/19 09:27:38 PM,,,100.648,,,,,
1821,10/19/19 09:29:18 PM,100.671,13.846,,-0.043,,,,
1822,10/19/19 09:29:38 PM,,,100.659,,,,,
1823,10/19/19 09:31:18 PM,100.659,13.846,,-0.044,,,,
1824,10/19/19 09:31:38 PM,,,100.659,,,,,
1825,10/19/19 09:33:18 PM,100.671,13.846,,-0.043,,,,
1826,10/19/19 09:33:38 PM,,,100.659,,,,,
1827,10/19/19 09:35:18 PM,100.647,13.846,,-0.045,,,,
1828,10/19/19 09:35:38 PM,,,100.659,,,,,
1829,10/19/19 09:37:18 PM,100.644,13.750,,-0.046,,,,
1830,10/19/19 09:37:38 PM,,,100.670,,,,,
1831,10/19/19 09:39:18 PM,100.656,13.750,,-0.046,,,,
1832,10/19/19 09:39:38 PM,,,100.681,,,,,
1833,10/19/19 09:41:18 PM,100.667,13.750,,-0.045,,,,
1834,10/19/19 09:41:38 PM,,,100.677,,,,,
1835,10/19/19 09:43:18 PM,100.667,13.750,,-0.044,,,,
1836,10/19/19 09:43:38 PM,,,100.666,,,,,
1837,10/19/19 09:45:18 PM,100.656,13.750,,-0.045,,,,
1838,10/19/19 09:45:38 PM,,,100.666,,,,,
1839,10/19/19 09:47:18 PM,100.656,13.750,,-0.045,,,,
1840,10/19/19 09:47:38 PM,,,100.666,,,,,
1841,10/19/19 09:49:18 PM,100.652,13.654,,-0.044,,,,
1842,10/19/19 09:49:38 PM,,,100.655,,,,,
1843,10/19/19 09:51:18 PM,100.629,13.654,,-0.046,,,,
1844,10/19/19 09:51:38 PM,,,100.645,,,,,
1845,10/19/19 09:53:18 PM,100.641,13.654,,-0.045,,,,
1846,10/19/19 09:53:38 PM,,,100.655,,,,,
1847,10/19/19 09:55:18 PM,100.652,13.654,,-0.044,,,,
1848,10/19/19 09:55:38 PM,,,100.655,,,,,
1849,10/19/19 09:57:18 PM,100.649,13.558,,-0.043,,,,
1850,10/19/19 09:57:38 PM,,,100.641,,,,,
1851,10/19/19 09:59:18 PM,100.626,13.558,,-0.046,,,,
1852,10/19/19 09:59:38 PM,,,100.652,,,,,
1853,10/19/19 10:01:18 PM,100.637,13.558,,-0.045,,,,
1854,10/19/19 10:01:38 PM,,,100.641,,,,,
1855,10/19/19 10:03:18 PM,100.637,13.558,,-0.044,,,,
1856,10/19/19 10:03:38 PM,,,100.641,,,,,
1857,10/19/19 10:05:18 PM,100.646,13.461,,-0.042,,,,
1858,10/19/19 10:05:38 PM,,,100.630,,,,,
1859,10/19/19 10:07:18 PM,100.646,13.461,,-0.043,,,,
1860,10/19/19 10:07:38 PM,,,100.641,,,,,
1861,10/19/19 10:09:18 PM,100.646,13.461,,-0.043,,,,
1862,10/19/19 10:09:38 PM,,,100.641,,,,,
1863,10/19/19 10:11:18 PM,100.657,13.461,,-0.042,,,,
1864,10/19/19 10:11:38 PM,,,100.641,,,,,
1865,10/19/19 10:13:18 PM,100.646,13.461,,-0.041,,,,
1866,10/19/19 10:13:38 PM,,,100.615,,,,,
1867,10/19/19 10:15:18 PM,100.631,13.365,,-0.043,,,,
1868,10/19/19 10:15:38 PM,,,100.626,,,,,
1869,10/19/19 10:17:18 PM,100.619,13.365,,-0.045,,,,
1870,10/19/19 10:17:38 PM,,,100.626,,,,,
1871,10/19/19 10:19:18 PM,100.607,13.365,,-0.046,,,,
1872,10/19/19 10:19:38 PM,,,100.626,,,,,
1873,10/19/19 10:21:18 PM,100.604,13.269,,-0.046,,,,
1874,10/19/19 10:21:38 PM,,,100.626,,,,,
1875,10/19/19 10:23:18 PM,100.616,13.269,,-0.044,,,,
1876,10/19/19 10:23:38 PM,,,100.615,,,,,
1877,10/19/19 10:25:18 PM,100.616,13.269,,-0.045,,,,
1878,10/19/19 10:25:38 PM,,,100.626,,,,,
1879,10/19/19 10:27:18 PM,100.628,13.269,,-0.043,,,,
1880,10/19/19 10:27:38 PM,,,100.615,,,,,
1881,10/19/19 10:29:18 PM,100.628,13.269,,-0.043,,,,
1882,10/19/19 10:29:38 PM,,,100.615,,,,,
1883,10/19/19 10:31:18 PM,100.624,13.173,,-0.044,,,,
1884,10/19/19 10:31:38 PM,,,100.622,,,,,
1885,10/19/19 10:33:18 PM,100.636,13.173,,-0.043,,,,
1886,10/19/19 10:33:38 PM,,,100.622,,,,,
1887,10/19/19 10:35:18 PM,100.624,13.173,,-0.044,,,,
1888,10/19/19 10:35:38 PM,,,100.622,,,,,
1889,10/19/19 10:37:18 PM,100.636,13.173,,-0.042,,,,
1890,10/19/19 10:37:38 PM,,,100.611,,,,,
1891,10/19/19 10:39:18 PM,100.648,13.173,,-0.041,,,,
1892,10/19/19 10:39:38 PM,,,100.622,,,,,
1893,10/19/19 10:41:18 PM,100.636,13.173,,-0.043,,,,
1894,10/19/19 10:41:38 PM,,,100.622,,,,,
1895,10/19/19 10:43:18 PM,100.624,13.173,,-0.043,,,,
1896,10/19/19 10:43:38 PM,,,100.611,,,,,
1897,10/19/19 10:45:18 PM,100.633,13.076,,-0.042,,,,
1898,10/19/19 10:45:38 PM,,,100.611,,,,,
1899,10/19/19 10:47:18 PM,100.609,13.076,,-0.044,,,,
1900,10/19/19 10:47:38 PM,,,100.611,,,,,
1901,10/19/19 10:49:18 PM,100.621,13.076,,-0.043,,,,
1902,10/19/19 10:49:38 PM,,,100.607,,,,,
1903,10/19/19 10:51:18 PM,100.633,13.076,,-0.040,,,,
1904,10/19/19 10:51:38 PM,,,100.596,,,,,
1905,10/19/19 10:53:18 PM,100.633,13.076,,-0.041,,,,
1906,10/19/19 10:53:38 PM,,,100.607,,,,,
1907,10/19/19 10:55:18 PM,100.633,13.076,,-0.039,,,,
1908,10/19/19 10:55:38 PM,,,100.585,,,,,
1909,10/19/19 10:57:18 PM,100.606,12.980,,-0.043,,,,
1910,10/19/19 10:57:38 PM,,,100.596,,,,,
1911,10/19/19 10:59:18 PM,100.606,12.980,,-0.043,,,,
1912,10/19/19 10:59:38 PM,,,100.596,,,,,
1913,10/19/19 11:01:18 PM,100.629,12.980,,-0.041,,,,
1914,10/19/19 11:01:38 PM,,,100.596,,,,,
1915,10/19/19 11:03:18 PM,100.618,12.980,,-0.042,,,,
1916,10/19/19 11:03:38 PM,,,100.596,,,,,
1917,10/19/19 11:05:18 PM,100.606,12.980,,-0.041,,,,
1918,10/19/19 11:05:38 PM,,,100.574,,,,,
1919,10/19/19 11:07:18 PM,100.618,12.980,,-0.041,,,,
1920,10/19/19 11:07:38 PM,,,100.596,,,,,
1921,10/19/19 11:09:18 PM,100.606,12.980,,-0.043,,,,
1922,10/19/19 11:09:38 PM,,,100.596,,,,,
1923,10/19/19 11:11:18 PM,100.629,12.980,,-0.040,,,,
1924,10/19/19 11:11:38 PM,,,100.585,,,,,
1925,10/19/19 11:13:18 PM,100.618,12.980,,-0.042,,,,
1926,10/19/19 11:13:38 PM,,,100.596,,,,,
1927,10/19/19 11:15:18 PM,100.614,12.883,,-0.042,,,,
1928,10/19/19 11:15:38 PM,,,100.592,,,,,
1929,10/19/19 11:17:18 PM,100.603,12.883,,-0.043,,,,
1930,10/19/19 11:17:38 PM,,,100.592,,,,,
1931,10/19/19 11:19:18 PM,100.603,12.883,,-0.042,,,,
1932,10/19/19 11:19:38 PM,,,100.581,,,,,
1933,10/19/19 11:21:18 PM,100.591,12.883,,-0.042,,,,
1934,10/19/19 11:21:38 PM,,,100.571,,,,,
1935,10/19/19 11:23:18 PM,100.614,12.883,,-0.040,,,,
1936,10/19/19 11:23:38 PM,,,100.581,,,,,
1937,10/19/19 11:25:18 PM,100.591,12.883,,-0.042,,,,
1938,10/19/19 11:25:38 PM,,,100.571,,,,,
1939,10/19/19 11:27:18 PM,100.591,12.883,,-0.042,,,,
1940,10/19/19 11:27:38 PM,,,100.571,,,,,
1941,10/19/19 11:29:18 PM,100.614,12.883,,-0.040,,,,
1942,10/19/19 11:29:38 PM,,,100.571,,,,,
1943,10/19/19 11:31:18 PM,100.614,12.883,,-0.040,,,,
1944,10/19/19 11:31:38 PM,,,100.571,,,,,
1945,10/19/19 11:33:18 PM,100.603,12.883,,-0.040,,,,
1946,10/19/19 11:33:38 PM,,,100.560,,,,,
1947,10/19/19 11:35:18 PM,100.600,12.787,,-0.041,,,,
1948,10/19/19 11:35:38 PM,,,100.571,,,,,
1949,10/19/19 11:37:18 PM,100.600,12.787,,-0.041,,,,
1950,10/19/19 11:37:38 PM,,,100.571,,,,,
1951,10/19/19 11:39:18 PM,100.588,12.787,,-0.044,,,,
1952,10/19/19 11:39:38 PM,,,100.592,,,,,
1953,10/19/19 11:41:18 PM,100.588,12.787,,-0.043,,,,
1954,10/19/19 11:41:38 PM,,,100.581,,,,,
1955,10/19/19 11:43:18 PM,100.611,12.787,,-0.041,,,,
1956,10/19/19 11:43:38 PM,,,100.581,,,,,
1957,10/19/19 11:45:18 PM,100.600,12.787,,-0.042,,,,
1958,10/19/19 11:45:38 PM,,,100.581,,,,,
1959,10/19/19 11:47:18 PM,100.611,12.787,,-0.040,,,,
1960,10/19/19 11:47:38 PM,,,100.571,,,,,
1961,10/19/19 11:49:18 PM,100.588,12.787,,-0.043,,,,
1962,10/19/19 11:49:38 PM,,,100.581,,,,,
1963,10/19/19 11:51:18 PM,100.588,12.787,,-0.043,,,,
1964,10/19/19 11:51:38 PM,,,100.581,,,,,
1965,10/19/19 11:53:18 PM,100.576,12.787,,-0.044,,,,
1966,10/19/19 11:53:38 PM,,,100.581,,,,,
1967,10/19/19 11:55:18 PM,100.588,12.787,,-0.043,,,,
1968,10/19/19 11:55:38 PM,,,100.581,,,,,
1969,10/19/19 11:57:18 PM,100.600,12.787,,-0.042,,,,
1970,10/19/19 11:57:38 PM,,,100.581,,,,,
1971,10/19/19 11:59:18 PM,100.588,12.787,,-0.043,,,,
1972,10/19/19 11:59:38 PM,,,100.581,,,,,
1973,10/20/19 12:01:18 AM,100.573,12.690,,-0.045,,,,
1974,10/20/19 12:01:38 AM,,,100.581,,,,,
1975,10/20/19 12:03:18 AM,100.585,12.690,,-0.044,,,,
1976,10/20/19 12:03:38 AM,,,100.581,,,,,
1977,10/20/19 12:05:18 AM,100.585,12.690,,-0.043,,,,
1978,10/20/19 12:05:38 AM,,,100.571,,,,,
1979,10/20/19 12:07:18 AM,100.573,12.690,,-0.043,,,,
1980,10/20/19 12:07:38 AM,,,100.560,,,,,
1981,10/20/19 12:09:18 AM,100.596,12.690,,-0.040,,,,
1982,10/20/19 12:09:38 AM,,,100.560,,,,,
1983,10/20/19 12:11:18 AM,100.570,12.594,,-0.043,,,,
1984,10/20/19 12:11:38 AM,,,100.560,,,,,
1985,10/20/19 12:13:18 AM,100.558,12.594,,-0.045,,,,
1986,10/20/19 12:13:38 AM,,,100.571,,,,,
1987,10/20/19 12:15:18 AM,100.570,12.594,,-0.043,,,,
1988,10/20/19 12:15:38 AM,,,100.560,,,,,
1989,10/20/19 12:17:18 AM,100.570,12.594,,-0.043,,,,
1990,10/20/19 12:17:38 AM,,,100.560,,,,,
1991,10/20/19 12:19:18 AM,100.593,12.594,,-0.040,,,,
1992,10/20/19 12:19:38 AM,,,100.556,,,,,
1993,10/20/19 12:21:18 AM,100.570,12.594,,-0.043,,,,
1994,10/20/19 12:21:38 AM,,,100.567,,,,,
1995,10/20/19 12:23:18 AM,100.590,12.497,,-0.041,,,,
1996,10/20/19 12:23:38 AM,,,100.556,,,,,
1997,10/20/19 12:25:18 AM,100.555,12.497,,-0.044,,,,
1998,10/20/19 12:25:38 AM,,,100.556,,,,,
1999,10/20/19 12:27:18 AM,100.601,12.497,,-0.039,,,,
2000,10/20/19 12:27:38 AM,,,100.556,,,,,
2001,10/20/19 12:29:18 AM,100.590,12.497,,-0.042,,,,
2002,10/20/19 12:29:38 AM,,,100.578,,,,,
2003,10/20/19 12:31:18 AM,100.590,12.497,,-0.043,,,,
2004,10/20/19 12:31:38 AM,,,100.578,,,,,
2005,10/20/19 12:33:18 AM,100.590,12.497,,-0.043,,,,
2006,10/20/19 12:33:38 AM,,,100.578,,,,,
2007,10/20/19 12:35:18 AM,100.578,12.497,,-0.044,,,,
2008,10/20/19 12:35:38 AM,,,100.578,,,,,
2009,10/20/19 12:37:18 AM,100.566,12.497,,-0.044,,,,
2010,10/20/19 12:37:38 AM,,,100.567,,,,,
2011,10/20/19 12:39:18 AM,100.566,12.497,,-0.044,,,,
2012,10/20/19 12:39:38 AM,,,100.567,,,,,
2013,10/20/19 12:41:18 AM,100.578,12.497,,-0.043,,,,
2014,10/20/19 12:41:38 AM,,,100.567,,,,,
2015,10/20/19 12:43:18 AM,100.590,12.497,,-0.042,,,,
2016,10/20/19 12:43:38 AM,,,100.567,,,,,
2017,10/20/19 12:45:18 AM,100.578,12.497,,-0.043,,,,
2018,10/20/19 12:45:38 AM,,,100.567,,,,,
2019,10/20/19 12:47:18 AM,100.566,12.497,,-0.043,,,,
2020,10/20/19 12:47:38 AM,,,100.556,,,,,
2021,10/20/19 12:49:18 AM,100.566,12.497,,-0.043,,,,
2022,10/20/19 12:49:38 AM,,,100.556,,,,,
2023,10/20/19 12:51:18 AM,100.543,12.497,,-0.045,,,,
2024,10/20/19 12:51:38 AM,,,100.556,,,,,
2025,10/20/19 12:53:18 AM,100.566,12.497,,-0.041,,,,
2026,10/20/19 12:53:38 AM,,,100.534,,,,,
2027,10/20/19 12:55:18 AM,100.531,12.497,,-0.044,,,,
2028,10/20/19 12:55:38 AM,,,100.534,,,,,
2029,10/20/19 12:57:18 AM,100.566,12.497,,-0.040,,,,
2030,10/20/19 12:57:38 AM,,,100.523,,,,,
2031,10/20/19 12:59:18 AM,100.543,12.497,,-0.042,,,,
2032,10/20/19 12:59:38 AM,,,100.523,,,,,
2033,10/20/19 01:01:18 AM,100.508,12.497,,-0.045,,,,
2034,10/20/19 01:01:38 AM,,,100.523,,,,,
2035,10/20/19 01:03:18 AM,100.523,12.594,,-0.044,,,,
2036,10/20/19 01:03:38 AM,,,100.519,,,,,
2037,10/20/19 01:05:18 AM,100.526,12.690,,-0.042,,,,
2038,10/20/19 01:05:38 AM,,,100.508,,,,,
2039,10/20/19 01:07:18 AM,100.526,12.690,,-0.043,,,,
2040,10/20/19 01:07:38 AM,,,100.519,,,,,
2041,10/20/19 01:09:18 AM,100.530,12.787,,-0.042,,,,
2042,10/20/19 01:09:38 AM,,,100.508,,,,,
2043,10/20/19 01:11:18 AM,100.518,12.787,,-0.042,,,,
2044,10/20/19 01:11:38 AM,,,100.497,,,,,
2045,10/20/19 01:13:18 AM,100.533,12.883,,-0.042,,,,
2046,10/20/19 01:13:38 AM,,,100.519,,,,,
2047,10/20/19 01:15:18 AM,100.545,12.883,,-0.040,,,,
2048,10/20/19 01:15:38 AM,,,100.508,,,,,
2049,10/20/19 01:17:18 AM,100.533,12.883,,-0.041,,,,
2050,10/20/19 01:17:38 AM,,,100.508,,,,,
2051,10/20/19 01:19:18 AM,100.533,12.883,,-0.042,,,,
2052,10/20/19 01:19:38 AM,,,100.519,,,,,
2053,10/20/19 01:21:18 AM,100.518,12.787,,-0.044,,,,
2054,10/20/19 01:21:38 AM,,,100.519,,,,,
2055,10/20/19 01:23:18 AM,100.526,12.690,,-0.043,,,,
2056,10/20/19 01:23:38 AM,,,100.519,,,,,
2057,10/20/19 01:25:18 AM,100.526,12.690,,-0.041,,,,
2058,10/20/19 01:25:38 AM,,,100.497,,,,,
2059,10/20/19 01:27:18 AM,100.511,12.594,,-0.043,,,,
2060,10/20/19 01:27:38 AM,,,100.497,,,,,
2061,10/20/19 01:29:18 AM,100.523,12.594,,-0.040,,,,
2062,10/20/19 01:29:38 AM,,,100.487,,,,,
2063,10/20/19 01:31:18 AM,100.511,12.594,,-0.041,,,,
2064,10/20/19 01:31:38 AM,,,100.487,,,,,
2065,10/20/19 01:33:18 AM,100.543,12.497,,-0.039,,,,
2066,10/20/19 01:33:38 AM,,,100.497,,,,,
2067,10/20/19 01:35:18 AM,100.520,12.497,,-0.042,,,,
2068,10/20/19 01:35:38 AM,,,100.497,,,,,
2069,10/20/19 01:37:18 AM,100.520,12.497,,-0.042,,,,
2070,10/20/19 01:37:38 AM,,,100.497,,,,,
2071,10/20/19 01:39:18 AM,100.508,12.497,,-0.042,,,,
2072,10/20/19 01:39:38 AM,,,100.487,,,,,
2073,10/20/19 01:41:18 AM,100.528,12.401,,-0.039,,,,
2074,10/20/19 01:41:38 AM,,,100.476,,,,,
2075,10/20/19 01:43:18 AM,100.493,12.401,,-0.043,,,,
2076,10/20/19 01:43:38 AM,,,100.487,,,,,
2077,10/20/19 01:45:18 AM,100.493,12.401,,-0.043,,,,
2078,10/20/19 01:45:38 AM,,,100.487,,,,,
2079,10/20/19 01:47:18 AM,100.505,12.401,,-0.041,,,,
2080,10/20/19 01:47:38 AM,,,100.472,,,,,
2081,10/20/19 01:49:18 AM,100.493,12.401,,-0.042,,,,
2082,10/20/19 01:49:38 AM,,,100.472,,,,,
2083,10/20/19 01:51:18 AM,100.490,12.304,,-0.042,,,,
2084,10/20/19 01:51:38 AM,,,100.472,,,,,
2085,10/20/19 01:53:18 AM,100.478,12.304,,-0.043,,,,
2086,10/20/19 01:53:38 AM,,,100.472,,,,,
2087,10/20/19 01:55:18 AM,100.513,12.304,,-0.040,,,,
2088,10/20/19 01:55:38 AM,,,100.472,,,,,
2089,10/20/19 01:57:18 AM,100.513,12.304,,-0.041,,,,
2090,10/20/19 01:57:38 AM,,,100.483,,,,,
2091,10/20/19 01:59:18 AM,100.525,12.304,,-0.040,,,,
2092,10/20/19 01:59:38 AM,,,100.483,,,,,
2093,10/20/19 02:01:18 AM,100.517,12.401,,-0.041,,,,
2094,10/20/19 02:01:38 AM,,,100.494,,,,,
2095,10/20/19 02:03:18 AM,100.517,12.401,,-0.042,,,,
2096,10/20/19 02:03:38 AM,,,100.494,,,,,
2097,10/20/19 02:05:18 AM,100.528,12.401,,-0.040,,,,
2098,10/20/19 02:05:38 AM,,,100.494,,,,,
2099,10/20/19 02:07:18 AM,100.517,12.401,,-0.041,,,,
2100,10/20/19 02:07:38 AM,,,100.483,,,,,
2101,10/20/19 02:09:18 AM,100.517,12.401,,-0.041,,,,
2102,10/20/19 02:09:38 AM,,,100.494,,,,,
2103,10/20/19 02:11:18 AM,100.505,12.401,,-0.043,,,,
2104,10/20/19 02:11:38 AM,,,100.494,,,,,
2105,10/20/19 02:13:18 AM,100.482,12.401,,-0.043,,,,
2106,10/20/19 02:13:38 AM,,,100.472,,,,,
2107,10/20/19 02:15:18 AM,100.508,12.497,,-0.040,,,,
2108,10/20/19 02:15:38 AM,,,100.472,,,,,
2109,10/20/19 02:17:18 AM,100.496,12.497,,-0.041,,,,
2110,10/20/19 02:17:38 AM,,,100.461,,,,,
2111,10/20/19 02:19:18 AM,100.473,12.497,,-0.042,,,,
2112,10/20/19 02:19:38 AM,,,100.450,,,,,
2113,10/20/19 02:21:18 AM,100.485,12.497,,-0.040,,,,
2114,10/20/19 02:21:38 AM,,,100.446,,,,,
2115,10/20/19 02:23:18 AM,100.473,12.497,,-0.042,,,,
2116,10/20/19 02:23:38 AM,,,100.457,,,,,
2117,10/20/19 02:25:18 AM,100.476,12.594,,-0.042,,,,
2118,10/20/19 02:25:38 AM,,,100.457,,,,,
2119,10/20/19 02:27:18 AM,100.500,12.594,,-0.040,,,,
2120,10/20/19 02:27:38 AM,,,100.457,,,,,
2121,10/20/19 02:29:18 AM,100.500,12.594,,-0.040,,,,
2122,10/20/19 02:29:38 AM,,,100.457,,,,,
2123,10/20/19 02:31:18 AM,100.476,12.594,,-0.042,,,,
2124,10/20/19 02:31:38 AM,,,100.457,,,,,
2125,10/20/19 02:33:18 AM,100.500,12.594,,-0.039,,,,
2126,10/20/19 02:33:38 AM,,,100.446,,,,,
2127,10/20/19 02:35:18 AM,100.500,12.594,,-0.038,,,,
2128,10/20/19 02:35:38 AM,,,100.446,,,,,
2129,10/20/19 02:37:18 AM,100.468,12.690,,-0.042,,,,
2130,10/20/19 02:37:38 AM,,,100.446,,,,,
2131,10/20/19 02:39:18 AM,100.468,12.690,,-0.042,,,,
2132,10/20/19 02:39:38 AM,,,100.446,,,,,
2133,10/20/19 02:41:18 AM,100.448,12.787,,-0.042,,,,
2134,10/20/19 02:41:38 AM,,,100.424,,,,,
2135,10/20/19 02:43:18 AM,100.463,12.883,,-0.041,,,,
2136,10/20/19 02:43:38 AM,,,100.435,,,,,
2137,10/20/19 02:45:18 AM,100.451,12.883,,-0.041,,,,
2138,10/20/19 02:45:38 AM,,,100.424,,,,,
2139,10/20/19 02:47:18 AM,100.454,12.980,,-0.042,,,,
2140,10/20/19 02:47:38 AM,,,100.442,,,,,
2141,10/20/19 02:49:18 AM,100.466,12.980,,-0.040,,,,
2142,10/20/19 02:49:38 AM,,,100.420,,,,,
2143,10/20/19 02:51:18 AM,100.466,12.980,,-0.040,,,,
2144,10/20/19 02:51:38 AM,,,100.431,,,,,
2145,10/20/19 02:53:18 AM,100.478,12.980,,-0.040,,,,
2146,10/20/19 02:53:38 AM,,,100.442,,,,,
2147,10/20/19 02:55:18 AM,100.466,12.980,,-0.040,,,,
2148,10/20/19 02:55:38 AM,,,100.420,,,,,
2149,10/20/19 02:57:18 AM,100.466,12.980,,-0.040,,,,
2150,10/20/19 02:57:38 AM,,,100.431,,,,,
2151,10/20/19 02:59:18 AM,100.478,12.980,,-0.038,,,,
2152,10/20/19 02:59:38 AM,,,100.420,,,,,
2153,10/20/19 03:01:18 AM,100.454,12.980,,-0.041,,,,
2154,10/20/19 03:01:38 AM,,,100.431,,,,,
2155,10/20/19 03:03:18 AM,100.466,12.980,,-0.039,,,,
2156,10/20/19 03:03:38 AM,,,100.420,,,,,
2157,10/20/19 03:05:18 AM,100.454,12.980,,-0.040,,,,
2158,10/20/19 03:05:38 AM,,,100.420,,,,,
2159,10/20/19 03:07:18 AM,100.446,13.076,,-0.041,,,,
2160,10/20/19 03:07:38 AM,,,100.420,,,,,
2161,10/20/19 03:09:18 AM,100.434,13.076,,-0.043,,,,
2162,10/20/19 03:09:38 AM,,,100.420,,,,,
2163,10/20/19 03:11:18 AM,100.446,13.076,,-0.041,,,,
2164,10/20/19 03:11:38 AM,,,100.420,,,,,
2165,10/20/19 03:13:18 AM,100.446,13.076,,-0.041,,,,
2166,10/20/19 03:13:38 AM,,,100.420,,,,,
2167,10/20/19 03:15:18 AM,100.458,13.076,,-0.040,,,,
2168,10/20/19 03:15:38 AM,,,100.420,,,,,
2169,10/20/19 03:17:18 AM,100.446,13.076,,-0.040,,,,
2170,10/20/19 03:17:38 AM,,,100.410,,,,,
2171,10/20/19 03:19:18 AM,100.458,13.076,,-0.040,,,,
2172,10/20/19 03:19:38 AM,,,100.420,,,,,
2173,10/20/19 03:21:18 AM,100.458,13.076,,-0.040,,,,
2174,10/20/19 03:21:38 AM,,,100.420,,,,,
2175,10/20/19 03:23:18 AM,100.458,13.076,,-0.040,,,,
2176,10/20/19 03:23:38 AM,,,100.420,,,,,
2177,10/20/19 03:25:18 AM,100.466,12.980,,-0.040,,,,
2178,10/20/19 03:25:38 AM,,,100.431,,,,,
2179,10/20/19 03:27:18 AM,100.443,12.980,,-0.043,,,,
2180,10/20/19 03:27:38 AM,,,100.431,,,,,
2181,10/20/19 03:29:18 AM,100.454,12.980,,-0.042,,,,
2182,10/20/19 03:29:38 AM,,,100.431,,,,,
2183,10/20/19 03:31:18 AM,100.454,12.980,,-0.042,,,,
2184,10/20/19 03:31:38 AM,,,100.431,,,,,
2185,10/20/19 03:33:18 AM,100.454,12.980,,-0.041,,,,
2186,10/20/19 03:33:38 AM,,,100.420,,,,,
2187,10/20/19 03:35:18 AM,100.466,12.980,,-0.041,,,,
2188,10/20/19 03:35:38 AM,,,100.442,,,,,
2189,10/20/19 03:37:18 AM,100.489,12.980,,-0.039,,,,
2190,10/20/19 03:37:38 AM,,,100.442,,,,,
2191,10/20/19 03:39:18 AM,100.443,12.980,,-0.043,,,,
2192,10/20/19 03:39:38 AM,,,100.431,,,,,
2193,10/20/19 03:41:18 AM,100.443,12.980,,-0.043,,,,
2194,10/20/19 03:41:38 AM,,,100.431,,,,,
2195,10/20/19 03:43:18 AM,100.443,12.980,,-0.044,,,,
2196,10/20/19 03:43:38 AM,,,100.442,,,,,
2197,10/20/19 03:45:18 AM,100.466,12.980,,-0.041,,,,
2198,10/20/19 03:45:38 AM,,,100.442,,,,,
2199,10/20/19 03:47:18 AM,100.478,12.980,,-0.040,,,,
2200,10/20/19 03:47:38 AM,,,100.442,,,,,
2201,10/20/19 03:49:18 AM,100.454,12.980,,-0.042,,,,
2202,10/20/19 03:49:38 AM,,,100.431,,,,,
2203,10/20/19 03:51:18 AM,100.478,12.980,,-0.040,,,,
2204,10/20/19 03:51:38 AM,,,100.442,,,,,
2205,10/20/19 03:53:18 AM,100.454,12.980,,-0.043,,,,
2206,10/20/19 03:53:38 AM,,,100.442,,,,,
2207,10/20/19 03:55:18 AM,100.478,12.980,,-0.041,,,,
2208,10/20/19 03:55:38 AM,,,100.453,,,,,
2209,10/20/19 03:57:18 AM,100.469,13.076,,-0.042,,,,
2210,10/20/19 03:57:38 AM,,,100.453,,,,,
2211,10/20/19 03:59:18 AM,100.493,13.076,,-0.042,,,,
2212,10/20/19 03:59:38 AM,,,100.475,,,,,
2213,10/20/19 04:01:18 AM,100.481,13.076,,-0.041,,,,
2214,10/20/19 04:01:38 AM,,,100.453,,,,,
2215,10/20/19 04:03:18 AM,100.481,13.076,,-0.042,,,,
2216,10/20/19 04:03:38 AM,,,100.464,,,,,
2217,10/20/19 04:05:18 AM,100.484,13.173,,-0.041,,,,
2218,10/20/19 04:05:38 AM,,,100.449,,,,,
2219,10/20/19 04:07:18 AM,100.496,13.173,,-0.038,,,,
2220,10/20/19 04:07:38 AM,,,100.438,,,,,
2221,10/20/19 04:09:18 AM,100.488,13.269,,-0.039,,,,
2222,10/20/19 04:09:38 AM,,,100.438,,,,,
2223,10/20/19 04:11:18 AM,100.476,13.269,,-0.040,,,,
2224,10/20/19 04:11:38 AM,,,100.438,,,,,
2225,10/20/19 04:13:18 AM,100.476,13.269,,-0.039,,,,
2226,10/20/19 04:13:38 AM,,,100.427,,,,,
2227,10/20/19 04:15:18 AM,100.479,13.365,,-0.040,,,,
2228,10/20/19 04:15:38 AM,,,100.438,,,,,
2229,10/20/19 04:17:18 AM,100.479,13.365,,-0.039,,,,
2230,10/20/19 04:17:38 AM,,,100.427,,,,,
2231,10/20/19 04:19:18 AM,100.468,13.365,,-0.040,,,,
2232,10/20/19 04:19:38 AM,,,100.427,,,,,
2233,10/20/19 04:21:18 AM,100.491,13.365,,-0.039,,,,
2234,10/20/19 04:21:38 AM,,,100.442,,,,,
2235,10/20/19 04:23:18 AM,100.506,13.461,,-0.037,,,,
2236,10/20/19 04:23:38 AM,,,100.438,,,,,
2237,10/20/19 04:25:18 AM,100.506,13.461,,-0.037,,,,
2238,10/20/19 04:25:38 AM,,,100.442,,,,,
2239,10/20/19 04:27:18 AM,100.503,13.365,,-0.038,,,,
2240,10/20/19 04:27:38 AM,,,100.449,,,,,
2241,10/20/19 04:29:18 AM,100.491,13.365,,-0.040,,,,
2242,10/20/19 04:29:38 AM,,,100.449,,,,,
2243,10/20/19 04:31:18 AM,100.491,13.365,,-0.040,,,,
2244,10/20/19 04:31:38 AM,,,100.453,,,,,
2245,10/20/19 04:33:18 AM,100.488,13.269,,-0.038,,,,
2246,10/20/19 04:33:38 AM,,,100.427,,,,,
2247,10/20/19 04:35:18 AM,100.499,13.269,,-0.038,,,,
2248,10/20/19 04:35:38 AM,,,100.438,,,,,
2249,10/20/19 04:37:18 AM,100.488,13.269,,-0.040,,,,
2250,10/20/19 04:37:38 AM,,,100.449,,,,,
2251,10/20/19 04:39:18 AM,100.488,13.269,,-0.040,,,,
2252,10/20/19 04:39:38 AM,,,100.449,,,,,
2253,10/20/19 04:41:18 AM,100.496,13.173,,-0.039,,,,
2254,10/20/19 04:41:38 AM,,,100.449,,,,,
2255,10/20/19 04:43:18 AM,100.484,13.173,,-0.041,,,,
2256,10/20/19 04:43:38 AM,,,100.460,,,,,
2257,10/20/19 04:45:18 AM,100.484,13.173,,-0.041,,,,
2258,10/20/19 04:45:38 AM,,,100.449,,,,,
2259,10/20/19 04:47:18 AM,100.473,13.173,,-0.041,,,,
2260,10/20/19 04:47:38 AM,,,100.438,,,,,
2261,10/20/19 04:49:18 AM,100.484,13.173,,-0.039,,,,
2262,10/20/19 04:49:38 AM,,,100.438,,,,,
2263,10/20/19 04:51:18 AM,100.484,13.173,,-0.038,,,,
2264,10/20/19 04:51:38 AM,,,100.427,,,,,
2265,10/20/19 04:53:18 AM,100.496,13.173,,-0.039,,,,
2266,10/20/19 04:53:38 AM,,,100.449,,,,,
2267,10/20/19 04:55:18 AM,100.519,13.173,,-0.039,,,,
2268,10/20/19 04:55:38 AM,,,100.471,,,,,
2269,10/20/19 04:57:18 AM,100.504,13.076,,-0.039,,,,
2270,10/20/19 04:57:38 AM,,,100.449,,,,,
2271,10/20/19 04:59:18 AM,100.516,13.076,,-0.038,,,,
2272,10/20/19 04:59:38 AM,,,100.460,,,,,
2273,10/20/19 05:01:18 AM,100.504,13.076,,-0.040,,,,
2274,10/20/19 05:01:38 AM,,,100.471,,,,,
2275,10/20/19 05:03:18 AM,100.528,13.076,,-0.038,,,,
2276,10/20/19 05:03:38 AM,,,100.471,,,,,
2277,10/20/19 05:05:18 AM,100.539,13.076,,-0.038,,,,
2278,10/20/19 05:05:38 AM,,,100.482,,,,,
2279,10/20/19 05:07:18 AM,100.528,13.076,,-0.039,,,,
2280,10/20/19 05:07:38 AM,,,100.482,,,,,
2281,10/20/19 05:09:18 AM,100.539,13.076,,-0.039,,,,
2282,10/20/19 05:09:38 AM,,,100.493,,,,,
2283,10/20/19 05:11:18 AM,100.543,13.173,,-0.039,,,,
2284,10/20/19 05:11:38 AM,,,100.493,,,,,
2285,10/20/19 05:13:18 AM,100.543,13.173,,-0.038,,,,
2286,10/20/19 05:13:38 AM,,,100.482,,,,,
2287,10/20/19 05:15:18 AM,100.551,13.076,,-0.038,,,,
2288,10/20/19 05:15:38 AM,,,100.493,,,,,
2289,10/20/19 05:17:18 AM,100.554,13.173,,-0.038,,,,
2290,10/20/19 05:17:38 AM,,,100.493,,,,,
2291,10/20/19 05:19:18 AM,100.531,13.173,,-0.039,,,,
2292,10/20/19 05:19:38 AM,,,100.482,,,,,
2293,10/20/19 05:21:18 AM,100.543,13.173,,-0.039,,,,
2294,10/20/19 05:21:38 AM,,,100.493,,,,,
2295,10/20/19 05:23:18 AM,100.531,13.173,,-0.038,,,,
2296,10/20/19 05:23:38 AM,,,100.471,,,,,
2297,10/20/19 05:25:18 AM,100.519,13.173,,-0.039,,,,
2298,10/20/19 05:25:38 AM,,,100.471,,,,,
2299,10/20/19 05:27:18 AM,100.508,13.173,,-0.040,,,,
2300,10/20/19 05:27:38 AM,,,100.471,,,,,
2301,10/20/19 05:29:18 AM,100.543,13.173,,-0.037,,,,
2302,10/20/19 05:29:38 AM,,,100.471,,,,,
2303,10/20/19 05:31:18 AM,100.543,13.173,,-0.037,,,,
2304,10/20/19 05:31:38 AM,,,100.471,,,,,
2305,10/20/19 05:33:18 AM,100.519,13.173,,-0.040,,,,
2306,10/20/19 05:33:38 AM,,,100.482,,,,,
2307,10/20/19 05:35:18 AM,100.531,13.173,,-0.039,,,,
2308,10/20/19 05:35:38 AM,,,100.482,,,,,
2309,10/20/19 05:37:18 AM,100.543,13.173,,-0.038,,,,
2310,10/20/19 05:37:38 AM,,,100.482,,,,,
2311,10/20/19 05:39:18 AM,100.531,13.173,,-0.039,,,,
2312,10/20/19 05:39:38 AM,,,100.478,,,,,
2313,10/20/19 05:41:18 AM,100.531,13.173,,-0.039,,,,
2314,10/20/19 05:41:38 AM,,,100.489,,,,,
2315,10/20/19 05:43:18 AM,100.519,13.173,,-0.039,,,,
2316,10/20/19 05:43:38 AM,,,100.467,,,,,
2317,10/20/19 05:45:18 AM,100.519,13.173,,-0.040,,,,
2318,10/20/19 05:45:38 AM,,,100.478,,,,,
2319,10/20/19 05:47:18 AM,100.519,13.173,,-0.039,,,,
2320,10/20/19 05:47:38 AM,,,100.467,,,,,
2321,10/20/19 05:49:18 AM,100.531,13.173,,-0.037,,,,
2322,10/20/19 05:49:38 AM,,,100.467,,,,,
2323,10/20/19 05:51:18 AM,100.496,13.173,,-0.040,,,,
2324,10/20/19 05:51:38 AM,,,100.456,,,,,
2325,10/20/19 05:53:18 AM,100.496,13.173,,-0.040,,,,
2326,10/20/19 05:53:38 AM,,,100.456,,,,,
2327,10/20/19 05:55:18 AM,100.508,13.173,,-0.037,,,,
2328,10/20/19 05:55:38 AM,,,100.435,,,,,
2329,10/20/19 05:57:18 AM,100.496,13.173,,-0.039,,,,
2330,10/20/19 05:57:38 AM,,,100.445,,,,,
2331,10/20/19 05:59:18 AM,100.496,13.173,,-0.039,,,,
2332,10/20/19 05:59:38 AM,,,100.445,,,,,
2333,10/20/19 06:01:18 AM,100.484,13.173,,-0.040,,,,
2334,10/20/19 06:01:38 AM,,,100.445,,,,,
2335,10/20/19 06:03:18 AM,100.493,13.076,,-0.040,,,,
2336,10/20/19 06:03:38 AM,,,100.456,,,,,
2337,10/20/19 06:05:18 AM,100.493,13.076,,-0.040,,,,
2338,10/20/19 06:05:38 AM,,,100.456,,,,,
2339,10/20/19 06:07:18 AM,100.481,13.076,,-0.040,,,,
2340,10/20/19 06:07:38 AM,,,100.435,,,,,
2341,10/20/19 06:09:18 AM,100.504,13.076,,-0.038,,,,
2342,10/20/19 06:09:38 AM,,,100.445,,,,,
2343,10/20/19 06:11:18 AM,100.481,13.076,,-0.040,,,,
2344,10/20/19 06:11:38 AM,,,100.445,,,,,
2345,10/20/19 06:13:18 AM,100.469,13.076,,-0.041,,,,
2346,10/20/19 06:13:38 AM,,,100.442,,,,,
2347,10/20/19 06:15:18 AM,100.458,13.076,,-0.042,,,,
2348,10/20/19 06:15:38 AM,,,100.442,,,,,
2349,10/20/19 06:17:18 AM,100.469,13.076,,-0.041,,,,
2350,10/20/19 06:17:38 AM,,,100.442,,,,,
2351,10/20/19 06:19:18 AM,100.458,13.076,,-0.040,,,,
2352,10/20/19 06:19:38 AM,,,100.420,,,,,
2353,10/20/19 06:21:18 AM,100.458,13.076,,-0.041,,,,
2354,10/20/19 06:21:38 AM,,,100.431,,,,,
2355,10/20/19 06:23:18 AM,100.469,13.076,,-0.039,,,,
2356,10/20/19 06:23:38 AM,,,100.420,,,,,
2357,10/20/19 06:25:18 AM,100.446,13.076,,-0.041,,,,
2358,10/20/19 06:25:38 AM,,,100.420,,,,,
2359,10/20/19 06:27:18 AM,100.446,13.076,,-0.042,,,,
2360,10/20/19 06:27:38 AM,,,100.431,,,,,
2361,10/20/19 06:29:18 AM,100.481,13.076,,-0.038,,,,
2362,10/20/19 06:29:38 AM,,,100.420,,,,,
2363,10/20/19 06:31:18 AM,100.458,13.076,,-0.041,,,,
2364,10/20/19 06:31:38 AM,,,100.431,,,,,
2365,10/20/19 06:33:18 AM,100.458,13.076,,-0.042,,,,
2366,10/20/19 06:33:38 AM,,,100.442,,,,,
2367,10/20/19 06:35:18 AM,100.458,13.076,,-0.041,,,,
2368,10/20/19 06:35:38 AM,,,100.427,,,,,
2369,10/20/19 06:37:18 AM,100.481,13.076,,-0.039,,,,
2370,10/20/19 06:37:38 AM,,,100.438,,,,,
2371,10/20/19 06:39:18 AM,100.496,13.173,,-0.039,,,,
2372,10/20/19 06:39:38 AM,,,100.449,,,,,
2373,10/20/19 06:41:18 AM,100.481,13.076,,-0.042,,,,
2374,10/20/19 06:41:38 AM,,,100.459,,,,,
2375,10/20/19 06:43:18 AM,100.508,13.173,,-0.039,,,,
2376,10/20/19 06:43:38 AM,,,100.459,,,,,
2377,10/20/19 06:45:18 AM,100.519,13.173,,-0.040,,,,
2378,10/20/19 06:45:38 AM,,,100.481,,,,,
2379,10/20/19 06:47:18 AM,100.519,13.173,,-0.039,,,,
2380,10/20/19 06:47:38 AM,,,100.470,,,,,
2381,10/20/19 06:49:18 AM,100.519,13.173,,-0.040,,,,
2382,10/20/19 06:49:38 AM,,,100.481,,,,,
2383,10/20/19 06:51:18 AM,100.519,13.173,,-0.040,,,,
2384,10/20/19 06:51:38 AM,,,100.481,,,,,
2385,10/20/19 06:53:18 AM,100.531,13.173,,-0.040,,,,
2386,10/20/19 06:53:38 AM,,,100.492,,,,,
2387,10/20/19 06:55:18 AM,100.531,13.173,,-0.041,,,,
2388,10/20/19 06:55:38 AM,,,100.503,,,,,
2389,10/20/19 06:57:18 AM,100.519,13.173,,-0.041,,,,
2390,10/20/19 06:57:38 AM,,,100.492,,,,,
2391,10/20/19 06:59:18 AM,100.499,13.269,,-0.042,,,,
2392,10/20/19 06:59:38 AM,,,100.481,,,,,
2393,10/20/19 07:01:18 AM,100.511,13.269,,-0.040,,,,
2394,10/20/19 07:01:38 AM,,,100.466,,,,,
2395,10/20/19 07:03:18 AM,100.511,13.269,,-0.039,,,,
2396,10/20/19 07:03:38 AM,,,100.466,,,,,
2397,10/20/19 07:05:18 AM,100.488,13.269,,-0.041,,,,
2398,10/20/19 07:05:38 AM,,,100.456,,,,,
2399,10/20/19 07:07:18 AM,100.476,13.269,,-0.042,,,,
2400,10/20/19 07:07:38 AM,,,100.456,,,,,
2401,10/20/19 07:09:18 AM,100.499,13.269,,-0.040,,,,
2402,10/20/19 07:09:38 AM,,,100.466,,,,,
2403,10/20/19 07:11:18 AM,100.499,13.269,,-0.041,,,,
2404,10/20/19 07:11:38 AM,,,100.466,,,,,
2405,10/20/19 07:13:18 AM,100.526,13.365,,-0.038,,,,
2406,10/20/19 07:13:38 AM,,,100.466,,,,,
2407,10/20/19 07:15:18 AM,100.491,13.365,,-0.041,,,,
2408,10/20/19 07:15:38 AM,,,100.456,,,,,
2409,10/20/19 07:17:18 AM,100.476,13.269,,-0.042,,,,
2410,10/20/19 07:17:38 AM,,,100.456,,,,,
2411,10/20/19 07:19:18 AM,100.488,13.269,,-0.040,,,,
2412,10/20/19 07:19:38 AM,,,100.452,,,,,
2413,10/20/19 07:21:18 AM,100.468,13.365,,-0.041,,,,
2414,10/20/19 07:21:38 AM,,,100.441,,,,,
2415,10/20/19 07:23:18 AM,100.479,13.365,,-0.040,,,,
2416,10/20/19 07:23:38 AM,,,100.441,,,,,
2417,10/20/19 07:25:18 AM,100.479,13.365,,-0.039,,,,
2418,10/20/19 07:25:38 AM,,,100.430,,,,,
2419,10/20/19 07:27:18 AM,100.468,13.365,,-0.041,,,,
2420,10/20/19 07:27:38 AM,,,100.441,,,,,
2421,10/20/19 07:29:18 AM,100.468,13.365,,-0.040,,,,
2422,10/20/19 07:29:38 AM,,,100.430,,,,,
2423,10/20/19 07:31:18 AM,100.494,13.461,,-0.038,,,,
2424,10/20/19 07:31:38 AM,,,100.441,,,,,
2425,10/20/19 07:33:18 AM,100.471,13.461,,-0.041,,,,
2426,10/20/19 07:33:38 AM,,,100.441,,,,,
2427,10/20/19 07:35:18 AM,100.471,13.461,,-0.042,,,,
2428,10/20/19 07:35:38 AM,,,100.452,,,,,
2429,10/20/19 07:37:18 AM,100.486,13.558,,-0.039,,,,
2430,10/20/19 07:37:38 AM,,,100.437,,,,,
2431,10/20/19 07:39:18 AM,100.474,13.558,,-0.039,,,,
2432,10/20/19 07:39:38 AM,,,100.426,,,,,
2433,10/20/19 07:41:18 AM,100.462,13.558,,-0.040,,,,
2434,10/20/19 07:41:38 AM,,,100.426,,,,,
2435,10/20/19 07:43:18 AM,100.451,13.558,,-0.040,,,,
2436,10/20/19 07:43:38 AM,,,100.411,,,,,
2437,10/20/19 07:45:18 AM,100.451,13.558,,-0.041,,,,
2438,10/20/19 07:45:38 AM,,,100.422,,,,,
2439,10/20/19 07:47:18 AM,100.466,13.654,,-0.039,,,,
2440,10/20/19 07:47:38 AM,,,100.422,,,,,
2441,10/20/19 07:49:18 AM,100.442,13.654,,-0.042,,,,
2442,10/20/19 07:49:38 AM,,,100.429,,,,,
2443,10/20/19 07:51:18 AM,100.469,13.750,,-0.040,,,,
2444,10/20/19 07:51:38 AM,,,100.429,,,,,
2445,10/20/19 07:53:18 AM,100.446,13.750,,-0.043,,,,
2446,10/20/19 07:53:38 AM,,,100.440,,,,,
2447,10/20/19 07:55:18 AM,100.481,13.750,,-0.039,,,,
2448,10/20/19 07:55:38 AM,,,100.436,,,,,
2449,10/20/19 07:57:18 AM,100.469,13.750,,-0.041,,,,
2450,10/20/19 07:57:38 AM,,,100.436,,,,,
2451,10/20/19 07:59:18 AM,100.446,13.750,,-0.043,,,,
2452,10/20/19 07:59:38 AM,,,100.436,,,,,
2453,10/20/19 08:01:18 AM,100.461,13.846,,-0.042,,,,
2454,10/20/19 08:01:38 AM,,,100.447,,,,,
2455,10/20/19 08:03:18 AM,100.461,13.846,,-0.043,,,,
2456,10/20/19 08:03:38 AM,,,100.447,,,,,
2457,10/20/19 08:05:18 AM,100.487,13.942,,-0.039,,,,
2458,10/20/19 08:05:38 AM,,,100.432,,,,,
2459,10/20/19 08:07:18 AM,100.475,13.942,,-0.040,,,,
2460,10/20/19 08:07:38 AM,,,100.443,,,,,
2461,10/20/19 08:09:18 AM,100.479,14.038,,-0.038,,,,
2462,10/20/19 08:09:38 AM,,,100.422,,,,,
2463,10/20/19 08:11:18 AM,100.467,14.038,,-0.040,,,,
2464,10/20/19 08:11:38 AM,,,100.432,,,,,
2465,10/20/19 08:13:18 AM,100.447,14.134,,-0.044,,,,
2466,10/20/19 08:13:38 AM,,,100.454,,,,,
2467,10/20/19 08:15:18 AM,100.459,14.134,,-0.042,,,,
2468,10/20/19 08:15:38 AM,,,100.443,,,,,
2469,10/20/19 08:17:18 AM,100.474,14.230,,-0.041,,,,
2470,10/20/19 08:17:38 AM,,,100.443,,,,,
2471,10/20/19 08:19:18 AM,100.497,14.230,,-0.040,,,,
2472,10/20/19 08:19:38 AM,,,100.461,,,,,
2473,10/20/19 08:21:18 AM,100.497,14.230,,-0.040,,,,
2474,10/20/19 08:21:38 AM,,,100.461,,,,,
2475,10/20/19 08:23:18 AM,100.489,14.325,,-0.042,,,,
2476,10/20/19 08:23:38 AM,,,100.472,,,,,
2477,10/20/19 08:25:18 AM,100.500,14.325,,-0.040,,,,
2478,10/20/19 08:25:38 AM,,,100.461,,,,,
2479,10/20/19 08:27:18 AM,100.477,14.325,,-0.041,,,,
2480,10/20/19 08:27:38 AM,,,100.450,,,,,
2481,10/20/19 08:29:18 AM,100.480,14.421,,-0.041,,,,
2482,10/20/19 08:29:38 AM,,,100.450,,,,,
2483,10/20/19 08:31:18 AM,100.492,14.421,,-0.041,,,,
2484,10/20/19 08:31:38 AM,,,100.461,,,,,
2485,10/20/19 08:33:18 AM,100.468,14.421,,-0.043,,,,
2486,10/20/19 08:33:38 AM,,,100.461,,,,,
2487,10/20/19 08:35:18 AM,100.480,14.421,,-0.042,,,,
2488,10/20/19 08:35:38 AM,,,100.461,,,,,
2489,10/20/19 08:37:18 AM,100.483,14.517,,-0.042,,,,
2490,10/20/19 08:37:38 AM,,,100.461,,,,,
2491,10/20/19 08:39:18 AM,100.483,14.517,,-0.041,,,,
2492,10/20/19 08:39:38 AM,,,100.450,,,,,
2493,10/20/19 08:41:18 AM,100.483,14.517,,-0.041,,,,
2494,10/20/19 08:41:38 AM,,,100.450,,,,,
2495,10/20/19 08:43:18 AM,100.495,14.517,,-0.038,,,,
2496,10/20/19 08:43:38 AM,,,100.439,,,,,
2497,10/20/19 08:45:18 AM,100.483,14.517,,-0.039,,,,
2498,10/20/19 08:45:38 AM,,,100.439,,,,,
2499,10/20/19 08:47:18 AM,100.498,14.613,,-0.037,,,,
2500,10/20/19 08:47:38 AM,,,100.429,,,,,
2501,10/20/19 08:49:18 AM,100.475,14.613,,-0.038,,,,
2502,10/20/19 08:49:38 AM,,,100.418,,,,,
2503,10/20/19 08:51:18 AM,100.443,14.709,,-0.040,,,,
2504,10/20/19 08:51:38 AM,,,100.407,,,,,
2505,10/20/19 08:53:18 AM,100.470,14.804,,-0.039,,,,
2506,10/20/19 08:53:38 AM,,,100.422,,,,,
2507,10/20/19 08:55:18 AM,100.461,14.900,,-0.040,,,,
2508,10/20/19 08:55:38 AM,,,100.422,,,,,
2509,10/20/19 08:57:18 AM,100.476,14.996,,-0.038,,,,
2510,10/20/19 08:57:38 AM,,,100.422,,,,,
2511,10/20/19 08:59:18 AM,100.468,15.091,,-0.039,,,,
2512,10/20/19 08:59:38 AM,,,100.422,,,,,
2513,10/20/19 09:01:18 AM,100.471,15.187,,-0.040,,,,
2514,10/20/19 09:01:38 AM,,,100.432,,,,,
2515,10/20/19 09:03:18 AM,100.463,15.282,,-0.042,,,,
2516,10/20/19 09:03:38 AM,,,100.447,,,,,
2517,10/20/19 09:05:18 AM,100.469,15.473,,-0.040,,,,
2518,10/20/19 09:05:38 AM,,,100.425,,,,,
2519,10/20/19 09:07:18 AM,100.449,15.569,,-0.041,,,,
2520,10/20/19 09:07:38 AM,,,100.414,,,,,
2521,10/20/19 09:09:18 AM,100.464,15.664,,-0.038,,,,
2522,10/20/19 09:09:38 AM,,,100.404,,,,,
2523,10/20/19 09:11:18 AM,100.468,15.760,,-0.039,,,,
2524,10/20/19 09:11:38 AM,,,100.418,,,,,
2525,10/20/19 09:13:18 AM,100.459,15.855,,-0.039,,,,
2526,10/20/19 09:13:38 AM,,,100.407,,,,,
2527,10/20/19 09:15:18 AM,100.436,15.855,,-0.041,,,,
2528,10/20/19 09:15:38 AM,,,100.407,,,,,
2529,10/20/19 09:17:18 AM,100.451,15.951,,-0.040,,,,
2530,10/20/19 09:17:38 AM,,,100.411,,,,,
2531,10/20/19 09:19:18 AM,100.454,16.046,,-0.039,,,,
2532,10/20/19 09:19:38 AM,,,100.400,,,,,
2533,10/20/19 09:21:18 AM,100.434,16.141,,-0.040,,,,
2534,10/20/19 09:21:38 AM,,,100.390,,,,,
2535,10/20/19 09:23:18 AM,100.437,16.237,,-0.039,,,,
2536,10/20/19 09:23:38 AM,,,100.383,,,,,
2537,10/20/19 09:25:18 AM,100.452,16.332,,-0.038,,,,
2538,10/20/19 09:25:38 AM,,,100.393,,,,,
2539,10/20/19 09:27:18 AM,100.429,16.332,,-0.040,,,,
2540,10/20/19 09:27:38 AM,,,100.393,,,,,
2541,10/20/19 09:29:18 AM,100.441,16.332,,-0.039,,,,
2542,10/20/19 09:29:38 AM,,,100.397,,,,,
2543,10/20/19 09:31:18 AM,100.429,16.332,,-0.042,,,,
2544,10/20/19 09:31:38 AM,,,100.408,,,,,
2545,10/20/19 09:33:18 AM,100.467,16.427,,-0.038,,,,
2546,10/20/19 09:33:38 AM,,,100.408,,,,,
2547,10/20/19 09:35:18 AM,100.456,16.427,,-0.039,,,,
2548,10/20/19 09:35:38 AM,,,100.412,,,,,
2549,10/20/19 09:37:18 AM,100.459,16.523,,-0.039,,,,
2550,10/20/19 09:37:38 AM,,,100.412,,,,,
2551,10/20/19 09:39:18 AM,100.450,16.618,,-0.039,,,,
2552,10/20/19 09:39:38 AM,,,100.405,,,,,
2553,10/20/19 09:41:18 AM,100.439,16.618,,-0.040,,,,
2554,10/20/19 09:41:38 AM,,,100.394,,,,,
2555,10/20/19 09:43:18 AM,100.450,16.618,,-0.037,,,,
2556,10/20/19 09:43:38 AM,,,100.383,,,,,
2557,10/20/19 09:45:18 AM,100.442,16.713,,-0.040,,,,
2558,10/20/19 09:45:38 AM,,,100.409,,,,,
2559,10/20/19 09:47:18 AM,100.457,16.808,,-0.039,,,,
2560,10/20/19 09:47:38 AM,,,100.409,,,,,
2561,10/20/19 09:49:18 AM,100.460,16.903,,-0.039,,,,
2562,10/20/19 09:49:38 AM,,,100.413,,,,,
2563,10/20/19 09:51:18 AM,100.464,16.999,,-0.039,,,,
2564,10/20/19 09:51:38 AM,,,100.413,,,,,
2565,10/20/19 09:53:18 AM,100.455,17.094,,-0.038,,,,
2566,10/20/19 09:53:38 AM,,,100.391,,,,,
2567,10/20/19 09:55:18 AM,100.470,17.189,,-0.037,,,,
2568,10/20/19 09:55:38 AM,,,100.406,,,,,
2569,10/20/19 09:57:18 AM,100.458,17.189,,-0.039,,,,
2570,10/20/19 09:57:38 AM,,,100.406,,,,,
2571,10/20/19 09:59:18 AM,100.438,17.284,,-0.041,,,,
2572,10/20/19 09:59:38 AM,,,100.410,,,,,
2573,10/20/19 10:01:18 AM,100.438,17.284,,-0.040,,,,
2574,10/20/19 10:01:38 AM,,,100.399,,,,,
2575,10/20/19 10:03:18 AM,100.453,17.379,,-0.037,,,,
2576,10/20/19 10:03:38 AM,,,100.388,,,,,
2577,10/20/19 10:05:18 AM,100.465,17.379,,-0.037,,,,
2578,10/20/19 10:05:38 AM,,,100.403,,,,,
2579,10/20/19 10:07:18 AM,100.472,17.570,,-0.037,,,,
2580,10/20/19 10:07:38 AM,,,100.403,,,,,
2581,10/20/19 10:09:18 AM,100.463,17.665,,-0.039,,,,
2582,10/20/19 10:09:38 AM,,,100.413,,,,,
2583,10/20/19 10:11:18 AM,100.467,17.760,,-0.039,,,,
2584,10/20/19 10:11:38 AM,,,100.417,,,,,
2585,10/20/19 10:13:18 AM,100.443,17.760,,-0.039,,,,
2586,10/20/19 10:13:38 AM,,,100.396,,,,,
2587,10/20/19 10:15:18 AM,100.443,17.760,,-0.039,,,,
2588,10/20/19 10:15:38 AM,,,100.389,,,,,
2589,10/20/19 10:17:18 AM,100.467,17.760,,-0.036,,,,
2590,10/20/19 10:17:38 AM,,,100.389,,,,,
2591,10/20/19 10:19:18 AM,100.463,17.665,,-0.036,,,,
2592,10/20/19 10:19:38 AM,,,100.389,,,,,
2593,10/20/19 10:21:18 AM,100.448,17.570,,-0.039,,,,
2594,10/20/19 10:21:38 AM,,,100.403,,,,,
2595,10/20/19 10:23:18 AM,100.457,17.475,,-0.037,,,,
2596,10/20/19 10:23:38 AM,,,100.392,,,,,
2597,10/20/19 10:25:18 AM,100.442,17.379,,-0.039,,,,
2598,10/20/19 10:25:38 AM,,,100.392,,,,,
2599,10/20/19 10:27:18 AM,100.427,17.284,,-0.040,,,,
2600,10/20/19 10:27:38 AM,,,100.382,,,,,
2601,10/20/19 10:29:18 AM,100.427,17.284,,-0.038,,,,
2602,10/20/19 10:29:38 AM,,,100.371,,,,,
2603,10/20/19 10:31:18 AM,100.423,17.189,,-0.040,,,,
2604,10/20/19 10:31:38 AM,,,100.385,,,,,
2605,10/20/19 10:33:18 AM,100.420,17.094,,-0.041,,,,
2606,10/20/19 10:33:38 AM,,,100.396,,,,,
2607,10/20/19 10:35:18 AM,100.444,17.094,,-0.039,,,,
2608,10/20/19 10:35:38 AM,,,100.396,,,,,
2609,10/20/19 10:37:18 AM,100.440,16.999,,-0.039,,,,
2610,10/20/19 10:37:38 AM,,,100.396,,,,,
2611,10/20/19 10:39:18 AM,100.429,16.999,,-0.042,,,,
2612,10/20/19 10:39:38 AM,,,100.407,,,,,
2613,10/20/19 10:41:18 AM,100.449,16.903,,-0.041,,,,
2614,10/20/19 10:41:38 AM,,,100.418,,,,,
2615,10/20/19 10:43:18 AM,100.460,16.903,,-0.040,,,,
2616,10/20/19 10:43:38 AM,,,100.418,,,,,
2617,10/20/19 10:45:18 AM,100.460,16.903,,-0.040,,,,
2618,10/20/19 10:45:38 AM,,,100.418,,,,,
2619,10/20/19 10:47:18 AM,100.484,16.903,,-0.038,,,,
2620,10/20/19 10:47:38 AM,,,100.429,,,,,
2621,10/20/19 10:49:18 AM,100.495,16.903,,-0.038,,,,
2622,10/20/19 10:49:38 AM,,,100.440,,,,,
2623,10/20/19 10:51:18 AM,100.495,16.903,,-0.040,,,,
2624,10/20/19 10:51:38 AM,,,100.462,,,,,
2625,10/20/19 10:53:18 AM,100.507,16.903,,-0.038,,,,
2626,10/20/19 10:53:38 AM,,,100.451,,,,,
2627,10/20/19 10:55:18 AM,100.495,16.903,,-0.040,,,,
2628,10/20/19 10:55:38 AM,,,100.458,,,,,
2629,10/20/19 10:57:18 AM,100.499,16.999,,-0.040,,,,
2630,10/20/19 10:57:38 AM,,,100.458,,,,,
2631,10/20/19 10:59:18 AM,100.499,16.999,,-0.041,,,,
2632,10/20/19 10:59:38 AM,,,100.469,,,,,
2633,10/20/19 11:01:18 AM,100.499,16.999,,-0.041,,,,
2634,10/20/19 11:01:38 AM,,,100.469,,,,,
2635,10/20/19 11:03:18 AM,100.499,16.999,,-0.041,,,,
2636,10/20/19 11:03:38 AM,,,100.469,,,,,
2637,10/20/19 11:05:18 AM,100.522,16.999,,-0.039,,,,
2638,10/20/19 11:05:38 AM,,,100.469,,,,,
2639,10/20/19 11:07:18 AM,100.510,16.999,,-0.040,,,,
2640,10/20/19 11:07:38 AM,,,100.469,,,,,
2641,10/20/19 11:09:18 AM,100.522,16.999,,-0.039,,,,
2642,10/20/19 11:09:38 AM,,,100.469,,,,,
2643,10/20/19 11:11:18 AM,100.510,16.999,,-0.042,,,,
2644,10/20/19 11:11:38 AM,,,100.501,,,,,
2645,10/20/19 11:13:18 AM,100.534,16.999,,-0.039,,,,
2646,10/20/19 11:13:38 AM,,,100.480,,,,,
2647,10/20/19 11:15:18 AM,100.522,16.999,,-0.041,,,,
2648,10/20/19 11:15:38 AM,,,100.490,,,,,
2649,10/20/19 11:17:18 AM,100.499,16.999,,-0.041,,,,
2650,10/20/19 11:17:38 AM,,,100.469,,,,,
2651,10/20/19 11:19:18 AM,100.499,16.999,,-0.040,,,,
2652,10/20/19 11:19:38 AM,,,100.458,,,,,
2653,10/20/19 11:21:18 AM,100.487,16.999,,-0.039,,,,
2654,10/20/19 11:21:38 AM,,,100.436,,,,,
2655,10/20/19 11:23:18 AM,100.487,16.999,,-0.039,,,,
2656,10/20/19 11:23:38 AM,,,100.436,,,,,
2657,10/20/19 11:25:18 AM,100.487,16.999,,-0.039,,,,
2658,10/20/19 11:25:38 AM,,,100.436,,,,,
2659,10/20/19 11:27:18 AM,100.510,16.999,,-0.036,,,,
2660,10/20/19 11:27:38 AM,,,100.436,,,,,
2661,10/20/19 11:29:18 AM,100.484,16.903,,-0.040,,,,
2662,10/20/19 11:29:38 AM,,,100.447,,,,,
2663,10/20/19 11:31:18 AM,100.472,16.903,,-0.040,,,,
2664,10/20/19 11:31:38 AM,,,100.436,,,,,
2665,10/20/19 11:33:18 AM,100.460,16.903,,-0.041,,,,
2666,10/20/19 11:33:38 AM,,,100.425,,,,,
2667,10/20/19 11:35:18 AM,100.449,16.903,,-0.041,,,,
2668,10/20/19 11:35:38 AM,,,100.425,,,,,
2669,10/20/19 11:37:18 AM,100.449,16.903,,-0.041,,,,
2670,10/20/19 11:37:38 AM,,,100.425,,,,,
2671,10/20/19 11:39:18 AM,100.457,16.808,,-0.040,,,,
2672,10/20/19 11:39:38 AM,,,100.414,,,,,
2673,10/20/19 11:41:18 AM,100.457,16.808,,-0.040,,,,
2674,10/20/19 11:41:38 AM,,,100.414,,,,,
2675,10/20/19 11:43:18 AM,100.445,16.808,,-0.041,,,,
2676,10/20/19 11:43:38 AM,,,100.414,,,,,
2677,10/20/19 11:45:18 AM,100.445,16.808,,-0.039,,,,
2678,10/20/19 11:45:38 AM,,,100.392,,,,,
2679,10/20/19 11:47:18 AM,100.442,16.713,,-0.040,,,,
2680,10/20/19 11:47:38 AM,,,100.403,,,,,
2681,10/20/19 11:49:18 AM,100.442,16.713,,-0.041,,,,
2682,10/20/19 11:49:38 AM,,,100.410,,,,,
2683,10/20/19 11:51:18 AM,100.419,16.713,,-0.041,,,,
2684,10/20/19 11:51:38 AM,,,100.389,,,,,
2685,10/20/19 11:53:18 AM,100.430,16.713,,-0.040,,,,
2686,10/20/19 11:53:38 AM,,,100.389,,,,,
2687,10/20/19 11:55:18 AM,100.430,16.713,,-0.039,,,,
2688,10/20/19 11:55:38 AM,,,100.378,,,,,
2689,10/20/19 11:57:18 AM,100.410,16.808,,-0.041,,,,
2690,10/20/19 11:57:38 AM,,,100.378,,,,,
2691,10/20/19 11:59:18 AM,100.422,16.808,,-0.039,,,,
2692,10/20/19 11:59:38 AM,,,100.378,,,,,
2693,10/20/19 12:01:18 PM,100.410,16.808,,-0.041,,,,
2694,10/20/19 12:01:38 PM,,,100.378,,,,,
2695,10/20/19 12:03:18 PM,100.410,16.808,,-0.041,,,,
2696,10/20/19 12:03:38 PM,,,100.378,,,,,
2697,10/20/19 12:05:18 PM,100.422,16.808,,-0.039,,,,
2698,10/20/19 12:05:38 PM,,,100.367,,,,,
2699,10/20/19 12:07:18 PM,100.434,16.808,,-0.037,,,,
2700,10/20/19 12:07:38 PM,,,100.367,,,,,
2701,10/20/19 12:09:18 PM,100.402,16.903,,-0.039,,,,
2702,10/20/19 12:09:38 PM,,,100.356,,,,,
2703,10/20/19 12:11:18 PM,100.390,16.903,,-0.040,,,,
2704,10/20/19 12:11:38 PM,,,100.356,,,,,
2705,10/20/19 12:13:18 PM,100.379,16.903,,-0.041,,,,
2706,10/20/19 12:13:38 PM,,,100.352,,,,,
2707,10/20/19 12:15:18 PM,100.367,16.903,,-0.041,,,,
2708,10/20/19 12:15:38 PM,,,100.341,,,,,
2709,10/20/19 12:17:18 PM,100.367,16.903,,-0.040,,,,
2710,10/20/19 12:17:38 PM,,,100.330,,,,,
2711,10/20/19 12:19:18 PM,100.367,16.903,,-0.040,,,,
2712,10/20/19 12:19:38 PM,,,100.330,,,,,
2713,10/20/19 12:21:18 PM,100.344,16.903,,-0.042,,,,
2714,10/20/19 12:21:38 PM,,,100.319,,,,,
2715,10/20/19 12:23:18 PM,100.355,16.903,,-0.040,,,,
2716,10/20/19 12:23:38 PM,,,100.319,,,,,
2717,10/20/19 12:25:18 PM,100.332,16.903,,-0.041,,,,
2718,10/20/19 12:25:38 PM,,,100.297,,,,,
2719,10/20/19 12:27:18 PM,100.332,16.903,,-0.040,,,,
2720,10/20/19 12:27:38 PM,,,100.297,,,,,
2721,10/20/19 12:29:18 PM,100.332,16.903,,-0.040,,,,
2722,10/20/19 12:29:38 PM,,,100.287,,,,,
2723,10/20/19 12:31:18 PM,100.332,16.903,,-0.040,,,,
2724,10/20/19 12:31:38 PM,,,100.297,,,,,
2725,10/20/19 12:33:18 PM,100.355,16.903,,-0.038,,,,
2726,10/20/19 12:33:38 PM,,,100.297,,,,,
2727,10/20/19 12:35:18 PM,100.367,16.903,,-0.038,,,,
2728,10/20/19 12:35:38 PM,,,100.308,,,,,
2729,10/20/19 12:37:18 PM,100.355,16.903,,-0.039,,,,
2730,10/20/19 12:37:38 PM,,,100.308,,,,,
2731,10/20/19 12:39:18 PM,100.352,16.808,,-0.040,,,,
2732,10/20/19 12:39:38 PM,,,100.319,,,,,
2733,10/20/19 12:41:18 PM,100.352,16.808,,-0.042,,,,
2734,10/20/19 12:41:38 PM,,,100.330,,,,,
2735,10/20/19 12:43:18 PM,100.349,16.713,,-0.041,,,,
2736,10/20/19 12:43:38 PM,,,100.319,,,,,
2737,10/20/19 12:45:18 PM,100.337,16.713,,-0.043,,,,
2738,10/20/19 12:45:38 PM,,,100.330,,,,,
2739,10/20/19 12:47:18 PM,100.360,16.713,,-0.041,,,,
2740,10/20/19 12:47:38 PM,,,100.330,,,,,
2741,10/20/19 12:49:18 PM,100.349,16.713,,-0.042,,,,
2742,10/20/19 12:49:38 PM,,,100.330,,,,,
2743,10/20/19 12:51:18 PM,100.372,16.713,,-0.040,,,,
2744,10/20/19 12:51:38 PM,,,100.330,,,,,
2745,10/20/19 12:53:18 PM,100.372,16.713,,-0.039,,,,
2746,10/20/19 12:53:38 PM,,,100.319,,,,,
2747,10/20/19 12:55:18 PM,100.360,16.713,,-0.040,,,,
2748,10/20/19 12:55:38 PM,,,100.319,,,,,
2749,10/20/19 12:57:18 PM,100.360,16.713,,-0.040,,,,
2750,10/20/19 12:57:38 PM,,,100.319,,,,,
2751,10/20/19 12:59:18 PM,100.325,16.713,,-0.043,,,,
2752,10/20/19 12:59:38 PM,,,100.319,,,,,
2753,10/20/19 01:01:18 PM,100.325,16.713,,-0.042,,,,
2754,10/20/19 01:01:38 PM,,,100.308,,,,,
2755,10/20/19 01:03:18 PM,100.314,16.713,,-0.042,,,,
2756,10/20/19 01:03:38 PM,,,100.297,,,,,
2757,10/20/19 01:05:18 PM,100.325,16.713,,-0.040,,,,
2758,10/20/19 01:05:38 PM,,,100.287,,,,,
2759,10/20/19 01:07:18 PM,100.314,16.713,,-0.040,,,,
2760,10/20/19 01:07:38 PM,,,100.276,,,,,
2761,10/20/19 01:09:18 PM,100.290,16.713,,-0.043,,,,
2762,10/20/19 01:09:38 PM,,,100.287,,,,,
2763,10/20/19 01:11:18 PM,100.294,16.808,,-0.044,,,,
2764,10/20/19 01:11:38 PM,,,100.297,,,,,
2765,10/20/19 01:13:18 PM,100.294,16.808,,-0.042,,,,
2766,10/20/19 01:13:38 PM,,,100.276,,,,,
2767,10/20/19 01:15:18 PM,100.282,16.808,,-0.043,,,,
2768,10/20/19 01:15:38 PM,,,100.276,,,,,
2769,10/20/19 01:17:18 PM,100.270,16.808,,-0.044,,,,
2770,10/20/19 01:17:38 PM,,,100.265,,,,,
2771,10/20/19 01:19:18 PM,100.297,16.903,,-0.041,,,,
2772,10/20/19 01:19:38 PM,,,100.265,,,,,
2773,10/20/19 01:21:18 PM,100.285,16.903,,-0.042,,,,
2774,10/20/19 01:21:38 PM,,,100.265,,,,,
2775,10/20/19 01:23:18 PM,100.262,16.903,,-0.041,,,,
2776,10/20/19 01:23:38 PM,,,100.232,,,,,
2777,10/20/19 01:25:18 PM,100.250,16.903,,-0.042,,,,
2778,10/20/19 01:25:38 PM,,,100.232,,,,,
2779,10/20/19 01:27:18 PM,100.250,16.903,,-0.041,,,,
2780,10/20/19 01:27:38 PM,,,100.221,,,,,
2781,10/20/19 01:29:18 PM,100.273,16.903,,-0.039,,,,
2782,10/20/19 01:29:38 PM,,,100.221,,,,,
2783,10/20/19 01:31:18 PM,100.250,16.903,,-0.042,,,,
2784,10/20/19 01:31:38 PM,,,100.232,,,,,
2785,10/20/19 01:33:18 PM,100.250,16.903,,-0.042,,,,
2786,10/20/19 01:33:38 PM,,,100.232,,,,,
2787,10/20/19 01:35:18 PM,100.247,16.808,,-0.041,,,,
2788,10/20/19 01:35:38 PM,,,100.221,,,,,
2789,10/20/19 01:37:18 PM,100.247,16.808,,-0.041,,,,
2790,10/20/19 01:37:38 PM,,,100.221,,,,,
2791,10/20/19 01:39:18 PM,100.235,16.808,,-0.043,,,,
2792,10/20/19 01:39:38 PM,,,100.221,,,,,
2793,10/20/19 01:41:18 PM,100.244,16.713,,-0.042,,,,
2794,10/20/19 01:41:38 PM,,,100.221,,,,,
2795,10/20/19 01:43:18 PM,100.255,16.713,,-0.040,,,,
2796,10/20/19 01:43:38 PM,,,100.221,,,,,
2797,10/20/19 01:45:18 PM,100.244,16.713,,-0.042,,,,
2798,10/20/19 01:45:38 PM,,,100.221,,,,,
2799,10/20/19 01:47:18 PM,100.240,16.618,,-0.042,,,,
2800,10/20/19 01:47:38 PM,,,100.221,,,,,
2801,10/20/19 01:49:18 PM,100.229,16.618,,-0.043,,,,
2802,10/20/19 01:49:38 PM,,,100.221,,,,,
2803,10/20/19 01:51:18 PM,100.237,16.523,,-0.041,,,,
2804,10/20/19 01:51:38 PM,,,100.210,,,,,
2805,10/20/19 01:53:18 PM,100.237,16.523,,-0.042,,,,
2806,10/20/19 01:53:38 PM,,,100.221,,,,,
2807,10/20/19 01:55:18 PM,100.234,16.427,,-0.043,,,,
2808,10/20/19 01:55:38 PM,,,100.221,,,,,
2809,10/20/19 01:57:18 PM,100.245,16.427,,-0.040,,,,
2810,10/20/19 01:57:38 PM,,,100.199,,,,,
2811,10/20/19 01:59:18 PM,100.234,16.427,,-0.041,,,,
2812,10/20/19 01:59:38 PM,,,100.210,,,,,
2813,10/20/19 02:01:18 PM,100.257,16.427,,-0.040,,,,
2814,10/20/19 02:01:38 PM,,,100.221,,,,,
2815,10/20/19 02:03:18 PM,100.269,16.427,,-0.039,,,,
2816,10/20/19 02:03:38 PM,,,100.221,,,,,
2817,10/20/19 02:05:18 PM,100.269,16.427,,-0.040,,,,
2818,10/20/19 02:05:38 PM,,,100.232,,,,,
2819,10/20/19 02:07:18 PM,100.269,16.427,,-0.040,,,,
2820,10/20/19 02:07:38 PM,,,100.232,,,,,
2821,10/20/19 02:09:18 PM,100.280,16.427,,-0.040,,,,
2822,10/20/19 02:09:38 PM,,,100.243,,,,,
2823,10/20/19 02:11:18 PM,100.269,16.427,,-0.042,,,,
2824,10/20/19 02:11:38 PM,,,100.254,,,,,
2825,10/20/19 02:13:18 PM,100.257,16.427,,-0.042,,,,
2826,10/20/19 02:13:38 PM,,,100.232,,,,,
2827,10/20/19 02:15:18 PM,100.245,16.427,,-0.041,,,,
2828,10/20/19 02:15:38 PM,,,100.210,,,,,
2829,10/20/19 02:17:18 PM,100.234,16.427,,-0.041,,,,
2830,10/20/19 02:17:38 PM,,,100.199,,,,,
2831,10/20/19 02:19:18 PM,100.210,16.427,,-0.043,,,,
2832,10/20/19 02:19:38 PM,,,100.199,,,,,
2833,10/20/19 02:21:18 PM,100.222,16.427,,-0.041,,,,
2834,10/20/19 02:21:38 PM,,,100.189,,,,,
2835,10/20/19 02:23:18 PM,100.210,16.427,,-0.041,,,,
2836,10/20/19 02:23:38 PM,,,100.185,,,,,
2837,10/20/19 02:25:18 PM,100.234,16.427,,-0.039,,,,
2838,10/20/19 02:25:38 PM,,,100.189,,,,,
2839,10/20/19 02:27:18 PM,100.199,16.427,,-0.043,,,,
2840,10/20/19 02:27:38 PM,,,100.185,,,,,
2841,10/20/19 02:29:18 PM,100.234,16.427,,-0.041,,,,
2842,10/20/19 02:29:38 PM,,,100.206,,,,,
2843,10/20/19 02:31:18 PM,100.242,16.332,,-0.043,,,,
2844,10/20/19 02:31:38 PM,,,100.239,,,,,
2845,10/20/19 02:33:18 PM,100.254,16.332,,-0.041,,,,
2846,10/20/19 02:33:38 PM,,,100.228,,,,,
2847,10/20/19 02:35:18 PM,100.265,16.332,,-0.042,,,,
2848,10/20/19 02:35:38 PM,,,100.250,,,,,
2849,10/20/19 02:37:18 PM,100.265,16.332,,-0.042,,,,
2850,10/20/19 02:37:38 PM,,,100.250,,,,,
2851,10/20/19 02:39:18 PM,100.277,16.332,,-0.042,,,,
2852,10/20/19 02:39:38 PM,,,100.261,,,,,
2853,10/20/19 02:41:18 PM,100.277,16.332,,-0.043,,,,
2854,10/20/19 02:41:38 PM,,,100.272,,,,,
2855,10/20/19 02:43:18 PM,100.301,16.332,,-0.043,,,,
2856,10/20/19 02:43:38 PM,,,100.294,,,,,
2857,10/20/19 02:45:18 PM,100.301,16.332,,-0.043,,,,
2858,10/20/19 02:45:38 PM,,,100.294,,,,,
2859,10/20/19 02:47:18 PM,100.324,16.332,,-0.039,,,,
2860,10/20/19 02:47:38 PM,,,100.272,,,,,
2861,10/20/19 02:49:18 PM,100.289,16.332,,-0.042,,,,
2862,10/20/19 02:49:38 PM,,,100.272,,,,,
2863,10/20/19 02:51:18 PM,100.301,16.332,,-0.041,,,,
2864,10/20/19 02:51:38 PM,,,100.272,,,,,
2865,10/20/19 02:53:18 PM,100.301,16.332,,-0.042,,,,
2866,10/20/19 02:53:38 PM,,,100.283,,,,,
2867,10/20/19 02:55:18 PM,100.301,16.332,,-0.042,,,,
2868,10/20/19 02:55:38 PM,,,100.283,,,,,
2869,10/20/19 02:57:18 PM,100.312,16.332,,-0.041,,,,
2870,10/20/19 02:57:38 PM,,,100.283,,,,,
2871,10/20/19 02:59:18 PM,100.312,16.332,,-0.042,,,,
2872,10/20/19 02:59:38 PM,,,100.294,,,,,
2873,10/20/19 03:01:18 PM,100.289,16.332,,-0.044,,,,
2874,10/20/19 03:01:38 PM,,,100.283,,,,,
2875,10/20/19 03:03:18 PM,100.289,16.332,,-0.043,,,,
2876,10/20/19 03:03:38 PM,,,100.283,,,,,
2877,10/20/19 03:05:18 PM,100.289,16.332,,-0.041,,,,
2878,10/20/19 03:05:38 PM,,,100.261,,,,,
2879,10/20/19 03:07:18 PM,100.301,16.332,,-0.040,,,,
2880,10/20/19 03:07:38 PM,,,100.261,,,,,
2881,10/20/19 03:09:18 PM,100.289,16.332,,-0.042,,,,
2882,10/20/19 03:09:38 PM,,,100.272,,,,,
2883,10/20/19 03:11:18 PM,100.289,16.332,,-0.042,,,,
2884,10/20/19 03:11:38 PM,,,100.272,,,,,
2885,10/20/19 03:13:18 PM,100.277,16.332,,-0.043,,,,
2886,10/20/19 03:13:38 PM,,,100.272,,,,,
2887,10/20/19 03:15:18 PM,100.277,16.332,,-0.044,,,,
2888,10/20/19 03:15:38 PM,,,100.283,,,,,
2889,10/20/19 03:17:18 PM,100.289,16.332,,-0.042,,,,
2890,10/20/19 03:17:38 PM,,,100.272,,,,,
2891,10/20/19 03:19:18 PM,100.292,16.427,,-0.043,,,,
2892,10/20/19 03:19:38 PM,,,100.283,,,,,
2893,10/20/19 03:21:18 PM,100.280,16.427,,-0.043,,,,
2894,10/20/19 03:21:38 PM,,,100.272,,,,,
2895,10/20/19 03:23:18 PM,100.292,16.427,,-0.041,,,,
2896,10/20/19 03:23:38 PM,,,100.261,,,,,
2897,10/20/19 03:25:18 PM,100.280,16.427,,-0.043,,,,
2898,10/20/19 03:25:38 PM,,,100.272,,,,,
2899,10/20/19 03:27:18 PM,100.269,16.427,,-0.043,,,,
2900,10/20/19 03:27:38 PM,,,100.261,,,,,
2901,10/20/19 03:29:18 PM,100.257,16.427,,-0.042,,,,
2902,10/20/19 03:29:38 PM,,,100.239,,,,,
2903,10/20/19 03:31:18 PM,100.242,16.332,,-0.044,,,,
2904,10/20/19 03:31:38 PM,,,100.239,,,,,
2905,10/20/19 03:33:18 PM,100.242,16.332,,-0.043,,,,
2906,10/20/19 03:33:38 PM,,,100.228,,,,,
2907,10/20/19 03:35:18 PM,100.242,16.332,,-0.043,,,,
2908,10/20/19 03:35:38 PM,,,100.228,,,,,
2909,10/20/19 03:37:18 PM,100.242,16.332,,-0.043,,,,
2910,10/20/19 03:37:38 PM,,,100.228,,,,,
2911,10/20/19 03:39:18 PM,100.242,16.332,,-0.043,,,,
2912,10/20/19 03:39:38 PM,,,100.228,,,,,
2913,10/20/19 03:41:18 PM,100.254,16.332,,-0.042,,,,
2914,10/20/19 03:41:38 PM,,,100.239,,,,,
2915,10/20/19 03:43:18 PM,100.254,16.332,,-0.041,,,,
2916,10/20/19 03:43:38 PM,,,100.228,,,,,
2917,10/20/19 03:45:18 PM,100.251,16.237,,-0.043,,,,
2918,10/20/19 03:45:38 PM,,,100.250,,,,,
2919,10/20/19 03:47:18 PM,100.262,16.237,,-0.042,,,,
2920,10/20/19 03:47:38 PM,,,100.239,,,,,
2921,10/20/19 03:49:18 PM,100.251,16.237,,-0.043,,,,
2922,10/20/19 03:49:38 PM,,,100.239,,,,,
2923,10/20/19 03:51:18 PM,100.251,16.237,,-0.043,,,,
2924,10/20/19 03:51:38 PM,,,100.239,,,,,
2925,10/20/19 03:53:18 PM,100.262,16.237,,-0.043,,,,
2926,10/20/19 03:53:38 PM,,,100.250,,,,,
2927,10/20/19 03:55:18 PM,100.274,16.237,,-0.042,,,,
2928,10/20/19 03:55:38 PM,,,100.261,,,,,
2929,10/20/19 03:57:18 PM,100.274,16.237,,-0.041,,,,
2930,10/20/19 03:57:38 PM,,,100.239,,,,,
2931,10/20/19 03:59:18 PM,100.239,16.237,,-0.044,,,,
2932,10/20/19 03:59:38 PM,,,100.239,,,,,
2933,10/20/19 04:01:18 PM,100.239,16.237,,-0.041,,,,
2934,10/20/19 04:01:38 PM,,,100.206,,,,,
2935,10/20/19 04:03:18 PM,100.216,16.237,,-0.043,,,,
2936,10/20/19 04:03:38 PM,,,100.206,,,,,
2937,10/20/19 04:05:18 PM,100.216,16.237,,-0.043,,,,
2938,10/20/19 04:05:38 PM,,,100.206,,,,,
2939,10/20/19 04:07:18 PM,100.192,16.237,,-0.044,,,,
2940,10/20/19 04:07:38 PM,,,100.185,,,,,
2941,10/20/19 04:09:18 PM,100.181,16.237,,-0.043,,,,
2942,10/20/19 04:09:38 PM,,,100.174,,,,,
2943,10/20/19 04:11:18 PM,100.169,16.237,,-0.044,,,,
2944,10/20/19 04:11:38 PM,,,100.163,,,,,
2945,10/20/19 04:13:18 PM,100.145,16.237,,-0.047,,,,
2946,10/20/19 04:13:38 PM,,,100.174,,,,,
2947,10/20/19 04:15:18 PM,100.122,16.237,,-0.046,,,,
2948,10/20/19 04:15:38 PM,,,100.141,,,,,
2949,10/20/19 04:17:18 PM,100.110,16.237,,-0.045,,,,
2950,10/20/19 04:17:38 PM,,,100.119,,,,,
2951,10/20/19 04:19:18 PM,100.087,16.237,,-0.045,,,,
2952,10/20/19 04:19:38 PM,,,100.098,,,,,
2953,10/20/19 04:21:18 PM,100.087,16.237,,-0.044,,,,
2954,10/20/19 04:21:38 PM,,,100.087,,,,,
2955,10/20/19 04:23:18 PM,100.087,16.237,,-0.043,,,,
2956,10/20/19 04:23:38 PM,,,100.076,,,,,
2957,10/20/19 04:25:18 PM,100.075,16.237,,-0.043,,,,
2958,10/20/19 04:25:38 PM,,,100.065,,,,,
2959,10/20/19 04:27:18 PM,100.064,16.237,,-0.045,,,,
2960,10/20/19 04:27:38 PM,,,100.076,,,,,
2961,10/20/19 04:29:18 PM,100.087,16.237,,-0.043,,,,
2962,10/20/19 04:29:38 PM,,,100.076,,,,,
2963,10/20/19 04:31:18 PM,100.075,16.237,,-0.043,,,,
2964,10/20/19 04:31:38 PM,,,100.065,,,,,
2965,10/20/19 04:33:18 PM,100.087,16.237,,-0.043,,,,
2966,10/20/19 04:33:38 PM,,,100.076,,,,,
2967,10/20/19 04:35:18 PM,100.084,16.141,,-0.043,,,,
2968,10/20/19 04:35:38 PM,,,100.076,,,,,
2969,10/20/19 04:37:18 PM,100.096,16.141,,-0.042,,,,
2970,10/20/19 04:37:38 PM,,,100.076,,,,,
2971,10/20/19 04:39:18 PM,100.107,16.141,,-0.043,,,,
2972,10/20/19 04:39:38 PM,,,100.098,,,,,
2973,10/20/19 04:41:18 PM,100.084,16.141,,-0.046,,,,
2974,10/20/19 04:41:38 PM,,,100.108,,,,,
2975,10/20/19 04:43:18 PM,100.107,16.141,,-0.043,,,,
2976,10/20/19 04:43:38 PM,,,100.098,,,,,
2977,10/20/19 04:45:18 PM,100.107,16.141,,-0.042,,,,
2978,10/20/19 04:45:38 PM,,,100.087,,,,,
2979,10/20/19 04:47:18 PM,100.116,16.046,,-0.042,,,,
2980,10/20/19 04:47:38 PM,,,100.098,,,,,
2981,10/20/19 04:49:18 PM,100.116,16.046,,-0.042,,,,
2982,10/20/19 04:49:38 PM,,,100.098,,,,,
2983,10/20/19 04:51:18 PM,100.127,16.046,,-0.043,,,,
2984,10/20/19 04:51:38 PM,,,100.119,,,,,
2985,10/20/19 04:53:18 PM,100.139,16.046,,-0.043,,,,
2986,10/20/19 04:53:38 PM,,,100.130,,,,,
2987,10/20/19 04:55:18 PM,100.139,16.046,,-0.043,,,,
2988,10/20/19 04:55:38 PM,,,100.130,,,,,
2989,10/20/19 04:57:18 PM,100.127,16.046,,-0.044,,,,
2990,10/20/19 04:57:38 PM,,,100.130,,,,,
2991,10/20/19 04:59:18 PM,100.139,16.046,,-0.043,,,,
2992,10/20/19 04:59:38 PM,,,100.130,,,,,
2993,10/20/19 05:01:18 PM,100.139,16.046,,-0.043,,,,
2994,10/20/19 05:01:38 PM,,,100.130,,,,,
2995,10/20/19 05:03:18 PM,100.139,16.046,,-0.043,,,,
2996,10/20/19 05:03:38 PM,,,100.130,,,,,
2997,10/20/19 05:05:18 PM,100.139,16.046,,-0.043,,,,
2998,10/20/19 05:05:38 PM,,,100.130,,,,,
2999,10/20/19 05:07:18 PM,100.131,16.141,,-0.044,,,,
3000,10/20/19 05:07:38 PM,,,100.130,,,,,
3001,10/20/19 05:09:18 PM,100.154,16.141,,-0.041,,,,
3002,10/20/19 05:09:38 PM,,,100.130,,,,,
3003,10/20/19 05:11:18 PM,100.142,16.141,,-0.043,,,,
3004,10/20/19 05:11:38 PM,,,100.130,,,,,
3005,10/20/19 05:13:18 PM,100.131,16.141,,-0.046,,,,
3006,10/20/19 05:13:38 PM,,,100.152,,,,,
3007,10/20/19 05:15:18 PM,100.142,16.141,,-0.043,,,,
3008,10/20/19 05:15:38 PM,,,100.130,,,,,
3009,10/20/19 05:17:18 PM,100.134,16.237,,-0.044,,,,
3010,10/20/19 05:17:38 PM,,,100.141,,,,,
3011,10/20/19 05:19:18 PM,100.157,16.237,,-0.043,,,,
3012,10/20/19 05:19:38 PM,,,100.152,,,,,
3013,10/20/19 05:21:18 PM,100.192,16.237,,-0.041,,,,
3014,10/20/19 05:21:38 PM,,,100.163,,,,,
3015,10/20/19 05:23:18 PM,100.204,16.237,,-0.042,,,,
3016,10/20/19 05:23:38 PM,,,100.185,,,,,
3017,10/20/19 05:25:18 PM,100.216,16.237,,-0.042,,,,
3018,10/20/19 05:25:38 PM,,,100.196,,,,,
3019,10/20/19 05:27:18 PM,100.204,16.237,,-0.044,,,,
3020,10/20/19 05:27:38 PM,,,100.206,,,,,
3021,10/20/19 05:29:18 PM,100.227,16.237,,-0.043,,,,
3022,10/20/19 05:29:38 PM,,,100.217,,,,,
3023,10/20/19 05:31:18 PM,100.239,16.237,,-0.043,,,,
3024,10/20/19 05:31:38 PM,,,100.228,,,,,
3025,10/20/19 05:33:18 PM,100.251,16.237,,-0.042,,,,
3026,10/20/19 05:33:38 PM,,,100.228,,,,,
3027,10/20/19 05:35:18 PM,100.262,16.237,,-0.041,,,,
3028,10/20/19 05:35:38 PM,,,100.239,,,,,
3029,10/20/19 05:37:18 PM,100.262,16.237,,-0.043,,,,
3030,10/20/19 05:37:38 PM,,,100.261,,,,,
3031,10/20/19 05:39:18 PM,100.274,16.237,,-0.042,,,,
3032,10/20/19 05:39:38 PM,,,100.250,,,,,
3033,10/20/19 05:41:18 PM,100.274,16.237,,-0.041,,,,
3034,10/20/19 05:41:38 PM,,,100.250,,,,,
3035,10/20/19 05:43:18 PM,100.262,16.237,,-0.044,,,,
3036,10/20/19 05:43:38 PM,,,100.261,,,,,
3037,10/20/19 05:45:18 PM,100.259,16.141,,-0.045,,,,
3038,10/20/19 05:45:38 PM,,,100.272,,,,,
3039,10/20/19 05:47:18 PM,100.247,16.141,,-0.046,,,,
3040,10/20/19 05:47:38 PM,,,100.261,,,,,
3041,10/20/19 05:49:18 PM,100.224,16.141,,-0.046,,,,
3042,10/20/19 05:49:38 PM,,,100.239,,,,,
3043,10/20/19 05:51:18 PM,100.236,16.141,,-0.043,,,,
3044,10/20/19 05:51:38 PM,,,100.228,,,,,
3045,10/20/19 05:53:18 PM,100.236,16.141,,-0.043,,,,
3046,10/20/19 05:53:38 PM,,,100.228,,,,,
3047,10/20/19 05:55:18 PM,100.221,16.046,,-0.045,,,,
3048,10/20/19 05:55:38 PM,,,100.228,,,,,
3049,10/20/19 05:57:18 PM,100.244,16.046,,-0.043,,,,
3050,10/20/19 05:57:38 PM,,,100.239,,,,,
3051,10/20/19 05:59:18 PM,100.221,16.046,,-0.044,,,,
3052,10/20/19 05:59:38 PM,,,100.217,,,,,
3053,10/20/19 06:01:18 PM,100.232,16.046,,-0.043,,,,
3054,10/20/19 06:01:38 PM,,,100.228,,,,,
3055,10/20/19 06:03:18 PM,100.244,16.046,,-0.041,,,,
3056,10/20/19 06:03:38 PM,,,100.217,,,,,
3057,10/20/19 06:05:18 PM,100.232,16.046,,-0.043,,,,
3058,10/20/19 06:05:38 PM,,,100.228,,,,,
3059,10/20/19 06:07:18 PM,100.232,16.046,,-0.043,,,,
3060,10/20/19 06:07:38 PM,,,100.217,,,,,
3061,10/20/19 06:09:18 PM,100.232,16.046,,-0.043,,,,
3062,10/20/19 06:09:38 PM,,,100.228,,,,,
3063,10/20/19 06:11:18 PM,100.256,16.046,,-0.042,,,,
3064,10/20/19 06:11:38 PM,,,100.239,,,,,
3065,10/20/19 06:13:18 PM,100.241,15.951,,-0.043,,,,
3066,10/20/19 06:13:38 PM,,,100.228,,,,,
3067,10/20/19 06:15:18 PM,100.241,15.951,,-0.042,,,,
3068,10/20/19 06:15:38 PM,,,100.217,,,,,
3069,10/20/19 06:17:18 PM,100.252,15.951,,-0.042,,,,
3070,10/20/19 06:17:38 PM,,,100.235,,,,,
3071,10/20/19 06:19:18 PM,100.276,15.951,,-0.041,,,,
3072,10/20/19 06:19:38 PM,,,100.246,,,,,
3073,10/20/19 06:21:18 PM,100.264,15.951,,-0.042,,,,
3074,10/20/19 06:21:38 PM,,,100.246,,,,,
3075,10/20/19 06:23:18 PM,100.214,15.855,,-0.044,,,,
3076,10/20/19 06:23:38 PM,,,100.214,,,,,
3077,10/20/19 06:25:18 PM,100.179,15.855,,-0.045,,,,
3078,10/20/19 06:25:38 PM,,,100.181,,,,,
3079,10/20/19 06:27:18 PM,100.179,15.855,,-0.042,,,,
3080,10/20/19 06:27:38 PM,,,100.159,,,,,
3081,10/20/19 06:29:18 PM,100.179,15.855,,-0.043,,,,
3082,10/20/19 06:29:38 PM,,,100.170,,,,,
3083,10/20/19 06:31:18 PM,100.211,15.760,,-0.042,,,,
3084,10/20/19 06:31:38 PM,,,100.192,,,,,
3085,10/20/19 06:33:18 PM,100.188,15.760,,-0.043,,,,
3086,10/20/19 06:33:38 PM,,,100.181,,,,,
3087,10/20/19 06:35:18 PM,100.164,15.760,,-0.044,,,,
3088,10/20/19 06:35:38 PM,,,100.159,,,,,
3089,10/20/19 06:37:18 PM,100.164,15.760,,-0.042,,,,
3090,10/20/19 06:37:38 PM,,,100.137,,,,,
3091,10/20/19 06:39:18 PM,100.152,15.760,,-0.041,,,,
3092,10/20/19 06:39:38 PM,,,100.126,,,,,
3093,10/20/19 06:41:18 PM,100.152,15.760,,-0.042,,,,
3094,10/20/19 06:41:38 PM,,,100.137,,,,,
3095,10/20/19 06:43:18 PM,100.149,15.664,,-0.044,,,,
3096,10/20/19 06:43:38 PM,,,100.148,,,,,
3097,10/20/19 06:45:18 PM,100.173,15.664,,-0.041,,,,
3098,10/20/19 06:45:38 PM,,,100.148,,,,,
3099,10/20/19 06:47:18 PM,100.161,15.664,,-0.042,,,,
3100,10/20/19 06:47:38 PM,,,100.137,,,,,
3101,10/20/19 06:49:18 PM,100.149,15.664,,-0.043,,,,
3102,10/20/19 06:49:38 PM,,,100.137,,,,,
3103,10/20/19 06:51:18 PM,100.149,15.664,,-0.043,,,,
3104,10/20/19 06:51:38 PM,,,100.137,,,,,
3105,10/20/19 06:53:18 PM,100.134,15.569,,-0.044,,,,
3106,10/20/19 06:53:38 PM,,,100.137,,,,,
3107,10/20/19 06:55:18 PM,100.146,15.569,,-0.044,,,,
3108,10/20/19 06:55:38 PM,,,100.148,,,,,
3109,10/20/19 06:57:18 PM,100.158,15.569,,-0.043,,,,
3110,10/20/19 06:57:38 PM,,,100.144,,,,,
3111,10/20/19 06:59:18 PM,100.123,15.569,,-0.042,,,,
3112,10/20/19 06:59:38 PM,,,100.101,,,,,
3113,10/20/19 07:01:18 PM,100.123,15.569,,-0.043,,,,
3114,10/20/19 07:01:38 PM,,,100.112,,,,,
3115,10/20/19 07:03:18 PM,100.108,15.473,,-0.043,,,,
3116,10/20/19 07:03:38 PM,,,100.101,,,,,
3117,10/20/19 07:05:18 PM,100.096,15.473,,-0.045,,,,
3118,10/20/19 07:05:38 PM,,,100.112,,,,,
3119,10/20/19 07:07:18 PM,100.096,15.473,,-0.045,,,,
3120,10/20/19 07:07:38 PM,,,100.101,,,,,
3121,10/20/19 07:09:18 PM,100.108,15.473,,-0.043,,,,
3122,10/20/19 07:09:38 PM,,,100.101,,,,,
3123,10/20/19 07:11:18 PM,100.119,15.473,,-0.042,,,,
3124,10/20/19 07:11:38 PM,,,100.101,,,,,
3125,10/20/19 07:13:18 PM,100.096,15.473,,-0.044,,,,
3126,10/20/19 07:13:38 PM,,,100.101,,,,,
3127,10/20/19 07:15:18 PM,100.084,15.473,,-0.045,,,,
3128,10/20/19 07:15:38 PM,,,100.090,,,,,
3129,10/20/19 07:17:18 PM,100.073,15.473,,-0.043,,,,
3130,10/20/19 07:17:38 PM,,,100.057,,,,,
3131,10/20/19 07:19:18 PM,100.069,15.378,,-0.043,,,,
3132,10/20/19 07:19:38 PM,,,100.057,,,,,
3133,10/20/19 07:21:18 PM,100.058,15.378,,-0.044,,,,
3134,10/20/19 07:21:38 PM,,,100.057,,,,,
3135,10/20/19 07:23:18 PM,100.058,15.378,,-0.044,,,,
3136,10/20/19 07:23:38 PM,,,100.057,,,,,
3137,10/20/19 07:25:18 PM,100.069,15.378,,-0.043,,,,
3138,10/20/19 07:25:38 PM,,,100.057,,,,,
3139,10/20/19 07:27:18 PM,100.104,15.378,,-0.041,,,,
3140,10/20/19 07:27:38 PM,,,100.079,,,,,
3141,10/20/19 07:29:18 PM,100.113,15.282,,-0.041,,,,
3142,10/20/19 07:29:38 PM,,,100.090,,,,,
3143,10/20/19 07:31:18 PM,100.136,15.282,,-0.043,,,,
3144,10/20/19 07:31:38 PM,,,100.133,,,,,
3145,10/20/19 07:33:18 PM,100.171,15.282,,-0.042,,,,
3146,10/20/19 07:33:38 PM,,,100.155,,,,,
3147,10/20/19 07:35:18 PM,100.180,15.187,,-0.042,,,,
3148,10/20/19 07:35:38 PM,,,100.162,,,,,
3149,10/20/19 07:37:18 PM,100.226,15.187,,-0.039,,,,
3150,10/20/19 07:37:38 PM,,,100.184,,,,,
3151,10/20/19 07:39:18 PM,100.258,15.091,,-0.039,,,,
3152,10/20/19 07:39:38 PM,,,100.217,,,,,
3153,10/20/19 07:41:18 PM,100.281,15.091,,-0.040,,,,
3154,10/20/19 07:41:38 PM,,,100.249,,,,,
3155,10/20/19 07:43:18 PM,100.258,15.091,,-0.043,,,,
3156,10/20/19 07:43:38 PM,,,100.249,,,,,
3157,10/20/19 07:45:18 PM,100.255,14.996,,-0.042,,,,
3158,10/20/19 07:45:38 PM,,,100.238,,,,,
3159,10/20/19 07:47:18 PM,100.290,14.996,,-0.040,,,,
3160,10/20/19 07:47:38 PM,,,100.249,,,,,
3161,10/20/19 07:49:18 PM,100.290,14.996,,-0.041,,,,
3162,10/20/19 07:49:38 PM,,,100.260,,,,,
3163,10/20/19 07:51:18 PM,100.290,14.996,,-0.041,,,,
3164,10/20/19 07:51:38 PM,,,100.260,,,,,
3165,10/20/19 07:53:18 PM,100.290,14.996,,-0.041,,,,
3166,10/20/19 07:53:38 PM,,,100.260,,,,,
3167,10/20/19 07:55:18 PM,100.278,14.996,,-0.042,,,,
3168,10/20/19 07:55:38 PM,,,100.260,,,,,
3169,10/20/19 07:57:18 PM,100.293,15.091,,-0.041,,,,
3170,10/20/19 07:57:38 PM,,,100.260,,,,,
3171,10/20/19 07:59:18 PM,100.258,15.091,,-0.045,,,,
3172,10/20/19 07:59:38 PM,,,100.267,,,,,
3173,10/20/19 08:01:18 PM,100.258,15.091,,-0.043,,,,
3174,10/20/19 08:01:38 PM,,,100.245,,,,,
3175,10/20/19 08:03:18 PM,100.255,14.996,,-0.043,,,,
3176,10/20/19 08:03:38 PM,,,100.245,,,,,
3177,10/20/19 08:05:18 PM,100.255,14.996,,-0.041,,,,
3178,10/20/19 08:05:38 PM,,,100.224,,,,,
3179,10/20/19 08:07:18 PM,100.231,14.996,,-0.042,,,,
3180,10/20/19 08:07:38 PM,,,100.213,,,,,
3181,10/20/19 08:09:18 PM,100.231,14.996,,-0.041,,,,
3182,10/20/19 08:09:38 PM,,,100.202,,,,,
3183,10/20/19 08:11:18 PM,100.220,14.996,,-0.041,,,,
3184,10/20/19 08:11:38 PM,,,100.191,,,,,
3185,10/20/19 08:13:18 PM,100.196,14.996,,-0.043,,,,
3186,10/20/19 08:13:38 PM,,,100.191,,,,,
3187,10/20/19 08:15:18 PM,100.231,14.996,,-0.040,,,,
3188,10/20/19 08:15:38 PM,,,100.191,,,,,
3189,10/20/19 08:17:18 PM,100.228,14.900,,-0.040,,,,
3190,10/20/19 08:17:38 PM,,,100.191,,,,,
3191,10/20/19 08:19:18 PM,100.251,14.900,,-0.039,,,,
3192,10/20/19 08:19:38 PM,,,100.209,,,,,
3193,10/20/19 08:21:18 PM,100.251,14.900,,-0.041,,,,
3194,10/20/19 08:21:38 PM,,,100.220,,,,,
3195,10/20/19 08:23:18 PM,100.251,14.900,,-0.041,,,,
3196,10/20/19 08:23:38 PM,,,100.220,,,,,
3197,10/20/19 08:25:18 PM,100.251,14.900,,-0.040,,,,
3198,10/20/19 08:25:38 PM,,,100.209,,,,,
3199,10/20/19 08:27:18 PM,100.228,14.900,,-0.039,,,,
3200,10/20/19 08:27:38 PM,,,100.176,,,,,
3201,10/20/19 08:29:18 PM,100.181,14.900,,-0.040,,,,
3202,10/20/19 08:29:38 PM,,,100.133,,,,,
3203,10/20/19 08:31:18 PM,100.135,14.900,,-0.039,,,,
3204,10/20/19 08:31:38 PM,,,100.078,,,,,
3205,10/20/19 08:33:18 PM,100.065,14.900,,-0.042,,,,
3206,10/20/19 08:33:38 PM,,,100.035,,,,,
3207,10/20/19 08:35:18 PM,100.041,14.900,,-0.042,,,,
3208,10/20/19 08:35:38 PM,,,100.024,,,,,
3209,10/20/19 08:37:18 PM,100.088,14.900,,-0.038,,,,
3210,10/20/19 08:37:38 PM,,,100.035,,,,,
3211,10/20/19 08:39:18 PM,100.100,14.900,,-0.041,,,,
3212,10/20/19 08:39:38 PM,,,100.078,,,,,
3213,10/20/19 08:41:18 PM,100.120,14.804,,-0.041,,,,
3214,10/20/19 08:41:38 PM,,,100.096,,,,,
3215,10/20/19 08:43:18 PM,100.167,14.804,,-0.040,,,,
3216,10/20/19 08:43:38 PM,,,100.140,,,,,
3217,10/20/19 08:45:18 PM,100.202,14.804,,-0.039,,,,
3218,10/20/19 08:45:38 PM,,,100.162,,,,,
3219,10/20/19 08:47:18 PM,100.225,14.804,,-0.038,,,,
3220,10/20/19 08:47:38 PM,,,100.162,,,,,
3221,10/20/19 08:49:18 PM,100.225,14.804,,-0.038,,,,
3222,10/20/19 08:49:38 PM,,,100.172,,,,,
3223,10/20/19 08:51:18 PM,100.225,14.804,,-0.038,,,,
3224,10/20/19 08:51:38 PM,,,100.162,,,,,
3225,10/20/19 08:53:18 PM,100.216,14.900,,-0.040,,,,
3226,10/20/19 08:53:38 PM,,,100.183,,,,,
3227,10/20/19 08:55:18 PM,100.228,14.900,,-0.039,,,,
3228,10/20/19 08:55:38 PM,,,100.183,,,,,
3229,10/20/19 08:57:18 PM,100.251,14.900,,-0.038,,,,
3230,10/20/19 08:57:38 PM,,,100.194,,,,,
3231,10/20/19 08:59:18 PM,100.240,14.900,,-0.037,,,,
3232,10/20/19 08:59:38 PM,,,100.172,,,,,
3233,10/20/19 09:01:18 PM,100.216,14.900,,-0.039,,,,
3234,10/20/19 09:01:38 PM,,,100.162,,,,,
3235,10/20/19 09:03:18 PM,100.181,14.900,,-0.040,,,,
3236,10/20/19 09:03:38 PM,,,100.140,,,,,
3237,10/20/19 09:05:18 PM,100.181,14.900,,-0.041,,,,
3238,10/20/19 09:05:38 PM,,,100.151,,,,,
3239,10/20/19 09:07:18 PM,100.193,14.900,,-0.039,,,,
3240,10/20/19 09:07:38 PM,,,100.147,,,,,
3241,10/20/19 09:09:18 PM,100.193,14.900,,-0.038,,,,
3242,10/20/19 09:09:38 PM,,,100.136,,,,,
3243,10/20/19 09:11:18 PM,100.193,14.900,,-0.040,,,,
3244,10/20/19 09:11:38 PM,,,100.158,,,,,
3245,10/20/19 09:13:18 PM,100.193,14.900,,-0.039,,,,
3246,10/20/19 09:13:38 PM,,,100.147,,,,,
3247,10/20/19 09:15:18 PM,100.170,14.900,,-0.040,,,,
3248,10/20/19 09:15:38 PM,,,100.125,,,,,
3249,10/20/19 09:17:18 PM,100.181,14.900,,-0.038,,,,
3250,10/20/19 09:17:38 PM,,,100.125,,,,,
3251,10/20/19 09:19:18 PM,100.170,14.900,,-0.038,,,,
3252,10/20/19 09:19:38 PM,,,100.114,,,,,
3253,10/20/19 09:21:18 PM,100.158,14.900,,-0.039,,,,
3254,10/20/19 09:21:38 PM,,,100.114,,,,,
3255,10/20/19 09:23:18 PM,100.193,14.900,,-0.037,,,,
3256,10/20/19 09:23:38 PM,,,100.125,,,,,
3257,10/20/19 09:25:18 PM,100.181,14.900,,-0.038,,,,
3258,10/20/19 09:25:38 PM,,,100.125,,,,,
3259,10/20/19 09:27:18 PM,100.181,14.900,,-0.036,,,,
3260,10/20/19 09:27:38 PM,,,100.103,,,,,
3261,10/20/19 09:29:18 PM,100.146,14.900,,-0.039,,,,
3262,10/20/19 09:29:38 PM,,,100.092,,,,,
3263,10/20/19 09:31:18 PM,100.158,14.900,,-0.039,,,,
3264,10/20/19 09:31:38 PM,,,100.114,,,,,
3265,10/20/19 09:33:18 PM,100.178,14.804,,-0.038,,,,
3266,10/20/19 09:33:38 PM,,,100.125,,,,,
3267,10/20/19 09:35:18 PM,100.167,14.804,,-0.041,,,,
3268,10/20/19 09:35:38 PM,,,100.136,,,,,
3269,10/20/19 09:37:18 PM,100.167,14.804,,-0.040,,,,
3270,10/20/19 09:37:38 PM,,,100.121,,,,,
3271,10/20/19 09:39:18 PM,100.190,14.804,,-0.037,,,,
3272,10/20/19 09:39:38 PM,,,100.121,,,,,
3273,10/20/19 09:41:18 PM,100.155,14.804,,-0.038,,,,
3274,10/20/19 09:41:38 PM,,,100.088,,,,,
3275,10/20/19 09:43:18 PM,100.155,14.804,,-0.038,,,,
3276,10/20/19 09:43:38 PM,,,100.099,,,,,
3277,10/20/19 09:45:18 PM,100.155,14.804,,-0.039,,,,
3278,10/20/19 09:45:38 PM,,,100.110,,,,,
3279,10/20/19 09:47:18 PM,100.167,14.804,,-0.036,,,,
3280,10/20/19 09:47:38 PM,,,100.088,,,,,
3281,10/20/19 09:49:18 PM,100.132,14.804,,-0.039,,,,
3282,10/20/19 09:49:38 PM,,,100.078,,,,,
3283,10/20/19 09:51:18 PM,100.143,14.804,,-0.036,,,,
3284,10/20/19 09:51:38 PM,,,100.067,,,,,
3285,10/20/19 09:53:18 PM,100.143,14.804,,-0.036,,,,
3286,10/20/19 09:53:38 PM,,,100.067,,,,,
3287,10/20/19 09:55:18 PM,100.155,14.804,,-0.035,,,,
3288,10/20/19 09:55:38 PM,,,100.067,,,,,
3289,10/20/19 09:57:18 PM,100.155,14.804,,-0.036,,,,
3290,10/20/19 09:57:38 PM,,,100.078,,,,,
3291,10/20/19 09:59:18 PM,100.155,14.804,,-0.036,,,,
3292,10/20/19 09:59:38 PM,,,100.078,,,,,
3293,10/20/19 10:01:18 PM,100.155,14.804,,-0.034,,,,
3294,10/20/19 10:01:38 PM,,,100.056,,,,,
3295,10/20/19 10:03:18 PM,100.167,14.804,,-0.033,,,,
3296,10/20/19 10:03:38 PM,,,100.056,,,,,
3297,10/20/19 10:05:18 PM,100.152,14.709,,-0.033,,,,
3298,10/20/19 10:05:38 PM,,,100.045,,,,,
3299,10/20/19 10:07:18 PM,100.152,14.709,,-0.034,,,,
3300,10/20/19 10:07:38 PM,,,100.056,,,,,
3301,10/20/19 10:09:18 PM,100.152,14.709,,-0.034,,,,
3302,10/20/19 10:09:38 PM,,,100.056,,,,,
3303,10/20/19 10:11:18 PM,100.140,14.709,,-0.034,,,,
3304,10/20/19 10:11:38 PM,,,100.045,,,,,
3305,10/20/19 10:13:18 PM,100.140,14.709,,-0.035,,,,
3306,10/20/19 10:13:38 PM,,,100.056,,,,,
3307,10/20/19 10:15:18 PM,100.152,14.709,,-0.032,,,,
3308,10/20/19 10:15:38 PM,,,100.034,,,,,
3309,10/20/19 10:17:18 PM,100.128,14.709,,-0.035,,,,
3310,10/20/19 10:17:38 PM,,,100.045,,,,,
3311,10/20/19 10:19:18 PM,100.117,14.709,,-0.036,,,,
3312,10/20/19 10:19:38 PM,,,100.041,,,,,
3313,10/20/19 10:21:18 PM,100.117,14.709,,-0.034,,,,
3314,10/20/19 10:21:38 PM,,,100.019,,,,,
3315,10/20/19 10:23:18 PM,100.105,14.709,,-0.033,,,,
3316,10/20/19 10:23:38 PM,,,99.997,,,,,
3317,10/20/19 10:25:18 PM,100.117,14.709,,-0.032,,,,
3318,10/20/19 10:25:38 PM,,,99.997,,,,,
3319,10/20/19 10:27:18 PM,100.128,14.709,,-0.032,,,,
3320,10/20/19 10:27:38 PM,,,100.008,,,,,
3321,10/20/19 10:29:18 PM,100.117,14.709,,-0.033,,,,
3322,10/20/19 10:29:38 PM,,,100.008,,,,,
3323,10/20/19 10:31:18 PM,100.117,14.709,,-0.032,,,,
3324,10/20/19 10:31:38 PM,,,99.997,,,,,
3325,10/20/19 10:33:18 PM,100.105,14.709,,-0.031,,,,
3326,10/20/19 10:33:38 PM,,,99.976,,,,,
3327,10/20/19 10:35:18 PM,100.117,14.709,,-0.030,,,,
3328,10/20/19 10:35:38 PM,,,99.987,,,,,
3329,10/20/19 10:37:18 PM,100.113,14.613,,-0.033,,,,
3330,10/20/19 10:37:38 PM,,,100.008,,,,,
3331,10/20/19 10:39:18 PM,100.113,14.613,,-0.034,,,,
3332,10/20/19 10:39:38 PM,,,100.019,,,,,
3333,10/20/19 10:41:18 PM,100.113,14.613,,-0.034,,,,
3334,10/20/19 10:41:38 PM,,,100.019,,,,,
3335,10/20/19 10:43:18 PM,100.090,14.613,,-0.035,,,,
3336,10/20/19 10:43:38 PM,,,99.997,,,,,
3337,10/20/19 10:45:18 PM,100.102,14.613,,-0.031,,,,
3338,10/20/19 10:45:38 PM,,,99.976,,,,,
3339,10/20/19 10:47:18 PM,100.067,14.613,,-0.032,,,,
3340,10/20/19 10:47:38 PM,,,99.943,,,,,
3341,10/20/19 10:49:18 PM,100.067,14.613,,-0.030,,,,
3342,10/20/19 10:49:38 PM,,,99.932,,,,,
3343,10/20/19 10:51:18 PM,100.067,14.613,,-0.030,,,,
3344,10/20/19 10:51:38 PM,,,99.932,,,,,
3345,10/20/19 10:53:18 PM,100.055,14.613,,-0.030,,,,
3346,10/20/19 10:53:38 PM,,,99.921,,,,,
3347,10/20/19 10:55:18 PM,100.067,14.613,,-0.029,,,,
3348,10/20/19 10:55:38 PM,,,99.921,,,,,
3349,10/20/19 10:57:18 PM,100.055,14.613,,-0.029,,,,
3350,10/20/19 10:57:38 PM,,,99.910,,,,,
3351,10/20/19 10:59:18 PM,100.055,14.613,,-0.029,,,,
3352,10/20/19 10:59:38 PM,,,99.910,,,,,
3353,10/20/19 11:01:18 PM,100.032,14.613,,-0.031,,,,
3354,10/20/19 11:01:38 PM,,,99.899,,,,,
3355,10/20/19 11:03:18 PM,100.055,14.613,,-0.028,,,,
3356,10/20/19 11:03:38 PM,,,99.896,,,,,
3357,10/20/19 11:05:18 PM,100.043,14.613,,-0.028,,,,
3358,10/20/19 11:05:38 PM,,,99.885,,,,,
3359,10/20/19 11:07:18 PM,100.020,14.613,,-0.029,,,,
3360,10/20/19 11:07:38 PM,,,99.874,,,,,
3361,10/20/19 11:09:18 PM,100.043,14.613,,-0.027,,,,
3362,10/20/19 11:09:38 PM,,,99.874,,,,,
3363,10/20/19 11:11:18 PM,100.043,14.613,,-0.028,,,,
3364,10/20/19 11:11:38 PM,,,99.885,,,,,
3365,10/20/19 11:13:18 PM,100.067,14.613,,-0.025,,,,
3366,10/20/19 11:13:38 PM,,,99.885,,,,,
3367,10/20/19 11:15:18 PM,100.067,14.613,,-0.027,,,,
3368,10/20/19 11:15:38 PM,,,99.907,,,,,
3369,10/20/19 11:17:18 PM,100.055,14.613,,-0.030,,,,
3370,10/20/19 11:17:38 PM,,,99.917,,,,,
3371,10/20/19 11:19:18 PM,100.090,14.613,,-0.027,,,,
3372,10/20/19 11:19:38 PM,,,99.928,,,,,
3373,10/20/19 11:21:18 PM,100.102,14.613,,-0.027,,,,
3374,10/20/19 11:21:38 PM,,,99.939,,,,,
3375,10/20/19 11:23:18 PM,100.090,14.613,,-0.029,,,,
3376,10/20/19 11:23:38 PM,,,99.939,,,,,
3377,10/20/19 11:25:18 PM,100.102,14.613,,-0.027,,,,
3378,10/20/19 11:25:38 PM,,,99.939,,,,,
3379,10/20/19 11:27:18 PM,100.102,14.613,,-0.028,,,,
3380,10/20/19 11:27:38 PM,,,99.946,,,,,
3381,10/20/19 11:29:18 PM,100.078,14.613,,-0.031,,,,
3382,10/20/19 11:29:38 PM,,,99.957,,,,,
3383,10/20/19 11:31:18 PM,100.113,14.613,,-0.027,,,,
3384,10/20/19 11:31:38 PM,,,99.946,,,,,
3385,10/20/19 11:33:18 PM,100.102,14.613,,-0.028,,,,
3386,10/20/19 11:33:38 PM,,,99.946,,,,,
3387,10/20/19 11:35:18 PM,100.113,14.613,,-0.028,,,,
3388,10/20/19 11:35:38 PM,,,99.957,,,,,
3389,10/20/19 11:37:18 PM,100.102,14.613,,-0.030,,,,
3390,10/20/19 11:37:38 PM,,,99.968,,,,,
3391,10/20/19 11:39:18 PM,100.125,14.613,,-0.027,,,,
3392,10/20/19 11:39:38 PM,,,99.957,,,,,
3393,10/20/19 11:41:18 PM,100.113,14.613,,-0.027,,,,
3394,10/20/19 11:41:38 PM,,,99.946,,,,,
3395,10/20/19 11:43:18 PM,100.102,14.613,,-0.028,,,,
3396,10/20/19 11:43:38 PM,,,99.946,,,,,
3397,10/20/19 11:45:18 PM,100.113,14.613,,-0.028,,,,
3398,10/20/19 11:45:38 PM,,,99.957,,,,,
3399,10/20/19 11:47:18 PM,100.125,14.613,,-0.028,,,,
3400,10/20/19 11:47:38 PM,,,99.968,,,,,
3401,10/20/19 11:49:18 PM,100.148,14.613,,-0.026,,,,
3402,10/20/19 11:49:38 PM,,,99.968,,,,,
3403,10/20/19 11:51:18 PM,100.125,14.613,,-0.029,,,,
3404,10/20/19 11:51:38 PM,,,99.979,,,,,
3405,10/20/19 11:53:18 PM,100.125,14.613,,-0.028,,,,
3406,10/20/19 11:53:38 PM,,,99.968,,,,,
3407,10/20/19 11:55:18 PM,100.113,14.613,,-0.030,,,,
3408,10/20/19 11:55:38 PM,,,99.975,,,,,
3409,10/20/19 11:57:18 PM,100.113,14.613,,-0.029,,,,
3410,10/20/19 11:57:38 PM,,,99.964,,,,,
3411,10/20/19 11:59:18 PM,100.113,14.613,,-0.029,,,,
3412,10/20/19 11:59:38 PM,,,99.964,,,,,
3413,10/21/19 12:01:18 AM,100.137,14.613,,-0.027,,,,
3414,10/21/19 12:01:38 AM,,,99.975,,,,,
3415,10/21/19 12:03:18 AM,100.125,14.613,,-0.029,,,,
3416,10/21/19 12:03:38 AM,,,99.975,,,,,
3417,10/21/19 12:05:18 AM,100.113,14.613,,-0.029,,,,
3418,10/21/19 12:05:38 AM,,,99.964,,,,,
3419,10/21/19 12:07:18 AM,100.125,14.613,,-0.027,,,,
3420,10/21/19 12:07:38 AM,,,99.953,,,,,
3421,10/21/19 12:09:18 AM,100.090,14.613,,-0.030,,,,
3422,10/21/19 12:09:38 AM,,,99.953,,,,,
3423,10/21/19 12:11:18 AM,100.113,14.613,,-0.028,,,,
3424,10/21/19 12:11:38 AM,,,99.953,,,,,
3425,10/21/19 12:13:18 AM,100.113,14.613,,-0.027,,,,
3426,10/21/19 12:13:38 AM,,,99.942,,,,,
3427,10/21/19 12:15:18 AM,100.113,14.613,,-0.027,,,,
3428,10/21/19 12:15:38 AM,,,99.953,,,,,
3429,10/21/19 12:17:18 AM,100.113,14.613,,-0.028,,,,
3430,10/21/19 12:17:38 AM,,,99.953,,,,,
3431,10/21/19 12:19:18 AM,100.113,14.613,,-0.028,,,,
3432,10/21/19 12:19:38 AM,,,99.953,,,,,
3433,10/21/19 12:21:18 AM,100.102,14.613,,-0.029,,,,
3434,10/21/19 12:21:38 AM,,,99.953,,,,,
3435,10/21/19 12:23:18 AM,100.102,14.613,,-0.030,,,,
3436,10/21/19 12:23:38 AM,,,99.964,,,,,
3437,10/21/19 12:25:18 AM,100.102,14.613,,-0.031,,,,
3438,10/21/19 12:25:38 AM,,,99.975,,,,,
3439,10/21/19 12:27:18 AM,100.137,14.613,,-0.027,,,,
3440,10/21/19 12:27:38 AM,,,99.975,,,,,
3441,10/21/19 12:29:18 AM,100.113,14.613,,-0.030,,,,
3442,10/21/19 12:29:38 AM,,,99.975,,,,,
3443,10/21/19 12:31:18 AM,100.137,14.613,,-0.029,,,,
3444,10/21/19 12:31:38 AM,,,99.993,,,,,
3445,10/21/19 12:33:18 AM,100.125,14.613,,-0.030,,,,
3446,10/21/19 12:33:38 AM,,,99.993,,,,,
3447,10/21/19 12:35:18 AM,100.140,14.709,,-0.030,,,,
3448,10/21/19 12:35:38 AM,,,100.004,,,,,
3449,10/21/19 12:37:18 AM,100.140,14.709,,-0.030,,,,
3450,10/21/19 12:37:38 AM,,,100.004,,,,,
3451,10/21/19 12:39:18 AM,100.128,14.709,,-0.029,,,,
3452,10/21/19 12:39:38 AM,,,99.982,,,,,
3453,10/21/19 12:41:18 AM,100.140,14.709,,-0.028,,,,
3454,10/21/19 12:41:38 AM,,,99.982,,,,,
3455,10/21/19 12:43:18 AM,100.128,14.709,,-0.029,,,,
3456,10/21/19 12:43:38 AM,,,99.982,,,,,
3457,10/21/19 12:45:18 AM,100.128,14.709,,-0.028,,,,
3458,10/21/19 12:45:38 AM,,,99.971,,,,,
3459,10/21/19 12:47:18 AM,100.140,14.709,,-0.029,,,,
3460,10/21/19 12:47:38 AM,,,99.993,,,,,
3461,10/21/19 12:49:18 AM,100.128,14.709,,-0.030,,,,
3462,10/21/19 12:49:38 AM,,,99.993,,,,,
3463,10/21/19 12:51:18 AM,100.132,14.804,,-0.031,,,,
3464,10/21/19 12:51:38 AM,,,100.004,,,,,
3465,10/21/19 12:53:18 AM,100.167,14.804,,-0.026,,,,
3466,10/21/19 12:53:38 AM,,,99.993,,,,,
3467,10/21/19 12:55:18 AM,100.132,14.804,,-0.033,,,,
3468,10/21/19 12:55:38 AM,,,100.026,,,,,
3469,10/21/19 12:57:18 AM,100.132,14.804,,-0.031,,,,
3470,10/21/19 12:57:38 AM,,,100.004,,,,,
3471,10/21/19 12:59:18 AM,100.120,14.804,,-0.032,,,,
3472,10/21/19 12:59:38 AM,,,100.004,,,,,
3473,10/21/19 01:01:18 AM,100.132,14.804,,-0.031,,,,
3474,10/21/19 01:01:38 AM,,,100.004,,,,,
3475,10/21/19 01:03:18 AM,100.143,14.804,,-0.029,,,,
3476,10/21/19 01:03:38 AM,,,99.993,,,,,
3477,10/21/19 01:05:18 AM,100.132,14.804,,-0.030,,,,
3478,10/21/19 01:05:38 AM,,,99.993,,,,,
3479,10/21/19 01:07:18 AM,100.132,14.804,,-0.031,,,,
3480,10/21/19 01:07:38 AM,,,100.004,,,,,
3481,10/21/19 01:09:18 AM,100.108,14.804,,-0.031,,,,
3482,10/21/19 01:09:38 AM,,,99.982,,,,,
3483,10/21/19 01:11:18 AM,100.128,14.709,,-0.030,,,,
3484,10/21/19 01:11:38 AM,,,99.993,,,,,
3485,10/21/19 01:13:18 AM,100.128,14.709,,-0.031,,,,
3486,10/21/19 01:13:38 AM,,,100.004,,,,,
3487,10/21/19 01:15:18 AM,100.128,14.709,,-0.030,,,,
3488,10/21/19 01:15:38 AM,,,99.993,,,,,
3489,10/21/19 01:17:18 AM,100.140,14.709,,-0.031,,,,
3490,10/21/19 01:17:38 AM,,,100.015,,,,,
3491,10/21/19 01:19:18 AM,100.140,14.709,,-0.031,,,,
3492,10/21/19 01:19:38 AM,,,100.015,,,,,
3493,10/21/19 01:21:18 AM,100.128,14.709,,-0.032,,,,
3494,10/21/19 01:21:38 AM,,,100.015,,,,,
3495,10/21/19 01:23:18 AM,100.105,14.709,,-0.033,,,,
3496,10/21/19 01:23:38 AM,,,99.997,,,,,
3497,10/21/19 01:25:18 AM,100.128,14.709,,-0.032,,,,
3498,10/21/19 01:25:38 AM,,,100.008,,,,,
3499,10/21/19 01:27:18 AM,100.117,14.709,,-0.032,,,,
3500,10/21/19 01:27:38 AM,,,99.997,,,,,
3501,10/21/19 01:29:18 AM,100.117,14.709,,-0.033,,,,
3502,10/21/19 01:29:38 AM,,,100.008,,,,,
3503,10/21/19 01:31:18 AM,100.128,14.709,,-0.032,,,,
3504,10/21/19 01:31:38 AM,,,100.008,,,,,
3505,10/21/19 01:33:18 AM,100.117,14.709,,-0.032,,,,
3506,10/21/19 01:33:38 AM,,,99.997,,,,,
3507,10/21/19 01:35:18 AM,100.128,14.709,,-0.032,,,,
3508,10/21/19 01:35:38 AM,,,100.008,,,,,
3509,10/21/19 01:37:18 AM,100.093,14.709,,-0.034,,,,
3510,10/21/19 01:37:38 AM,,,99.997,,,,,
3511,10/21/19 01:39:18 AM,100.093,14.709,,-0.033,,,,
3512,10/21/19 01:39:38 AM,,,99.986,,,,,
3513,10/21/19 01:41:18 AM,100.117,14.709,,-0.032,,,,
3514,10/21/19 01:41:38 AM,,,99.997,,,,,
3515,10/21/19 01:43:18 AM,100.105,14.709,,-0.033,,,,
3516,10/21/19 01:43:38 AM,,,99.997,,,,,
3517,10/21/19 01:45:18 AM,100.093,14.709,,-0.034,,,,
3518,10/21/19 01:45:38 AM,,,99.997,,,,,
3519,10/21/19 01:47:18 AM,100.105,14.709,,-0.033,,,,
3520,10/21/19 01:47:38 AM,,,99.997,,,,,
3521,10/21/19 01:49:18 AM,100.093,14.709,,-0.033,,,,
3522,10/21/19 01:49:38 AM,,,99.986,,,,,
3523,10/21/19 01:51:18 AM,100.097,14.804,,-0.032,,,,
3524,10/21/19 01:51:38 AM,,,99.982,,,,,
3525,10/21/19 01:53:18 AM,100.108,14.804,,-0.030,,,,
3526,10/21/19 01:53:38 AM,,,99.964,,,,,
3527,10/21/19 01:55:18 AM,100.097,14.804,,-0.031,,,,
3528,10/21/19 01:55:38 AM,,,99.975,,,,,
3529,10/21/19 01:57:18 AM,100.085,14.804,,-0.032,,,,
3530,10/21/19 01:57:38 AM,,,99.971,,,,,
3531,10/21/19 01:59:18 AM,100.073,14.804,,-0.034,,,,
3532,10/21/19 01:59:38 AM,,,99.971,,,,,
3533,10/21/19 02:01:18 AM,100.082,14.709,,-0.033,,,,
3534,10/21/19 02:01:38 AM,,,99.971,,,,,
3535,10/21/19 02:03:18 AM,100.082,14.709,,-0.033,,,,
3536,10/21/19 02:03:38 AM,,,99.971,,,,,
3537,10/21/19 02:05:18 AM,100.070,14.709,,-0.035,,,,
3538,10/21/19 02:05:38 AM,,,99.982,,,,,
3539,10/21/19 02:07:18 AM,100.082,14.709,,-0.035,,,,
3540,10/21/19 02:07:38 AM,,,99.993,,,,,
3541,10/21/19 02:09:18 AM,100.070,14.709,,-0.035,,,,
3542,10/21/19 02:09:38 AM,,,99.982,,,,,
3543,10/21/19 02:11:18 AM,100.082,14.709,,-0.034,,,,
3544,10/21/19 02:11:38 AM,,,99.982,,,,,
3545,10/21/19 02:13:18 AM,100.070,14.709,,-0.034,,,,
3546,10/21/19 02:13:38 AM,,,99.971,,,,,
3547,10/21/19 02:15:18 AM,100.070,14.709,,-0.033,,,,
3548,10/21/19 02:15:38 AM,,,99.960,,,,,
3549,10/21/19 02:17:18 AM,100.058,14.709,,-0.033,,,,
3550,10/21/19 02:17:38 AM,,,99.949,,,,,
3551,10/21/19 02:19:18 AM,100.070,14.709,,-0.032,,,,
3552,10/21/19 02:19:38 AM,,,99.949,,,,,
3553,10/21/19 02:21:18 AM,100.058,14.709,,-0.034,,,,
3554,10/21/19 02:21:38 AM,,,99.960,,,,,
3555,10/21/19 02:23:18 AM,100.047,14.709,,-0.034,,,,
3556,10/21/19 02:23:38 AM,,,99.949,,,,,
3557,10/21/19 02:25:18 AM,100.058,14.709,,-0.034,,,,
3558,10/21/19 02:25:38 AM,,,99.960,,,,,
3559,10/21/19 02:27:18 AM,100.047,14.709,,-0.035,,,,
3560,10/21/19 02:27:38 AM,,,99.960,,,,,
3561,10/21/19 02:29:18 AM,100.047,14.709,,-0.036,,,,
3562,10/21/19 02:29:38 AM,,,99.971,,,,,
3563,10/21/19 02:31:18 AM,100.058,14.709,,-0.035,,,,
3564,10/21/19 02:31:38 AM,,,99.971,,,,,
3565,10/21/19 02:33:18 AM,100.058,14.709,,-0.034,,,,
3566,10/21/19 02:33:38 AM,,,99.953,,,,,
3567,10/21/19 02:35:18 AM,100.047,14.709,,-0.034,,,,
3568,10/21/19 02:35:38 AM,,,99.953,,,,,
3569,10/21/19 02:37:18 AM,100.035,14.709,,-0.036,,,,
3570,10/21/19 02:37:38 AM,,,99.953,,,,,
3571,10/21/19 02:39:18 AM,100.035,14.709,,-0.034,,,,
3572,10/21/19 02:39:38 AM,,,99.931,,,,,
3573,10/21/19 02:41:18 AM,100.035,14.709,,-0.034,,,,
3574,10/21/19 02:41:38 AM,,,99.942,,,,,
3575,10/21/19 02:43:18 AM,100.012,14.709,,-0.035,,,,
3576,10/21/19 02:43:38 AM,,,99.921,,,,,
3577,10/21/19 02:45:18 AM,100.000,14.709,,-0.036,,,,
3578,10/21/19 02:45:38 AM,,,99.921,,,,,
3579,10/21/19 02:47:18 AM,100.000,14.709,,-0.035,,,,
3580,10/21/19 02:47:38 AM,,,99.910,,,,,
3581,10/21/19 02:49:18 AM,99.977,14.709,,-0.035,,,,
3582,10/21/19 02:49:38 AM,,,99.888,,,,,
3583,10/21/19 02:51:18 AM,100.000,14.709,,-0.033,,,,
3584,10/21/19 02:51:38 AM,,,99.899,,,,,
3585,10/21/19 02:53:18 AM,100.000,14.709,,-0.035,,,,
3586,10/21/19 02:53:38 AM,,,99.910,,,,,
3587,10/21/19 02:55:18 AM,99.988,14.709,,-0.035,,,,
3588,10/21/19 02:55:38 AM,,,99.899,,,,,
3589,10/21/19 02:57:18 AM,99.965,14.709,,-0.037,,,,
3590,10/21/19 02:57:38 AM,,,99.899,,,,,
3591,10/21/19 02:59:18 AM,99.977,14.709,,-0.036,,,,
3592,10/21/19 02:59:38 AM,,,99.899,,,,,
3593,10/21/19 03:01:18 AM,99.988,14.709,,-0.036,,,,
3594,10/21/19 03:01:38 AM,,,99.910,,,,,
3595,10/21/19 03:03:18 AM,99.992,14.804,,-0.036,,,,
3596,10/21/19 03:03:38 AM,,,99.910,,,,,
3597,10/21/19 03:05:18 AM,99.977,14.709,,-0.036,,,,
3598,10/21/19 03:05:38 AM,,,99.899,,,,,
3599,10/21/19 03:07:18 AM,99.988,14.709,,-0.036,,,,
3600,10/21/19 03:07:38 AM,,,99.910,,,,,
3601,10/21/19 03:09:18 AM,100.000,14.709,,-0.034,,,,
3602,10/21/19 03:09:38 AM,,,99.899,,,,,
3603,10/21/19 03:11:18 AM,99.977,14.709,,-0.036,,,,
3604,10/21/19 03:11:38 AM,,,99.899,,,,,
3605,10/21/19 03:13:18 AM,100.000,14.709,,-0.034,,,,
3606,10/21/19 03:13:38 AM,,,99.899,,,,,
3607,10/21/19 03:15:18 AM,100.000,14.709,,-0.034,,,,
3608,10/21/19 03:15:38 AM,,,99.899,,,,,
3609,10/21/19 03:17:18 AM,100.000,14.709,,-0.035,,,,
3610,10/21/19 03:17:38 AM,,,99.910,,,,,
3611,10/21/19 03:19:18 AM,100.000,14.709,,-0.035,,,,
3612,10/21/19 03:19:38 AM,,,99.910,,,,,
3613,10/21/19 03:21:18 AM,100.000,14.709,,-0.036,,,,
3614,10/21/19 03:21:38 AM,,,99.921,,,,,
3615,10/21/19 03:23:18 AM,100.035,14.709,,-0.033,,,,
3616,10/21/19 03:23:38 AM,,,99.931,,,,,
3617,10/21/19 03:25:18 AM,100.012,14.709,,-0.035,,,,
3618,10/21/19 03:25:38 AM,,,99.921,,,,,
3619,10/21/19 03:27:18 AM,100.015,14.804,,-0.035,,,,
3620,10/21/19 03:27:38 AM,,,99.931,,,,,
3621,10/21/19 03:29:18 AM,100.000,14.709,,-0.036,,,,
3622,10/21/19 03:29:38 AM,,,99.921,,,,,
3623,10/21/19 03:31:18 AM,100.000,14.709,,-0.035,,,,
3624,10/21/19 03:31:38 AM,,,99.910,,,,,
3625,10/21/19 03:33:18 AM,100.015,14.804,,-0.034,,,,
3626,10/21/19 03:33:38 AM,,,99.921,,,,,
3627,10/21/19 03:35:18 AM,100.003,14.804,,-0.035,,,,
3628,10/21/19 03:35:38 AM,,,99.910,,,,,
3629,10/21/19 03:37:18 AM,100.003,14.804,,-0.035,,,,
3630,10/21/19 03:37:38 AM,,,99.921,,,,,
3631,10/21/19 03:39:18 AM,100.015,14.804,,-0.032,,,,
3632,10/21/19 03:39:38 AM,,,99.899,,,,,
3633,10/21/19 03:41:18 AM,100.015,14.804,,-0.033,,,,
3634,10/21/19 03:41:38 AM,,,99.910,,,,,
3635,10/21/19 03:43:18 AM,100.015,14.804,,-0.032,,,,
3636,10/21/19 03:43:38 AM,,,99.899,,,,,
3637,10/21/19 03:45:18 AM,99.992,14.804,,-0.034,,,,
3638,10/21/19 03:45:38 AM,,,99.899,,,,,
3639,10/21/19 03:47:18 AM,100.000,14.709,,-0.035,,,,
3640,10/21/19 03:47:38 AM,,,99.910,,,,,
3641,10/21/19 03:49:18 AM,99.965,14.709,,-0.037,,,,
3642,10/21/19 03:49:38 AM,,,99.899,,,,,
3643,10/21/19 03:51:18 AM,99.977,14.709,,-0.036,,,,
3644,10/21/19 03:51:38 AM,,,99.899,,,,,
3645,10/21/19 03:53:18 AM,99.988,14.709,,-0.036,,,,
3646,10/21/19 03:53:38 AM,,,99.910,,,,,
3647,10/21/19 03:55:18 AM,99.988,14.709,,-0.035,,,,
3648,10/21/19 03:55:38 AM,,,99.899,,,,,
3649,10/21/19 03:57:18 AM,99.977,14.709,,-0.036,,,,
3650,10/21/19 03:57:38 AM,,,99.899,,,,,
3651,10/21/19 03:59:18 AM,99.977,14.709,,-0.036,,,,
3652,10/21/19 03:59:38 AM,,,99.899,,,,,
3653,10/21/19 04:01:18 AM,99.988,14.709,,-0.035,,,,
3654,10/21/19 04:01:38 AM,,,99.899,,,,,
3655,10/21/19 04:03:18 AM,99.965,14.709,,-0.038,,,,
3656,10/21/19 04:03:38 AM,,,99.906,,,,,
3657,10/21/19 04:05:18 AM,99.977,14.709,,-0.036,,,,
3658,10/21/19 04:05:38 AM,,,99.899,,,,,
3659,10/21/19 04:07:18 AM,99.977,14.709,,-0.037,,,,
3660,10/21/19 04:07:38 AM,,,99.906,,,,,
3661,10/21/19 04:09:18 AM,99.988,14.709,,-0.036,,,,
3662,10/21/19 04:09:38 AM,,,99.906,,,,,
3663,10/21/19 04:11:18 AM,100.000,14.709,,-0.034,,,,
3664,10/21/19 04:11:38 AM,,,99.906,,,,,
3665,10/21/19 04:13:18 AM,99.997,14.613,,-0.035,,,,
3666,10/21/19 04:13:38 AM,,,99.906,,,,,
3667,10/21/19 04:15:18 AM,99.973,14.613,,-0.037,,,,
3668,10/21/19 04:15:38 AM,,,99.906,,,,,
3669,10/21/19 04:17:18 AM,99.973,14.613,,-0.037,,,,
3670,10/21/19 04:17:38 AM,,,99.906,,,,,
3671,10/21/19 04:19:18 AM,99.962,14.613,,-0.038,,,,
3672,10/21/19 04:19:38 AM,,,99.906,,,,,
3673,10/21/19 04:21:18 AM,99.973,14.613,,-0.035,,,,
3674,10/21/19 04:21:38 AM,,,99.884,,,,,
3675,10/21/19 04:23:18 AM,99.973,14.613,,-0.034,,,,
3676,10/21/19 04:23:38 AM,,,99.873,,,,,
3677,10/21/19 04:25:18 AM,99.973,14.613,,-0.035,,,,
3678,10/21/19 04:25:38 AM,,,99.884,,,,,
3679,10/21/19 04:27:18 AM,99.973,14.613,,-0.036,,,,
3680,10/21/19 04:27:38 AM,,,99.895,,,,,
3681,10/21/19 04:29:18 AM,99.985,14.613,,-0.036,,,,
3682,10/21/19 04:29:38 AM,,,99.906,,,,,
3683,10/21/19 04:31:18 AM,100.008,14.613,,-0.034,,,,
3684,10/21/19 04:31:38 AM,,,99.906,,,,,
3685,10/21/19 04:33:18 AM,99.997,14.613,,-0.035,,,,
3686,10/21/19 04:33:38 AM,,,99.906,,,,,
3687,10/21/19 04:35:18 AM,99.997,14.613,,-0.034,,,,
3688,10/21/19 04:35:38 AM,,,99.895,,,,,
3689,10/21/19 04:37:18 AM,99.962,14.613,,-0.037,,,,
3690,10/21/19 04:37:38 AM,,,99.895,,,,,
3691,10/21/19 04:39:18 AM,99.950,14.613,,-0.038,,,,
3692,10/21/19 04:39:38 AM,,,99.895,,,,,
3693,10/21/19 04:41:18 AM,99.950,14.613,,-0.038,,,,
3694,10/21/19 04:41:38 AM,,,99.895,,,,,
3695,10/21/19 04:43:18 AM,99.938,14.613,,-0.040,,,,
3696,10/21/19 04:43:38 AM,,,99.895,,,,,
3697,10/21/19 04:45:18 AM,99.973,14.613,,-0.036,,,,
3698,10/21/19 04:45:38 AM,,,99.895,,,,,
3699,10/21/19 04:47:18 AM,99.950,14.613,,-0.038,,,,
3700,10/21/19 04:47:38 AM,,,99.895,,,,,
3701,10/21/19 04:49:18 AM,99.962,14.613,,-0.037,,,,
3702,10/21/19 04:49:38 AM,,,99.895,,,,,
3703,10/21/19 04:51:18 AM,99.962,14.613,,-0.039,,,,
3704,10/21/19 04:51:38 AM,,,99.917,,,,,
3705,10/21/19 04:53:18 AM,99.985,14.613,,-0.038,,,,
3706,10/21/19 04:53:38 AM,,,99.928,,,,,
3707,10/21/19 04:55:18 AM,99.985,14.613,,-0.037,,,,
3708,10/21/19 04:55:38 AM,,,99.917,,,,,
3709,10/21/19 04:57:18 AM,99.973,14.613,,-0.038,,,,
3710,10/21/19 04:57:38 AM,,,99.917,,,,,
3711,10/21/19 04:59:18 AM,99.985,14.613,,-0.036,,,,
3712,10/21/19 04:59:38 AM,,,99.906,,,,,
3713,10/21/19 05:01:18 AM,99.973,14.613,,-0.038,,,,
3714,10/21/19 05:01:38 AM,,,99.917,,,,,
3715,10/21/19 05:03:18 AM,99.962,14.613,,-0.038,,,,
3716,10/21/19 05:03:38 AM,,,99.906,,,,,
3717,10/21/19 05:05:18 AM,99.973,14.613,,-0.037,,,,
3718,10/21/19 05:05:38 AM,,,99.906,,,,,
3719,10/21/19 05:07:18 AM,99.985,14.613,,-0.036,,,,
3720,10/21/19 05:07:38 AM,,,99.906,,,,,
3721,10/21/19 05:09:18 AM,99.985,14.613,,-0.036,,,,
3722,10/21/19 05:09:38 AM,,,99.906,,,,,
3723,10/21/19 05:11:18 AM,99.985,14.613,,-0.035,,,,
3724,10/21/19 05:11:38 AM,,,99.895,,,,,
3725,10/21/19 05:13:18 AM,99.985,14.613,,-0.036,,,,
3726,10/21/19 05:13:38 AM,,,99.906,,,,,
3727,10/21/19 05:15:18 AM,99.985,14.613,,-0.037,,,,
3728,10/21/19 05:15:38 AM,,,99.917,,,,,
3729,10/21/19 05:17:18 AM,99.997,14.613,,-0.037,,,,
3730,10/21/19 05:17:38 AM,,,99.928,,,,,
3731,10/21/19 05:19:18 AM,99.997,14.613,,-0.037,,,,
3732,10/21/19 05:19:38 AM,,,99.928,,,,,
3733,10/21/19 05:21:18 AM,100.008,14.613,,-0.038,,,,
3734,10/21/19 05:21:38 AM,,,99.949,,,,,
3735,10/21/19 05:23:18 AM,100.008,14.613,,-0.037,,,,
3736,10/21/19 05:23:38 AM,,,99.939,,,,,
3737,10/21/19 05:25:18 AM,99.997,14.613,,-0.038,,,,
3738,10/21/19 05:25:38 AM,,,99.939,,,,,
3739,10/21/19 05:27:18 AM,100.008,14.613,,-0.038,,,,
3740,10/21/19 05:27:38 AM,,,99.949,,,,,
3741,10/21/19 05:29:18 AM,99.997,14.613,,-0.038,,,,
3742,10/21/19 05:29:38 AM,,,99.939,,,,,
3743,10/21/19 05:31:18 AM,100.008,14.613,,-0.037,,,,
3744,10/21/19 05:31:38 AM,,,99.939,,,,,
3745,10/21/19 05:33:18 AM,100.008,14.613,,-0.039,,,,
3746,10/21/19 05:33:38 AM,,,99.960,,,,,
3747,10/21/19 05:35:18 AM,100.020,14.613,,-0.035,,,,
3748,10/21/19 05:35:38 AM,,,99.928,,,,,
3749,10/21/19 05:37:18 AM,100.020,14.613,,-0.035,,,,
3750,10/21/19 05:37:38 AM,,,99.939,,,,,
3751,10/21/19 05:39:18 AM,100.032,14.613,,-0.034,,,,
3752,10/21/19 05:39:38 AM,,,99.939,,,,,
3753,10/21/19 05:41:18 AM,100.020,14.613,,-0.035,,,,
3754,10/21/19 05:41:38 AM,,,99.928,,,,,
3755,10/21/19 05:43:18 AM,100.008,14.613,,-0.037,,,,
3756,10/21/19 05:43:38 AM,,,99.939,,,,,
3757,10/21/19 05:45:18 AM,100.008,14.613,,-0.037,,,,
3758,10/21/19 05:45:38 AM,,,99.939,,,,,
3759,10/21/19 05:47:18 AM,100.008,14.613,,-0.036,,,,
3760,10/21/19 05:47:38 AM,,,99.928,,,,,
3761,10/21/19 05:49:18 AM,100.008,14.613,,-0.035,,,,
3762,10/21/19 05:49:38 AM,,,99.917,,,,,
3763,10/21/19 05:51:18 AM,99.997,14.613,,-0.037,,,,
3764,10/21/19 05:51:38 AM,,,99.928,,,,,
3765,10/21/19 05:53:18 AM,100.008,14.613,,-0.037,,,,
3766,10/21/19 05:53:38 AM,,,99.939,,,,,
3767,10/21/19 05:55:18 AM,99.997,14.613,,-0.037,,,,
3768,10/21/19 05:55:38 AM,,,99.928,,,,,
3769,10/21/19 05:57:18 AM,100.008,14.613,,-0.036,,,,
3770,10/21/19 05:57:38 AM,,,99.928,,,,,
3771,10/21/19 05:59:18 AM,100.008,14.613,,-0.037,,,,
3772,10/21/19 05:59:38 AM,,,99.939,,,,,
3773,10/21/19 06:01:18 AM,100.017,14.517,,-0.038,,,,
3774,10/21/19 06:01:38 AM,,,99.960,,,,,
3775,10/21/19 06:03:18 AM,100.017,14.517,,-0.037,,,,
3776,10/21/19 06:03:38 AM,,,99.949,,,,,
3777,10/21/19 06:05:18 AM,100.043,14.613,,-0.034,,,,
3778,10/21/19 06:05:38 AM,,,99.949,,,,,
3779,10/21/19 06:07:18 AM,100.043,14.613,,-0.035,,,,
3780,10/21/19 06:07:38 AM,,,99.960,,,,,
3781,10/21/19 06:09:18 AM,100.043,14.613,,-0.035,,,,
3782,10/21/19 06:09:38 AM,,,99.960,,,,,
3783,10/21/19 06:11:18 AM,100.032,14.613,,-0.038,,,,
3784,10/21/19 06:11:38 AM,,,99.971,,,,,
3785,10/21/19 06:13:18 AM,100.032,14.613,,-0.038,,,,
3786,10/21/19 06:13:38 AM,,,99.971,,,,,
3787,10/21/19 06:15:18 AM,100.032,14.613,,-0.038,,,,
3788,10/21/19 06:15:38 AM,,,99.971,,,,,
3789,10/21/19 06:17:18 AM,100.032,14.613,,-0.039,,,,
3790,10/21/19 06:17:38 AM,,,99.982,,,,,
3791,10/21/19 06:19:18 AM,100.043,14.613,,-0.037,,,,
3792,10/21/19 06:19:38 AM,,,99.971,,,,,
3793,10/21/19 06:21:18 AM,100.043,14.613,,-0.037,,,,
3794,10/21/19 06:21:38 AM,,,99.971,,,,,
3795,10/21/19 06:23:18 AM,100.043,14.613,,-0.038,,,,
3796,10/21/19 06:23:38 AM,,,99.982,,,,,
3797,10/21/19 06:25:18 AM,100.043,14.613,,-0.038,,,,
3798,10/21/19 06:25:38 AM,,,99.982,,,,,
3799,10/21/19 06:27:18 AM,100.043,14.613,,-0.037,,,,
3800,10/21/19 06:27:38 AM,,,99.971,,,,,
3801,10/21/19 06:29:18 AM,100.032,14.613,,-0.037,,,,
3802,10/21/19 06:29:38 AM,,,99.960,,,,,
3803,10/21/19 06:31:18 AM,100.035,14.709,,-0.036,,,,
3804,10/21/19 06:31:38 AM,,,99.960,,,,,
3805,10/21/19 06:33:18 AM,100.012,14.709,,-0.040,,,,
3806,10/21/19 06:33:38 AM,,,99.971,,,,,
3807,10/21/19 06:35:18 AM,100.023,14.709,,-0.039,,,,
3808,10/21/19 06:35:38 AM,,,99.971,,,,,
3809,10/21/19 06:37:18 AM,100.023,14.709,,-0.039,,,,
3810,10/21/19 06:37:38 AM,,,99.971,,,,,
3811,10/21/19 06:39:18 AM,100.047,14.709,,-0.037,,,,
3812,10/21/19 06:39:38 AM,,,99.982,,,,,
3813,10/21/19 06:41:18 AM,100.035,14.709,,-0.039,,,,
3814,10/21/19 06:41:38 AM,,,99.982,,,,,
3815,10/21/19 06:43:18 AM,100.023,14.709,,-0.039,,,,
3816,10/21/19 06:43:38 AM,,,99.971,,,,,
3817,10/21/19 06:45:18 AM,100.023,14.709,,-0.039,,,,
3818,10/21/19 06:45:38 AM,,,99.971,,,,,
3819,10/21/19 06:47:18 AM,100.023,14.709,,-0.039,,,,
3820,10/21/19 06:47:38 AM,,,99.971,,,,,
3821,10/21/19 06:49:18 AM,100.035,14.709,,-0.036,,,,
3822,10/21/19 06:49:38 AM,,,99.960,,,,,
3823,10/21/19 06:51:18 AM,100.012,14.709,,-0.039,,,,
3824,10/21/19 06:51:38 AM,,,99.960,,,,,
3825,10/21/19 06:53:18 AM,100.035,14.709,,-0.036,,,,
3826,10/21/19 06:53:38 AM,,,99.960,,,,,
3827,10/21/19 06:55:18 AM,100.035,14.709,,-0.036,,,,
3828,10/21/19 06:55:38 AM,,,99.960,,,,,
3829,10/21/19 06:57:18 AM,100.035,14.709,,-0.037,,,,
3830,10/21/19 06:57:38 AM,,,99.971,,,,,
3831,10/21/19 06:59:18 AM,100.023,14.709,,-0.038,,,,
3832,10/21/19 06:59:38 AM,,,99.960,,,,,
3833,10/21/19 07:01:18 AM,100.023,14.709,,-0.038,,,,
3834,10/21/19 07:01:38 AM,,,99.971,,,,,
3835,10/21/19 07:03:18 AM,100.035,14.709,,-0.036,,,,
3836,10/21/19 07:03:38 AM,,,99.960,,,,,
3837,10/21/19 07:05:18 AM,100.035,14.709,,-0.035,,,,
3838,10/21/19 07:05:38 AM,,,99.949,,,,,
3839,10/21/19 07:07:18 AM,100.023,14.709,,-0.037,,,,
3840,10/21/19 07:07:38 AM,,,99.960,,,,,
3841,10/21/19 07:09:18 AM,100.038,14.804,,-0.037,,,,
3842,10/21/19 07:09:38 AM,,,99.971,,,,,
3843,10/21/19 07:11:18 AM,100.038,14.804,,-0.037,,,,
3844,10/21/19 07:11:38 AM,,,99.971,,,,,
3845,10/21/19 07:13:18 AM,100.050,14.804,,-0.036,,,,
3846,10/21/19 07:13:38 AM,,,99.971,,,,,
3847,10/21/19 07:15:18 AM,100.050,14.804,,-0.036,,,,
3848,10/21/19 07:15:38 AM,,,99.971,,,,,
3849,10/21/19 07:17:18 AM,100.050,14.804,,-0.037,,,,
3850,10/21/19 07:17:38 AM,,,99.982,,,,,
3851,10/21/19 07:19:18 AM,100.027,14.804,,-0.039,,,,
3852,10/21/19 07:19:38 AM,,,99.982,,,,,
3853,10/21/19 07:21:18 AM,100.038,14.804,,-0.038,,,,
3854,10/21/19 07:21:38 AM,,,99.982,,,,,
3855,10/21/19 07:23:18 AM,100.038,14.804,,-0.037,,,,
3856,10/21/19 07:23:38 AM,,,99.971,,,,,
3857,10/21/19 07:25:18 AM,100.027,14.804,,-0.038,,,,
3858,10/21/19 07:25:38 AM,,,99.971,,,,,
3859,10/21/19 07:27:18 AM,100.038,14.804,,-0.036,,,,
3860,10/21/19 07:27:38 AM,,,99.960,,,,,
3861,10/21/19 07:29:18 AM,100.030,14.900,,-0.039,,,,
3862,10/21/19 07:29:38 AM,,,99.982,,,,,
3863,10/21/19 07:31:18 AM,100.030,14.900,,-0.037,,,,
3864,10/21/19 07:31:38 AM,,,99.960,,,,,
3865,10/21/19 07:33:18 AM,100.041,14.900,,-0.037,,,,
3866,10/21/19 07:33:38 AM,,,99.971,,,,,
3867,10/21/19 07:35:18 AM,100.033,14.996,,-0.039,,,,
3868,10/21/19 07:35:38 AM,,,99.982,,,,,
3869,10/21/19 07:37:18 AM,100.045,14.996,,-0.037,,,,
3870,10/21/19 07:37:38 AM,,,99.971,,,,,
3871,10/21/19 07:39:18 AM,100.036,15.091,,-0.039,,,,
3872,10/21/19 07:39:38 AM,,,99.986,,,,,
3873,10/21/19 07:41:18 AM,100.071,15.091,,-0.036,,,,
3874,10/21/19 07:41:38 AM,,,99.997,,,,,
3875,10/21/19 07:43:18 AM,100.071,15.091,,-0.037,,,,
3876,10/21/19 07:43:38 AM,,,100.008,,,,,
3877,10/21/19 07:45:18 AM,100.063,15.187,,-0.038,,,,
3878,10/21/19 07:45:38 AM,,,100.008,,,,,
3879,10/21/19 07:47:18 AM,100.075,15.187,,-0.038,,,,
3880,10/21/19 07:47:38 AM,,,100.019,,,,,
3881,10/21/19 07:49:18 AM,100.086,15.187,,-0.037,,,,
3882,10/21/19 07:49:38 AM,,,100.019,,,,,
3883,10/21/19 07:51:18 AM,100.086,15.187,,-0.035,,,,
3884,10/21/19 07:51:38 AM,,,99.997,,,,,
3885,10/21/19 07:53:18 AM,100.075,15.187,,-0.037,,,,
3886,10/21/19 07:53:38 AM,,,100.008,,,,,
3887,10/21/19 07:55:18 AM,100.066,15.282,,-0.037,,,,
3888,10/21/19 07:55:38 AM,,,99.997,,,,,
3889,10/21/19 07:57:18 AM,100.075,15.187,,-0.037,,,,
3890,10/21/19 07:57:38 AM,,,100.008,,,,,
3891,10/21/19 07:59:18 AM,100.078,15.282,,-0.037,,,,
3892,10/21/19 07:59:38 AM,,,100.008,,,,,
3893,10/21/19 08:01:18 AM,100.078,15.282,,-0.038,,,,
3894,10/21/19 08:01:38 AM,,,100.019,,,,,
3895,10/21/19 08:03:18 AM,100.078,15.282,,-0.037,,,,
3896,10/21/19 08:03:38 AM,,,100.008,,,,,
3897,10/21/19 08:05:18 AM,100.078,15.282,,-0.037,,,,
3898,10/21/19 08:05:38 AM,,,100.008,,,,,
3899,10/21/19 08:07:18 AM,100.093,15.378,,-0.035,,,,
3900,10/21/19 08:07:38 AM,,,100.001,,,,,
3901,10/21/19 08:09:18 AM,100.069,15.378,,-0.037,,,,
3902,10/21/19 08:09:38 AM,,,100.001,,,,,
3903,10/21/19 08:11:18 AM,100.069,15.378,,-0.037,,,,
3904,10/21/19 08:11:38 AM,,,100.001,,,,,
3905,10/21/19 08:13:18 AM,100.081,15.378,,-0.036,,,,
3906,10/21/19 08:13:38 AM,,,100.001,,,,,
3907,10/21/19 08:15:18 AM,100.081,15.378,,-0.036,,,,
3908,10/21/19 08:15:38 AM,,,100.001,,,,,
3909,10/21/19 08:17:18 AM,100.069,15.378,,-0.037,,,,
3910,10/21/19 08:17:38 AM,,,100.001,,,,,
3911,10/21/19 08:19:18 AM,100.049,15.473,,-0.041,,,,
3912,10/21/19 08:19:38 AM,,,100.022,,,,,
3913,10/21/19 08:21:18 AM,100.073,15.473,,-0.039,,,,
3914,10/21/19 08:21:38 AM,,,100.022,,,,,
3915,10/21/19 08:23:18 AM,100.073,15.473,,-0.038,,,,
3916,10/21/19 08:23:38 AM,,,100.012,,,,,
3917,10/21/19 08:25:18 AM,100.073,15.473,,-0.038,,,,
3918,10/21/19 08:25:38 AM,,,100.012,,,,,
3919,10/21/19 08:27:18 AM,100.073,15.473,,-0.038,,,,
3920,10/21/19 08:27:38 AM,,,100.012,,,,,
3921,10/21/19 08:29:18 AM,100.073,15.473,,-0.039,,,,
3922,10/21/19 08:29:38 AM,,,100.022,,,,,
3923,10/21/19 08:31:18 AM,100.084,15.473,,-0.037,,,,
3924,10/21/19 08:31:38 AM,,,100.012,,,,,
3925,10/21/19 08:33:18 AM,100.073,15.473,,-0.038,,,,
3926,10/21/19 08:33:38 AM,,,100.012,,,,,
3927,10/21/19 08:35:18 AM,100.064,15.569,,-0.038,,,,
3928,10/21/19 08:35:38 AM,,,100.005,,,,,
3929,10/21/19 08:37:18 AM,100.076,15.569,,-0.038,,,,
3930,10/21/19 08:37:38 AM,,,100.026,,,,,
3931,10/21/19 08:39:18 AM,100.076,15.569,,-0.038,,,,
3932,10/21/19 08:39:38 AM,,,100.015,,,,,
3933,10/21/19 08:41:18 AM,100.076,15.569,,-0.037,,,,
3934,10/21/19 08:41:38 AM,,,100.005,,,,,
3935,10/21/19 08:43:18 AM,100.076,15.569,,-0.038,,,,
3936,10/21/19 08:43:38 AM,,,100.015,,,,,
3937,10/21/19 08:45:18 AM,100.079,15.664,,-0.037,,,,
3938,10/21/19 08:45:38 AM,,,100.005,,,,,
3939,10/21/19 08:47:18 AM,100.079,15.664,,-0.036,,,,
3940,10/21/19 08:47:38 AM,,,100.005,,,,,
3941,10/21/19 08:49:18 AM,100.068,15.664,,-0.038,,,,
3942,10/21/19 08:49:38 AM,,,100.005,,,,,
3943,10/21/19 08:51:18 AM,100.079,15.664,,-0.038,,,,
3944,10/21/19 08:51:38 AM,,,100.026,,,,,
3945,10/21/19 08:53:18 AM,100.094,15.760,,-0.038,,,,
3946,10/21/19 08:53:38 AM,,,100.041,,,,,
3947,10/21/19 08:55:18 AM,100.106,15.760,,-0.037,,,,
3948,10/21/19 08:55:38 AM,,,100.041,,,,,
3949,10/21/19 08:57:18 AM,100.109,15.855,,-0.035,,,,
3950,10/21/19 08:57:38 AM,,,100.019,,,,,
3951,10/21/19 08:59:18 AM,100.086,15.855,,-0.038,,,,
3952,10/21/19 08:59:38 AM,,,100.030,,,,,
3953,10/21/19 09:01:18 AM,100.086,15.855,,-0.038,,,,
3954,10/21/19 09:01:38 AM,,,100.030,,,,,
3955,10/21/19 09:03:18 AM,100.089,15.951,,-0.038,,,,
3956,10/21/19 09:03:38 AM,,,100.030,,,,,
3957,10/21/19 09:05:18 AM,100.077,15.951,,-0.038,,,,
3958,10/21/19 09:05:38 AM,,,100.019,,,,,
3959,10/21/19 09:07:18 AM,100.089,15.951,,-0.037,,,,
3960,10/21/19 09:07:38 AM,,,100.023,,,,,
3961,10/21/19 09:09:18 AM,100.077,15.951,,-0.038,,,,
3962,10/21/19 09:09:38 AM,,,100.023,,,,,
3963,10/21/19 09:11:18 AM,100.077,15.951,,-0.038,,,,
3964,10/21/19 09:11:38 AM,,,100.023,,,,,
3965,10/21/19 09:13:18 AM,100.081,16.046,,-0.036,,,,
3966,10/21/19 09:13:38 AM,,,100.001,,,,,
3967,10/21/19 09:15:18 AM,100.084,16.141,,-0.035,,,,
3968,10/21/19 09:15:38 AM,,,99.990,,,,,
3969,10/21/19 09:17:18 AM,100.075,16.237,,-0.035,,,,
3970,10/21/19 09:17:38 AM,,,99.990,,,,,
3971,10/21/19 09:19:18 AM,100.067,16.332,,-0.036,,,,
3972,10/21/19 09:19:38 AM,,,99.994,,,,,
3973,10/21/19 09:21:18 AM,100.090,16.332,,-0.033,,,,
3974,10/21/19 09:21:38 AM,,,99.983,,,,,
3975,10/21/19 09:23:18 AM,100.070,16.427,,-0.036,,,,
3976,10/21/19 09:23:38 AM,,,99.994,,,,,
3977,10/21/19 09:25:18 AM,100.094,16.427,,-0.034,,,,
3978,10/21/19 09:25:38 AM,,,99.994,,,,,
3979,10/21/19 09:27:18 AM,100.074,16.523,,-0.038,,,,
3980,10/21/19 09:27:38 AM,,,100.016,,,,,
3981,10/21/19 09:29:18 AM,100.062,16.523,,-0.038,,,,
3982,10/21/19 09:29:38 AM,,,99.998,,,,,
3983,10/21/19 09:31:18 AM,100.065,16.618,,-0.036,,,,
3984,10/21/19 09:31:38 AM,,,99.987,,,,,
3985,10/21/19 09:33:18 AM,100.065,16.618,,-0.036,,,,
3986,10/21/19 09:33:38 AM,,,99.987,,,,,
3987,10/21/19 09:35:18 AM,100.057,16.713,,-0.038,,,,
3988,10/21/19 09:35:38 AM,,,100.002,,,,,
3989,10/21/19 09:37:18 AM,100.068,16.713,,-0.037,,,,
3990,10/21/19 09:37:38 AM,,,100.002,,,,,
3991,10/21/19 09:39:18 AM,100.060,16.808,,-0.038,,,,
3992,10/21/19 09:39:38 AM,,,100.002,,,,,
3993,10/21/19 09:41:18 AM,100.075,16.903,,-0.036,,,,
3994,10/21/19 09:41:38 AM,,,100.002,,,,,
3995,10/21/19 09:43:18 AM,100.063,16.903,,-0.038,,,,
3996,10/21/19 09:43:38 AM,,,100.006,,,,,
3997,10/21/19 09:45:18 AM,100.075,16.903,,-0.037,,,,
3998,10/21/19 09:45:38 AM,,,100.006,,,,,
3999,10/21/19 09:47:18 AM,100.075,16.903,,-0.036,,,,
4000,10/21/19 09:47:38 AM,,,99.995,,,,,
4001,10/21/19 09:49:18 AM,100.072,16.808,,-0.036,,,,
4002,10/21/19 09:49:38 AM,,,99.995,,,,,
4003,10/21/19 09:51:18 AM,100.072,16.808,,-0.036,,,,
4004,10/21/19 09:51:38 AM,,,99.999,,,,,
4005,10/21/19 09:53:18 AM,100.087,16.903,,-0.035,,,,
4006,10/21/19 09:53:38 AM,,,99.999,,,,,
4007,10/21/19 09:55:18 AM,100.078,16.999,,-0.038,,,,
4008,10/21/19 09:55:38 AM,,,100.021,,,,,
4009,10/21/19 09:57:18 AM,100.078,16.999,,-0.037,,,,
4010,10/21/19 09:57:38 AM,,,100.003,,,,,
4011,10/21/19 09:59:18 AM,100.078,16.999,,-0.038,,,,
4012,10/21/19 09:59:38 AM,,,100.024,,,,,
4013,10/21/19 10:01:18 AM,100.067,16.999,,-0.039,,,,
4014,10/21/19 10:01:38 AM,,,100.014,,,,,
4015,10/21/19 10:03:18 AM,100.078,16.999,,-0.036,,,,
4016,10/21/19 10:03:38 AM,,,100.003,,,,,
4017,10/21/19 10:05:18 AM,100.055,16.999,,-0.038,,,,
4018,10/21/19 10:05:38 AM,,,99.992,,,,,
4019,10/21/19 10:07:18 AM,100.058,17.094,,-0.038,,,,
4020,10/21/19 10:07:38 AM,,,99.996,,,,,
4021,10/21/19 10:09:18 AM,100.062,17.189,,-0.038,,,,
4022,10/21/19 10:09:38 AM,,,100.007,,,,,
4023,10/21/19 10:11:18 AM,100.065,17.284,,-0.038,,,,
4024,10/21/19 10:11:38 AM,,,100.007,,,,,
4025,10/21/19 10:13:18 AM,100.068,17.379,,-0.039,,,,
4026,10/21/19 10:13:38 AM,,,100.017,,,,,
4027,10/21/19 10:15:18 AM,100.060,17.475,,-0.039,,,,
4028,10/21/19 10:15:38 AM,,,100.010,,,,,
4029,10/21/19 10:17:18 AM,100.071,17.475,,-0.039,,,,
4030,10/21/19 10:17:38 AM,,,100.021,,,,,
4031,10/21/19 10:19:18 AM,100.088,17.284,,-0.035,,,,
4032,10/21/19 10:19:38 AM,,,100.000,,,,,
4033,10/21/19 10:21:18 AM,100.073,17.189,,-0.037,,,,
4034,10/21/19 10:21:38 AM,,,100.010,,,,,
4035,10/21/19 10:23:18 AM,100.070,17.094,,-0.039,,,,
4036,10/21/19 10:23:38 AM,,,100.025,,,,,
4037,10/21/19 10:25:18 AM,100.070,17.094,,-0.037,,,,
4038,10/21/19 10:25:38 AM,,,100.003,,,,,
4039,10/21/19 10:27:18 AM,100.082,17.094,,-0.036,,,,
4040,10/21/19 10:27:38 AM,,,100.003,,,,,
4041,10/21/19 10:29:18 AM,100.070,17.094,,-0.037,,,,
4042,10/21/19 10:29:38 AM,,,100.003,,,,,
4043,10/21/19 10:31:18 AM,100.105,17.094,,-0.034,,,,
4044,10/21/19 10:31:38 AM,,,100.003,,,,,
4045,10/21/19 10:33:18 AM,100.097,17.189,,-0.035,,,,
4046,10/21/19 10:33:38 AM,,,100.014,,,,,
4047,10/21/19 10:35:18 AM,100.111,17.284,,-0.036,,,,
4048,10/21/19 10:35:38 AM,,,100.040,,,,,
4049,10/21/19 10:37:18 AM,100.091,17.379,,-0.038,,,,
4050,10/21/19 10:37:38 AM,,,100.029,,,,,
4051,10/21/19 10:39:18 AM,100.095,17.475,,-0.036,,,,
4052,10/21/19 10:39:38 AM,,,100.018,,,,,
4053,10/21/19 10:41:18 AM,100.086,17.570,,-0.036,,,,
4054,10/21/19 10:41:38 AM,,,100.007,,,,,
4055,10/21/19 10:43:18 AM,100.081,17.760,,-0.036,,,,
4056,10/21/19 10:43:38 AM,,,100.007,,,,,
4057,10/21/19 10:45:18 AM,100.081,17.760,,-0.037,,,,
4058,10/21/19 10:45:38 AM,,,100.011,,,,,
4059,10/21/19 10:47:18 AM,100.084,17.855,,-0.036,,,,
4060,10/21/19 10:47:38 AM,,,100.011,,,,,
4061,10/21/19 10:49:18 AM,100.073,17.855,,-0.038,,,,
4062,10/21/19 10:49:38 AM,,,100.011,,,,,
4063,10/21/19 10:51:18 AM,100.088,17.950,,-0.036,,,,
4064,10/21/19 10:51:38 AM,,,100.011,,,,,
4065,10/21/19 10:53:18 AM,100.083,18.140,,-0.036,,,,
4066,10/21/19 10:53:38 AM,,,100.004,,,,,
4067,10/21/19 10:55:18 AM,100.089,18.331,,-0.035,,,,
4068,10/21/19 10:55:38 AM,,,100.004,,,,,
4069,10/21/19 10:57:18 AM,100.099,18.616,,-0.034,,,,
4070,10/21/19 10:57:38 AM,,,100.004,,,,,
4071,10/21/19 10:59:18 AM,100.102,18.711,,-0.033,,,,
4072,10/21/19 10:59:38 AM,,,99.993,,,,,
4073,10/21/19 11:01:18 AM,100.094,18.806,,-0.035,,,,
4074,10/21/19 11:01:38 AM,,,100.008,,,,,
4075,10/21/19 11:03:18 AM,100.094,18.806,,-0.035,,,,
4076,10/21/19 11:03:38 AM,,,100.008,,,,,
4077,10/21/19 11:05:18 AM,100.082,18.806,,-0.037,,,,
4078,10/21/19 11:05:38 AM,,,100.019,,,,,
4079,10/21/19 11:07:18 AM,100.071,18.806,,-0.039,,,,
4080,10/21/19 11:07:38 AM,,,100.019,,,,,
4081,10/21/19 11:09:18 AM,100.067,18.711,,-0.038,,,,
4082,10/21/19 11:09:38 AM,,,100.008,,,,,
4083,10/21/19 11:11:18 AM,100.064,18.616,,-0.039,,,,
4084,10/21/19 11:11:38 AM,,,100.012,,,,,
4085,10/21/19 11:13:18 AM,100.073,18.521,,-0.037,,,,
4086,10/21/19 11:13:38 AM,,,100.001,,,,,
4087,10/21/19 11:15:18 AM,100.058,18.426,,-0.038,,,,
4088,10/21/19 11:15:38 AM,,,100.001,,,,,
4089,10/21/19 11:17:18 AM,100.093,18.426,,-0.035,,,,
4090,10/21/19 11:17:38 AM,,,100.012,,,,,
4091,10/21/19 11:19:18 AM,100.073,18.521,,-0.037,,,,
4092,10/21/19 11:19:38 AM,,,100.001,,,,,
4093,10/21/19 11:21:18 AM,100.073,18.521,,-0.037,,,,
4094,10/21/19 11:21:38 AM,,,100.001,,,,,
4095,10/21/19 11:23:18 AM,100.096,18.521,,-0.034,,,,
4096,10/21/19 11:23:38 AM,,,100.001,,,,,
4097,10/21/19 11:25:18 AM,100.084,18.521,,-0.038,,,,
4098,10/21/19 11:25:38 AM,,,100.027,,,,,
4099,10/21/19 11:27:18 AM,100.084,18.521,,-0.037,,,,
4100,10/21/19 11:27:38 AM,,,100.016,,,,,
4101,10/21/19 11:29:18 AM,100.076,18.616,,-0.038,,,,
4102,10/21/19 11:29:38 AM,,,100.016,,,,,
4103,10/21/19 11:31:18 AM,100.091,18.711,,-0.034,,,,
4104,10/21/19 11:31:38 AM,,,99.994,,,,,
4105,10/21/19 11:33:18 AM,100.071,18.806,,-0.036,,,,
4106,10/21/19 11:33:38 AM,,,99.994,,,,,
4107,10/21/19 11:35:18 AM,100.069,19.092,,-0.035,,,,
4108,10/21/19 11:35:38 AM,,,99.983,,,,,
4109,10/21/19 11:37:18 AM,100.056,19.377,,-0.038,,,,
4110,10/21/19 11:37:38 AM,,,99.998,,,,,
4111,10/21/19 11:39:18 AM,100.065,19.662,,-0.036,,,,
4112,10/21/19 11:39:38 AM,,,99.987,,,,,
4113,10/21/19 11:41:18 AM,100.060,19.853,,-0.037,,,,
4114,10/21/19 11:41:38 AM,,,99.998,,,,,
4115,10/21/19 11:43:18 AM,100.049,19.853,,-0.038,,,,
4116,10/21/19 11:43:38 AM,,,99.987,,,,,
4117,10/21/19 11:45:18 AM,100.060,19.853,,-0.037,,,,
4118,10/21/19 11:45:38 AM,,,99.998,,,,,
4119,10/21/19 11:47:18 AM,100.065,19.662,,-0.036,,,,
4120,10/21/19 11:47:38 AM,,,99.987,,,,,
4121,10/21/19 11:49:18 AM,100.071,19.472,,-0.036,,,,
4122,10/21/19 11:49:38 AM,,,99.998,,,,,
4123,10/21/19 11:51:18 AM,100.067,19.377,,-0.036,,,,
4124,10/21/19 11:51:38 AM,,,99.991,,,,,
4125,10/21/19 11:53:18 AM,100.072,19.187,,-0.036,,,,
4126,10/21/19 11:53:38 AM,,,99.991,,,,,
4127,10/21/19 11:55:18 AM,100.046,19.092,,-0.038,,,,
4128,10/21/19 11:55:38 AM,,,99.991,,,,,
4129,10/21/19 11:57:18 AM,100.031,18.996,,-0.040,,,,
4130,10/21/19 11:57:38 AM,,,99.991,,,,,
4131,10/21/19 11:59:18 AM,100.042,18.996,,-0.038,,,,
4132,10/21/19 11:59:38 AM,,,99.980,,,,,
4133,10/21/19 12:01:18 PM,100.031,18.996,,-0.038,,,,
4134,10/21/19 12:01:38 PM,,,99.969,,,,,
4135,10/21/19 12:03:18 PM,100.034,19.092,,-0.038,,,,
4136,10/21/19 12:03:38 PM,,,99.980,,,,,
4137,10/21/19 12:05:18 PM,100.049,19.187,,-0.037,,,,
4138,10/21/19 12:05:38 PM,,,99.980,,,,,
4139,10/21/19 12:07:18 PM,100.049,19.187,,-0.038,,,,
4140,10/21/19 12:07:38 PM,,,99.991,,,,,
4141,10/21/19 12:09:18 PM,100.052,19.282,,-0.038,,,,
4142,10/21/19 12:09:38 PM,,,99.991,,,,,
4143,10/21/19 12:11:18 PM,100.056,19.377,,-0.038,,,,
4144,10/21/19 12:11:38 PM,,,99.995,,,,,
4145,10/21/19 12:13:18 PM,100.044,19.377,,-0.039,,,,
4146,10/21/19 12:13:38 PM,,,99.995,,,,,
4147,10/21/19 12:15:18 PM,100.059,19.472,,-0.037,,,,
4148,10/21/19 12:15:38 PM,,,99.995,,,,,
4149,10/21/19 12:17:18 PM,100.062,19.567,,-0.035,,,,
4150,10/21/19 12:17:38 PM,,,99.973,,,,,
4151,10/21/19 12:19:18 PM,100.047,19.472,,-0.037,,,,
4152,10/21/19 12:19:38 PM,,,99.984,,,,,
4153,10/21/19 12:21:18 PM,100.059,19.472,,-0.038,,,,
4154,10/21/19 12:21:38 PM,,,100.006,,,,,
4155,10/21/19 12:23:18 PM,100.067,19.377,,-0.037,,,,
4156,10/21/19 12:23:38 PM,,,99.995,,,,,
4157,10/21/19 12:25:18 PM,100.056,19.377,,-0.037,,,,
4158,10/21/19 12:25:38 PM,,,99.984,,,,,
4159,10/21/19 12:27:18 PM,100.044,19.377,,-0.039,,,,
4160,10/21/19 12:27:38 PM,,,99.999,,,,,
4161,10/21/19 12:29:18 PM,100.029,19.282,,-0.040,,,,
4162,10/21/19 12:29:38 PM,,,99.988,,,,,
4163,10/21/19 12:31:18 PM,100.032,19.377,,-0.039,,,,
4164,10/21/19 12:31:38 PM,,,99.977,,,,,
4165,10/21/19 12:33:18 PM,100.032,19.377,,-0.037,,,,
4166,10/21/19 12:33:38 PM,,,99.966,,,,,
4167,10/21/19 12:35:18 PM,100.062,19.567,,-0.034,,,,
4168,10/21/19 12:35:38 PM,,,99.966,,,,,
4169,10/21/19 12:37:18 PM,100.034,19.758,,-0.037,,,,
4170,10/21/19 12:37:38 PM,,,99.966,,,,,
4171,10/21/19 12:39:18 PM,100.037,19.853,,-0.038,,,,
4172,10/21/19 12:39:38 PM,,,99.977,,,,,
4173,10/21/19 12:41:18 PM,100.032,20.043,,-0.037,,,,
4174,10/21/19 12:41:38 PM,,,99.966,,,,,
4175,10/21/19 12:43:18 PM,100.039,20.234,,-0.035,,,,
4176,10/21/19 12:43:38 PM,,,99.948,,,,,
4177,10/21/19 12:45:18 PM,100.045,20.424,,-0.036,,,,
4178,10/21/19 12:45:38 PM,,,99.970,,,,,
4179,10/21/19 12:47:18 PM,100.017,20.615,,-0.038,,,,
4180,10/21/19 12:47:38 PM,,,99.959,,,,,
4181,10/21/19 12:49:18 PM,100.044,20.710,,-0.034,,,,
4182,10/21/19 12:49:38 PM,,,99.948,,,,,
4183,10/21/19 12:51:18 PM,100.039,20.901,,-0.035,,,,
4184,10/21/19 12:51:38 PM,,,99.948,,,,,
4185,10/21/19 12:53:18 PM,100.010,21.091,,-0.038,,,,
4186,10/21/19 12:53:38 PM,,,99.952,,,,,
4187,10/21/19 12:55:18 PM,100.014,21.187,,-0.038,,,,
4188,10/21/19 12:55:38 PM,,,99.952,,,,,
4189,10/21/19 12:57:18 PM,100.025,21.187,,-0.036,,,,
4190,10/21/19 12:57:38 PM,,,99.941,,,,,
4191,10/21/19 12:59:18 PM,100.025,21.187,,-0.035,,,,
4192,10/21/19 12:59:38 PM,,,99.941,,,,,
4193,10/21/19 01:01:18 PM,100.022,21.091,,-0.036,,,,
4194,10/21/19 01:01:38 PM,,,99.941,,,,,
4195,10/21/19 01:03:18 PM,100.034,21.091,,-0.035,,,,
4196,10/21/19 01:03:38 PM,,,99.945,,,,,
4197,10/21/19 01:05:18 PM,100.015,20.901,,-0.038,,,,
4198,10/21/19 01:05:38 PM,,,99.956,,,,,
4199,10/21/19 01:07:18 PM,100.012,20.805,,-0.038,,,,
4200,10/21/19 01:07:38 PM,,,99.956,,,,,
4201,10/21/19 01:09:18 PM,100.017,20.615,,-0.037,,,,
4202,10/21/19 01:09:38 PM,,,99.945,,,,,
4203,10/21/19 01:11:18 PM,100.019,20.329,,-0.037,,,,
4204,10/21/19 01:11:38 PM,,,99.956,,,,,
4205,10/21/19 01:13:18 PM,100.024,20.138,,-0.038,,,,
4206,10/21/19 01:13:38 PM,,,99.967,,,,,
4207,10/21/19 01:15:18 PM,100.025,19.853,,-0.037,,,,
4208,10/21/19 01:15:38 PM,,,99.956,,,,,
4209,10/21/19 01:17:18 PM,100.019,19.662,,-0.038,,,,
4210,10/21/19 01:17:38 PM,,,99.956,,,,,
4211,10/21/19 01:19:18 PM,100.004,19.567,,-0.039,,,,
4212,10/21/19 01:19:38 PM,,,99.956,,,,,
4213,10/21/19 01:21:18 PM,100.009,19.377,,-0.039,,,,
4214,10/21/19 01:21:38 PM,,,99.956,,,,,
4215,10/21/19 01:23:18 PM,100.029,19.282,,-0.037,,,,
4216,10/21/19 01:23:38 PM,,,99.967,,,,,
4217,10/21/19 01:25:18 PM,100.014,19.187,,-0.038,,,,
4218,10/21/19 01:25:38 PM,,,99.956,,,,,
4219,10/21/19 01:27:18 PM,99.987,19.092,,-0.039,,,,
4220,10/21/19 01:27:38 PM,,,99.934,,,,,
4221,10/21/19 01:29:18 PM,100.007,18.996,,-0.037,,,,
4222,10/21/19 01:29:38 PM,,,99.945,,,,,
4223,10/21/19 01:31:18 PM,100.016,18.901,,-0.036,,,,
4224,10/21/19 01:31:38 PM,,,99.934,,,,,
4225,10/21/19 01:33:18 PM,100.016,18.901,,-0.037,,,,
4226,10/21/19 01:33:38 PM,,,99.945,,,,,
4227,10/21/19 01:35:18 PM,99.996,18.996,,-0.039,,,,
4228,10/21/19 01:35:38 PM,,,99.945,,,,,
4229,10/21/19 01:37:18 PM,100.002,19.187,,-0.038,,,,
4230,10/21/19 01:37:38 PM,,,99.945,,,,,
4231,10/21/19 01:39:18 PM,99.997,19.377,,-0.039,,,,
4232,10/21/19 01:39:38 PM,,,99.945,,,,,
4233,10/21/19 01:41:18 PM,99.987,19.758,,-0.040,,,,
4234,10/21/19 01:41:38 PM,,,99.945,,,,,
4235,10/21/19 01:43:18 PM,99.974,20.043,,-0.041,,,,
4236,10/21/19 01:43:38 PM,,,99.945,,,,,
4237,10/21/19 01:45:18 PM,99.977,20.138,,-0.040,,,,
4238,10/21/19 01:45:38 PM,,,99.934,,,,,
4239,10/21/19 01:47:18 PM,99.969,20.234,,-0.041,,,,
4240,10/21/19 01:47:38 PM,,,99.938,,,,,
4241,10/21/19 01:49:18 PM,99.967,20.519,,-0.040,,,,
4242,10/21/19 01:49:38 PM,,,99.927,,,,,
4243,10/21/19 01:51:18 PM,99.977,20.805,,-0.038,,,,
4244,10/21/19 01:51:38 PM,,,99.916,,,,,
4245,10/21/19 01:53:18 PM,99.972,20.996,,-0.038,,,,
4246,10/21/19 01:53:38 PM,,,99.916,,,,,
4247,10/21/19 01:55:18 PM,99.975,21.091,,-0.037,,,,
4248,10/21/19 01:55:38 PM,,,99.905,,,,,
4249,10/21/19 01:57:18 PM,99.972,20.996,,-0.038,,,,
4250,10/21/19 01:57:38 PM,,,99.916,,,,,
4251,10/21/19 01:59:18 PM,99.972,20.996,,-0.039,,,,
4252,10/21/19 01:59:38 PM,,,99.920,,,,,
4253,10/21/19 02:01:18 PM,99.972,20.996,,-0.038,,,,
4254,10/21/19 02:01:38 PM,,,99.909,,,,,
4255,10/21/19 02:03:18 PM,99.980,20.901,,-0.037,,,,
4256,10/21/19 02:03:38 PM,,,99.909,,,,,
4257,10/21/19 02:05:18 PM,99.972,20.996,,-0.038,,,,
4258,10/21/19 02:05:38 PM,,,99.909,,,,,
4259,10/21/19 02:07:18 PM,99.960,20.996,,-0.039,,,,
4260,10/21/19 02:07:38 PM,,,99.909,,,,,
4261,10/21/19 02:09:18 PM,99.957,20.901,,-0.039,,,,
4262,10/21/19 02:09:38 PM,,,99.909,,,,,
4263,10/21/19 02:11:18 PM,99.957,20.901,,-0.040,,,,
4264,10/21/19 02:11:38 PM,,,99.920,,,,,
4265,10/21/19 02:13:18 PM,99.957,20.901,,-0.038,,,,
4266,10/21/19 02:13:38 PM,,,99.898,,,,,
4267,10/21/19 02:15:18 PM,99.957,20.901,,-0.038,,,,
4268,10/21/19 02:15:38 PM,,,99.902,,,,,
4269,10/21/19 02:17:18 PM,99.957,20.901,,-0.038,,,,
4270,10/21/19 02:17:38 PM,,,99.902,,,,,
4271,10/21/19 02:19:18 PM,99.955,21.187,,-0.038,,,,
4272,10/21/19 02:19:38 PM,,,99.891,,,,,
4273,10/21/19 02:21:18 PM,99.969,21.569,,-0.037,,,,
4274,10/21/19 02:21:38 PM,,,99.902,,,,,
4275,10/21/19 02:23:18 PM,99.964,21.760,,-0.037,,,,
4276,10/21/19 02:23:38 PM,,,99.891,,,,,
4277,10/21/19 02:25:18 PM,99.955,21.855,,-0.038,,,,
4278,10/21/19 02:25:38 PM,,,99.902,,,,,
4279,10/21/19 02:27:18 PM,99.967,21.855,,-0.039,,,,
4280,10/21/19 02:27:38 PM,,,99.917,,,,,
4281,10/21/19 02:29:18 PM,99.964,21.760,,-0.038,,,,
4282,10/21/19 02:29:38 PM,,,99.906,,,,,
4283,10/21/19 02:31:18 PM,99.960,21.664,,-0.039,,,,
4284,10/21/19 02:31:38 PM,,,99.917,,,,,
4285,10/21/19 02:33:18 PM,99.949,21.664,,-0.039,,,,
4286,10/21/19 02:33:38 PM,,,99.895,,,,,
4287,10/21/19 02:35:18 PM,99.960,21.664,,-0.036,,,,
4288,10/21/19 02:35:38 PM,,,99.884,,,,,
4289,10/21/19 02:37:18 PM,99.960,21.664,,-0.038,,,,
4290,10/21/19 02:37:38 PM,,,99.906,,,,,
4291,10/21/19 02:39:18 PM,99.949,21.664,,-0.040,,,,
4292,10/21/19 02:39:38 PM,,,99.906,,,,,
4293,10/21/19 02:41:18 PM,99.957,21.569,,-0.039,,,,
4294,10/21/19 02:41:38 PM,,,99.910,,,,,
4295,10/21/19 02:43:18 PM,99.954,21.473,,-0.039,,,,
4296,10/21/19 02:43:38 PM,,,99.899,,,,,
4297,10/21/19 02:45:18 PM,99.927,21.378,,-0.041,,,,
4298,10/21/19 02:45:38 PM,,,99.899,,,,,
4299,10/21/19 02:47:18 PM,99.920,21.187,,-0.042,,,,
4300,10/21/19 02:47:38 PM,,,99.899,,,,,
4301,10/21/19 02:49:18 PM,99.932,21.187,,-0.041,,,,
4302,10/21/19 02:49:38 PM,,,99.899,,,,,
4303,10/21/19 02:51:18 PM,99.940,21.091,,-0.039,,,,
4304,10/21/19 02:51:38 PM,,,99.888,,,,,
4305,10/21/19 02:53:18 PM,99.949,20.996,,-0.039,,,,
4306,10/21/19 02:53:38 PM,,,99.899,,,,,
4307,10/21/19 02:55:18 PM,99.930,20.805,,-0.040,,,,
4308,10/21/19 02:55:38 PM,,,99.888,,,,,
4309,10/21/19 02:57:18 PM,99.947,20.615,,-0.039,,,,
4310,10/21/19 02:57:38 PM,,,99.899,,,,,
4311,10/21/19 02:59:18 PM,99.917,20.424,,-0.042,,,,
4312,10/21/19 02:59:38 PM,,,99.899,,,,,
4313,10/21/19 03:01:18 PM,99.922,20.234,,-0.041,,,,
4314,10/21/19 03:01:38 PM,,,99.888,,,,,
4315,10/21/19 03:03:18 PM,99.922,20.234,,-0.040,,,,
4316,10/21/19 03:03:38 PM,,,99.888,,,,,
4317,10/21/19 03:05:18 PM,99.922,20.234,,-0.040,,,,
4318,10/21/19 03:05:38 PM,,,99.877,,,,,
4319,10/21/19 03:07:18 PM,99.908,20.519,,-0.041,,,,
4320,10/21/19 03:07:38 PM,,,99.877,,,,,
4321,10/21/19 03:09:18 PM,99.907,20.805,,-0.040,,,,
4322,10/21/19 03:09:38 PM,,,99.866,,,,,
4323,10/21/19 03:11:18 PM,99.910,20.901,,-0.039,,,,
4324,10/21/19 03:11:38 PM,,,99.866,,,,,
4325,10/21/19 03:13:18 PM,99.898,20.901,,-0.041,,,,
4326,10/21/19 03:13:38 PM,,,99.866,,,,,
4327,10/21/19 03:15:18 PM,99.898,20.901,,-0.041,,,,
4328,10/21/19 03:15:38 PM,,,99.866,,,,,
4329,10/21/19 03:17:18 PM,99.898,20.901,,-0.041,,,,
4330,10/21/19 03:17:38 PM,,,99.866,,,,,
4331,10/21/19 03:19:18 PM,99.910,20.901,,-0.040,,,,
4332,10/21/19 03:19:38 PM,,,99.877,,,,,
4333,10/21/19 03:21:18 PM,99.907,20.805,,-0.041,,,,
4334,10/21/19 03:21:38 PM,,,99.877,,,,,
4335,10/21/19 03:23:18 PM,99.918,20.805,,-0.038,,,,
4336,10/21/19 03:23:38 PM,,,99.855,,,,,
4337,10/21/19 03:25:18 PM,99.910,20.901,,-0.039,,,,
4338,10/21/19 03:25:38 PM,,,99.866,,,,,
4339,10/21/19 03:27:18 PM,99.905,21.091,,-0.040,,,,
4340,10/21/19 03:27:38 PM,,,99.866,,,,,
4341,10/21/19 03:29:18 PM,99.907,21.473,,-0.040,,,,
4342,10/21/19 03:29:38 PM,,,99.866,,,,,
4343,10/21/19 03:31:18 PM,99.910,21.569,,-0.039,,,,
4344,10/21/19 03:31:38 PM,,,99.855,,,,,
4345,10/21/19 03:33:18 PM,99.910,21.569,,-0.039,,,,
4346,10/21/19 03:33:38 PM,,,99.866,,,,,
4347,10/21/19 03:35:18 PM,99.910,21.569,,-0.039,,,,
4348,10/21/19 03:35:38 PM,,,99.866,,,,,
4349,10/21/19 03:37:18 PM,99.910,21.569,,-0.040,,,,
4350,10/21/19 03:37:38 PM,,,99.870,,,,,
4351,10/21/19 03:39:18 PM,99.907,21.473,,-0.040,,,,
4352,10/21/19 03:39:38 PM,,,99.870,,,,,
4353,10/21/19 03:41:18 PM,99.907,21.473,,-0.040,,,,
4354,10/21/19 03:41:38 PM,,,99.870,,,,,
4355,10/21/19 03:43:18 PM,99.915,21.378,,-0.041,,,,
4356,10/21/19 03:43:38 PM,,,99.892,,,,,
4357,10/21/19 03:45:18 PM,99.915,21.378,,-0.042,,,,
4358,10/21/19 03:45:38 PM,,,99.892,,,,,
4359,10/21/19 03:47:18 PM,99.920,21.187,,-0.041,,,,
4360,10/21/19 03:47:38 PM,,,99.892,,,,,
4361,10/21/19 03:49:18 PM,99.920,21.187,,-0.041,,,,
4362,10/21/19 03:49:38 PM,,,99.892,,,,,
4363,10/21/19 03:51:18 PM,99.917,21.091,,-0.041,,,,
4364,10/21/19 03:51:38 PM,,,99.892,,,,,
4365,10/21/19 03:53:18 PM,99.932,21.187,,-0.039,,,,
4366,10/21/19 03:53:38 PM,,,99.881,,,,,
4367,10/21/19 03:55:18 PM,99.920,21.187,,-0.041,,,,
4368,10/21/19 03:55:38 PM,,,99.892,,,,,
4369,10/21/19 03:57:18 PM,99.915,21.378,,-0.041,,,,
4370,10/21/19 03:57:38 PM,,,99.881,,,,,
4371,10/21/19 03:59:18 PM,99.934,21.569,,-0.039,,,,
4372,10/21/19 03:59:38 PM,,,99.881,,,,,
4373,10/21/19 04:01:18 PM,99.917,21.760,,-0.039,,,,
4374,10/21/19 04:01:38 PM,,,99.870,,,,,
4375,10/21/19 04:03:18 PM,99.924,21.951,,-0.039,,,,
4376,10/21/19 04:03:38 PM,,,99.881,,,,,
4377,10/21/19 04:05:18 PM,99.915,22.046,,-0.041,,,,
4378,10/21/19 04:05:38 PM,,,99.892,,,,,
4379,10/21/19 04:07:18 PM,99.919,22.142,,-0.040,,,,
4380,10/21/19 04:07:38 PM,,,99.881,,,,,
4381,10/21/19 04:09:18 PM,99.919,22.142,,-0.042,,,,
4382,10/21/19 04:09:38 PM,,,99.903,,,,,
4383,10/21/19 04:11:18 PM,99.942,22.142,,-0.038,,,,
4384,10/21/19 04:11:38 PM,,,99.881,,,,,
4385,10/21/19 04:13:18 PM,99.947,21.951,,-0.038,,,,
4386,10/21/19 04:13:38 PM,,,99.892,,,,,
4387,10/21/19 04:15:18 PM,99.944,21.855,,-0.039,,,,
4388,10/21/19 04:15:38 PM,,,99.892,,,,,
4389,10/21/19 04:17:18 PM,99.937,21.664,,-0.039,,,,
4390,10/21/19 04:17:38 PM,,,99.892,,,,,
4391,10/21/19 04:19:18 PM,99.922,21.569,,-0.042,,,,
4392,10/21/19 04:19:38 PM,,,99.903,,,,,
4393,10/21/19 04:21:18 PM,99.942,21.473,,-0.039,,,,
4394,10/21/19 04:21:38 PM,,,99.892,,,,,
4395,10/21/19 04:23:18 PM,99.927,21.378,,-0.040,,,,
4396,10/21/19 04:23:38 PM,,,99.892,,,,,
4397,10/21/19 04:25:18 PM,99.939,21.378,,-0.039,,,,
4398,10/21/19 04:25:38 PM,,,99.892,,,,,
4399,10/21/19 04:27:18 PM,99.923,21.282,,-0.042,,,,
4400,10/21/19 04:27:38 PM,,,99.903,,,,,
4401,10/21/19 04:29:18 PM,99.923,21.282,,-0.041,,,,
4402,10/21/19 04:29:38 PM,,,99.892,,,,,
4403,10/21/19 04:31:18 PM,99.923,21.282,,-0.042,,,,
4404,10/21/19 04:31:38 PM,,,99.903,,,,,
4405,10/21/19 04:33:18 PM,99.932,21.187,,-0.041,,,,
4406,10/21/19 04:33:38 PM,,,99.903,,,,,
4407,10/21/19 04:35:18 PM,99.944,21.187,,-0.040,,,,
4408,10/21/19 04:35:38 PM,,,99.903,,,,,
4409,10/21/19 04:37:18 PM,99.944,21.187,,-0.040,,,,
4410,10/21/19 04:37:38 PM,,,99.903,,,,,
4411,10/21/19 04:39:18 PM,99.947,21.282,,-0.040,,,,
4412,10/21/19 04:39:38 PM,,,99.914,,,,,
4413,10/21/19 04:41:18 PM,99.932,21.187,,-0.042,,,,
4414,10/21/19 04:41:38 PM,,,99.914,,,,,
4415,10/21/19 04:43:18 PM,99.944,21.187,,-0.041,,,,
4416,10/21/19 04:43:38 PM,,,99.914,,,,,
4417,10/21/19 04:45:18 PM,99.944,21.187,,-0.041,,,,
4418,10/21/19 04:45:38 PM,,,99.914,,,,,
4419,10/21/19 04:47:18 PM,99.940,21.091,,-0.042,,,,
4420,10/21/19 04:47:38 PM,,,99.925,,,,,
4421,10/21/19 04:49:18 PM,99.933,20.901,,-0.042,,,,
4422,10/21/19 04:49:38 PM,,,99.914,,,,,
4423,10/21/19 04:51:18 PM,99.930,20.805,,-0.043,,,,
4424,10/21/19 04:51:38 PM,,,99.925,,,,,
4425,10/21/19 04:53:18 PM,99.915,20.710,,-0.044,,,,
4426,10/21/19 04:53:38 PM,,,99.914,,,,,
4427,10/21/19 04:55:18 PM,99.920,20.519,,-0.043,,,,
4428,10/21/19 04:55:38 PM,,,99.914,,,,,
4429,10/21/19 04:57:18 PM,99.908,20.519,,-0.045,,,,
4430,10/21/19 04:57:38 PM,,,99.914,,,,,
4431,10/21/19 04:59:18 PM,99.928,20.424,,-0.042,,,,
4432,10/21/19 04:59:38 PM,,,99.903,,,,,
4433,10/21/19 05:01:18 PM,99.925,20.329,,-0.042,,,,
4434,10/21/19 05:01:38 PM,,,99.903,,,,,
4435,10/21/19 05:03:18 PM,99.922,20.234,,-0.043,,,,
4436,10/21/19 05:03:38 PM,,,99.918,,,,,
4437,10/21/19 05:05:18 PM,99.930,20.138,,-0.043,,,,
4438,10/21/19 05:05:38 PM,,,99.918,,,,,
4439,10/21/19 05:07:18 PM,99.939,20.043,,-0.042,,,,
4440,10/21/19 05:07:38 PM,,,99.918,,,,,
4441,10/21/19 05:09:18 PM,99.924,19.948,,-0.041,,,,
4442,10/21/19 05:09:38 PM,,,99.896,,,,,
4443,10/21/19 05:11:18 PM,99.924,19.948,,-0.042,,,,
4444,10/21/19 05:11:38 PM,,,99.907,,,,,
4445,10/21/19 05:13:18 PM,99.927,20.043,,-0.043,,,,
4446,10/21/19 05:13:38 PM,,,99.918,,,,,
4447,10/21/19 05:15:18 PM,99.927,20.043,,-0.042,,,,
4448,10/21/19 05:15:38 PM,,,99.907,,,,,
4449,10/21/19 05:17:18 PM,99.939,20.043,,-0.042,,,,
4450,10/21/19 05:17:38 PM,,,99.918,,,,,
4451,10/21/19 05:19:18 PM,99.950,20.043,,-0.041,,,,
4452,10/21/19 05:19:38 PM,,,99.918,,,,,
4453,10/21/19 05:21:18 PM,99.947,19.948,,-0.042,,,,
4454,10/21/19 05:21:38 PM,,,99.925,,,,,
4455,10/21/19 05:23:18 PM,99.935,19.948,,-0.045,,,,
4456,10/21/19 05:23:38 PM,,,99.946,,,,,
4457,10/21/19 05:25:18 PM,99.932,19.853,,-0.045,,,,
4458,10/21/19 05:25:38 PM,,,99.936,,,,,
4459,10/21/19 05:27:18 PM,99.940,19.758,,-0.044,,,,
4460,10/21/19 05:27:38 PM,,,99.936,,,,,
4461,10/21/19 05:29:18 PM,99.949,19.662,,-0.042,,,,
4462,10/21/19 05:29:38 PM,,,99.925,,,,,
4463,10/21/19 05:31:18 PM,99.945,19.567,,-0.043,,,,
4464,10/21/19 05:31:38 PM,,,99.936,,,,,
4465,10/21/19 05:33:18 PM,99.942,19.472,,-0.043,,,,
4466,10/21/19 05:33:38 PM,,,99.936,,,,,
4467,10/21/19 05:35:18 PM,99.950,19.377,,-0.043,,,,
4468,10/21/19 05:35:38 PM,,,99.946,,,,,
4469,10/21/19 05:37:18 PM,99.947,19.282,,-0.045,,,,
4470,10/21/19 05:37:38 PM,,,99.957,,,,,
4471,10/21/19 05:39:18 PM,99.967,19.187,,-0.044,,,,
4472,10/21/19 05:39:38 PM,,,99.968,,,,,
4473,10/21/19 05:41:18 PM,99.964,19.092,,-0.043,,,,
4474,10/21/19 05:41:38 PM,,,99.957,,,,,
4475,10/21/19 05:43:18 PM,99.961,18.996,,-0.044,,,,
4476,10/21/19 05:43:38 PM,,,99.957,,,,,
4477,10/21/19 05:45:18 PM,99.961,18.996,,-0.044,,,,
4478,10/21/19 05:45:38 PM,,,99.957,,,,,
4479,10/21/19 05:47:18 PM,99.946,18.901,,-0.045,,,,
4480,10/21/19 05:47:38 PM,,,99.957,,,,,
4481,10/21/19 05:49:18 PM,99.966,18.806,,-0.044,,,,
4482,10/21/19 05:49:38 PM,,,99.968,,,,,
4483,10/21/19 05:51:18 PM,99.962,18.711,,-0.045,,,,
4484,10/21/19 05:51:38 PM,,,99.979,,,,,
4485,10/21/19 05:53:18 PM,99.951,18.711,,-0.046,,,,
4486,10/21/19 05:53:38 PM,,,99.975,,,,,
4487,10/21/19 05:55:18 PM,99.947,18.616,,-0.047,,,,
4488,10/21/19 05:55:38 PM,,,99.975,,,,,
4489,10/21/19 05:57:18 PM,99.967,18.521,,-0.046,,,,
4490,10/21/19 05:57:38 PM,,,99.986,,,,,
4491,10/21/19 05:59:18 PM,99.956,18.521,,-0.047,,,,
4492,10/21/19 05:59:38 PM,,,99.986,,,,,
4493,10/21/19 06:01:18 PM,99.964,18.426,,-0.046,,,,
4494,10/21/19 06:01:38 PM,,,99.986,,,,,
4495,10/21/19 06:03:18 PM,99.964,18.426,,-0.046,,,,
4496,10/21/19 06:03:38 PM,,,99.986,,,,,
4497,10/21/19 06:05:18 PM,99.961,18.331,,-0.046,,,,
4498,10/21/19 06:05:38 PM,,,99.986,,,,,
4499,10/21/19 06:07:18 PM,99.984,18.331,,-0.044,,,,
4500,10/21/19 06:07:38 PM,,,99.986,,,,,
4501,10/21/19 06:09:18 PM,99.969,18.236,,-0.044,,,,
4502,10/21/19 06:09:38 PM,,,99.971,,,,,
4503,10/21/19 06:11:18 PM,99.958,18.236,,-0.046,,,,
4504,10/21/19 06:11:38 PM,,,99.982,,,,,
4505,10/21/19 06:13:18 PM,99.966,18.140,,-0.044,,,,
4506,10/21/19 06:13:38 PM,,,99.960,,,,,
4507,10/21/19 06:15:18 PM,99.978,18.140,,-0.043,,,,
4508,10/21/19 06:15:38 PM,,,99.971,,,,,
4509,10/21/19 06:17:18 PM,99.974,18.045,,-0.044,,,,
4510,10/21/19 06:17:38 PM,,,99.971,,,,,
4511,10/21/19 06:19:18 PM,99.974,18.045,,-0.046,,,,
4512,10/21/19 06:19:38 PM,,,99.993,,,,,
4513,10/21/19 06:21:18 PM,99.986,18.045,,-0.045,,,,
4514,10/21/19 06:21:38 PM,,,99.993,,,,,
4515,10/21/19 06:23:18 PM,99.983,17.950,,-0.044,,,,
4516,10/21/19 06:23:38 PM,,,99.978,,,,,
4517,10/21/19 06:25:18 PM,99.971,17.950,,-0.044,,,,
4518,10/21/19 06:25:38 PM,,,99.967,,,,,
4519,10/21/19 06:27:18 PM,99.956,17.855,,-0.047,,,,
4520,10/21/19 06:27:38 PM,,,99.989,,,,,
4521,10/21/19 06:29:18 PM,99.968,17.855,,-0.045,,,,
4522,10/21/19 06:29:38 PM,,,99.978,,,,,
4523,10/21/19 06:31:18 PM,99.976,17.760,,-0.045,,,,
4524,10/21/19 06:31:38 PM,,,99.989,,,,,
4525,10/21/19 06:33:18 PM,99.976,17.760,,-0.044,,,,
4526,10/21/19 06:33:38 PM,,,99.978,,,,,
4527,10/21/19 06:35:18 PM,99.988,17.760,,-0.044,,,,
4528,10/21/19 06:35:38 PM,,,99.989,,,,,
4529,10/21/19 06:37:18 PM,99.985,17.665,,-0.045,,,,
4530,10/21/19 06:37:38 PM,,,99.996,,,,,
4531,10/21/19 06:39:18 PM,99.973,17.665,,-0.046,,,,
4532,10/21/19 06:39:38 PM,,,99.996,,,,,
4533,10/21/19 06:41:18 PM,99.993,17.570,,-0.044,,,,
4534,10/21/19 06:41:38 PM,,,99.996,,,,,
4535,10/21/19 06:43:18 PM,99.993,17.570,,-0.044,,,,
4536,10/21/19 06:43:38 PM,,,99.996,,,,,
4537,10/21/19 06:45:18 PM,99.990,17.475,,-0.044,,,,
4538,10/21/19 06:45:38 PM,,,99.985,,,,,
4539,10/21/19 06:47:18 PM,99.990,17.475,,-0.045,,,,
4540,10/21/19 06:47:38 PM,,,100.007,,,,,
4541,10/21/19 06:49:18 PM,99.986,17.379,,-0.046,,,,
4542,10/21/19 06:49:38 PM,,,100.003,,,,,
4543,10/21/19 06:51:18 PM,100.010,17.379,,-0.042,,,,
4544,10/21/19 06:51:38 PM,,,99.992,,,,,
4545,10/21/19 06:53:18 PM,100.006,17.284,,-0.043,,,,
4546,10/21/19 06:53:38 PM,,,100.003,,,,,
4547,10/21/19 06:55:18 PM,100.003,17.189,,-0.045,,,,
4548,10/21/19 06:55:38 PM,,,100.014,,,,,
4549,10/21/19 06:57:18 PM,99.988,17.094,,-0.047,,,,
4550,10/21/19 06:57:38 PM,,,100.014,,,,,
4551,10/21/19 06:59:18 PM,100.000,17.094,,-0.045,,,,
4552,10/21/19 06:59:38 PM,,,100.010,,,,,
4553,10/21/19 07:01:18 PM,99.997,16.999,,-0.045,,,,
4554,10/21/19 07:01:38 PM,,,100.010,,,,,
4555,10/21/19 07:03:18 PM,99.993,16.903,,-0.045,,,,
4556,10/21/19 07:03:38 PM,,,99.999,,,,,
4557,10/21/19 07:05:18 PM,99.990,16.808,,-0.045,,,,
4558,10/21/19 07:05:38 PM,,,99.999,,,,,
4559,10/21/19 07:07:18 PM,99.998,16.713,,-0.044,,,,
4560,10/21/19 07:07:38 PM,,,99.999,,,,,
4561,10/21/19 07:09:18 PM,99.987,16.713,,-0.045,,,,
4562,10/21/19 07:09:38 PM,,,99.995,,,,,
4563,10/21/19 07:11:18 PM,100.007,16.618,,-0.045,,,,
4564,10/21/19 07:11:38 PM,,,100.017,,,,,
4565,10/21/19 07:13:18 PM,99.980,16.523,,-0.047,,,,
4566,10/21/19 07:13:38 PM,,,100.006,,,,,
4567,10/21/19 07:15:18 PM,99.989,16.427,,-0.046,,,,
4568,10/21/19 07:15:38 PM,,,100.006,,,,,
4569,10/21/19 07:17:18 PM,99.974,16.332,,-0.047,,,,
4570,10/21/19 07:17:38 PM,,,100.002,,,,,
4571,10/21/19 07:19:18 PM,99.982,16.237,,-0.047,,,,
4572,10/21/19 07:19:38 PM,,,100.013,,,,,
4573,10/21/19 07:21:18 PM,99.994,16.237,,-0.045,,,,
4574,10/21/19 07:21:38 PM,,,100.002,,,,,
4575,10/21/19 07:23:18 PM,99.990,16.141,,-0.045,,,,
4576,10/21/19 07:23:38 PM,,,100.002,,,,,
4577,10/21/19 07:25:18 PM,99.999,16.046,,-0.044,,,,
4578,10/21/19 07:25:38 PM,,,99.999,,,,,
4579,10/21/19 07:27:18 PM,99.984,15.951,,-0.046,,,,
4580,10/21/19 07:27:38 PM,,,100.009,,,,,
4581,10/21/19 07:29:18 PM,99.984,15.951,,-0.046,,,,
4582,10/21/19 07:29:38 PM,,,100.009,,,,,
4583,10/21/19 07:31:18 PM,99.981,15.855,,-0.046,,,,
4584,10/21/19 07:31:38 PM,,,99.999,,,,,
4585,10/21/19 07:33:18 PM,99.977,15.760,,-0.047,,,,
4586,10/21/19 07:33:38 PM,,,100.006,,,,,
4587,10/21/19 07:35:18 PM,99.977,15.760,,-0.046,,,,
4588,10/21/19 07:35:38 PM,,,99.995,,,,,
4589,10/21/19 07:37:18 PM,99.974,15.664,,-0.047,,,,
4590,10/21/19 07:37:38 PM,,,100.006,,,,,
4591,10/21/19 07:39:18 PM,99.994,15.569,,-0.045,,,,
4592,10/21/19 07:39:38 PM,,,100.006,,,,,
4593,10/21/19 07:41:18 PM,100.006,15.569,,-0.044,,,,
4594,10/21/19 07:41:38 PM,,,100.002,,,,,
4595,10/21/19 07:43:18 PM,99.979,15.473,,-0.046,,,,
4596,10/21/19 07:43:38 PM,,,100.002,,,,,
4597,10/21/19 07:45:18 PM,100.003,15.473,,-0.044,,,,
4598,10/21/19 07:45:38 PM,,,100.002,,,,,
4599,10/21/19 07:47:18 PM,99.988,15.378,,-0.046,,,,
4600,10/21/19 07:47:38 PM,,,100.009,,,,,
4601,10/21/19 07:49:18 PM,99.988,15.378,,-0.048,,,,
4602,10/21/19 07:49:38 PM,,,100.031,,,,,
4603,10/21/19 07:51:18 PM,99.984,15.282,,-0.048,,,,
4604,10/21/19 07:51:38 PM,,,100.020,,,,,
4605,10/21/19 07:53:18 PM,99.984,15.282,,-0.048,,,,
4606,10/21/19 07:53:38 PM,,,100.020,,,,,
4607,10/21/19 07:55:18 PM,100.019,15.282,,-0.045,,,,
4608,10/21/19 07:55:38 PM,,,100.027,,,,,
4609,10/21/19 07:57:18 PM,100.008,15.282,,-0.046,,,,
4610,10/21/19 07:57:38 PM,,,100.027,,,,,
4611,10/21/19 07:59:18 PM,100.008,15.282,,-0.047,,,,
4612,10/21/19 07:59:38 PM,,,100.038,,,,,
4613,10/21/19 08:01:18 PM,100.008,15.282,,-0.045,,,,
4614,10/21/19 08:01:38 PM,,,100.012,,,,,
4615,10/21/19 08:03:18 PM,99.993,15.187,,-0.046,,,,
4616,10/21/19 08:03:38 PM,,,100.012,,,,,
4617,10/21/19 08:05:18 PM,100.016,15.187,,-0.044,,,,
4618,10/21/19 08:05:38 PM,,,100.023,,,,,
4619,10/21/19 08:07:18 PM,100.005,15.187,,-0.045,,,,
4620,10/21/19 08:07:38 PM,,,100.012,,,,,
4621,10/21/19 08:09:18 PM,100.001,15.091,,-0.047,,,,
4622,10/21/19 08:09:38 PM,,,100.034,,,,,
4623,10/21/19 08:11:18 PM,100.013,15.091,,-0.046,,,,
4624,10/21/19 08:11:38 PM,,,100.030,,,,,
4625,10/21/19 08:13:18 PM,100.010,14.996,,-0.046,,,,
4626,10/21/19 08:13:38 PM,,,100.030,,,,,
4627,10/21/19 08:15:18 PM,99.998,14.996,,-0.046,,,,
4628,10/21/19 08:15:38 PM,,,100.019,,,,,
4629,10/21/19 08:17:18 PM,100.033,14.996,,-0.043,,,,
4630,10/21/19 08:17:38 PM,,,100.030,,,,,
4631,10/21/19 08:19:18 PM,100.030,14.900,,-0.044,,,,
4632,10/21/19 08:19:38 PM,,,100.030,,,,,
4633,10/21/19 08:21:18 PM,100.018,14.900,,-0.046,,,,
4634,10/21/19 08:21:38 PM,,,100.037,,,,,
4635,10/21/19 08:23:18 PM,100.018,14.900,,-0.044,,,,
4636,10/21/19 08:23:38 PM,,,100.015,,,,,
4637,10/21/19 08:25:18 PM,100.003,14.804,,-0.047,,,,
4638,10/21/19 08:25:38 PM,,,100.037,,,,,
4639,10/21/19 08:27:18 PM,100.027,14.804,,-0.045,,,,
4640,10/21/19 08:27:38 PM,,,100.037,,,,,
4641,10/21/19 08:29:18 PM,100.027,14.804,,-0.045,,,,
4642,10/21/19 08:29:38 PM,,,100.037,,,,,
4643,10/21/19 08:31:18 PM,100.023,14.709,,-0.045,,,,
4644,10/21/19 08:31:38 PM,,,100.033,,,,,
4645,10/21/19 08:33:18 PM,100.008,14.613,,-0.048,,,,
4646,10/21/19 08:33:38 PM,,,100.055,,,,,
4647,10/21/19 08:35:18 PM,100.020,14.613,,-0.047,,,,
4648,10/21/19 08:35:38 PM,,,100.044,,,,,
4649,10/21/19 08:37:18 PM,100.028,14.517,,-0.046,,,,
4650,10/21/19 08:37:38 PM,,,100.044,,,,,
4651,10/21/19 08:39:18 PM,100.028,14.517,,-0.046,,,,
4652,10/21/19 08:39:38 PM,,,100.051,,,,,
4653,10/21/19 08:41:18 PM,100.025,14.421,,-0.047,,,,
4654,10/21/19 08:41:38 PM,,,100.051,,,,,
4655,10/21/19 08:43:18 PM,100.025,14.421,,-0.046,,,,
4656,10/21/19 08:43:38 PM,,,100.040,,,,,
4657,10/21/19 08:45:18 PM,100.022,14.325,,-0.047,,,,
4658,10/21/19 08:45:38 PM,,,100.051,,,,,
4659,10/21/19 08:47:18 PM,100.057,14.325,,-0.043,,,,
4660,10/21/19 08:47:38 PM,,,100.051,,,,,
4661,10/21/19 08:49:18 PM,100.019,14.230,,-0.047,,,,
4662,10/21/19 08:49:38 PM,,,100.047,,,,,
4663,10/21/19 08:51:18 PM,100.030,14.230,,-0.046,,,,
4664,10/21/19 08:51:38 PM,,,100.047,,,,,
4665,10/21/19 08:53:18 PM,100.019,14.230,,-0.048,,,,
4666,10/21/19 08:53:38 PM,,,100.058,,,,,
4667,10/21/19 08:55:18 PM,100.027,14.134,,-0.049,,,,
4668,10/21/19 08:55:38 PM,,,100.080,,,,,
4669,10/21/19 08:57:18 PM,100.050,14.134,,-0.047,,,,
4670,10/21/19 08:57:38 PM,,,100.076,,,,,
4671,10/21/19 08:59:18 PM,100.024,14.038,,-0.049,,,,
4672,10/21/19 08:59:38 PM,,,100.076,,,,,
4673,10/21/19 09:01:18 PM,100.059,14.038,,-0.046,,,,
4674,10/21/19 09:01:38 PM,,,100.076,,,,,
4675,10/21/19 09:03:18 PM,100.032,13.942,,-0.048,,,,
4676,10/21/19 09:03:38 PM,,,100.072,,,,,
4677,10/21/19 09:05:18 PM,100.056,13.942,,-0.047,,,,
4678,10/21/19 09:05:38 PM,,,100.083,,,,,
4679,10/21/19 09:07:18 PM,100.052,13.846,,-0.047,,,,
4680,10/21/19 09:07:38 PM,,,100.083,,,,,
4681,10/21/19 09:09:18 PM,100.052,13.846,,-0.047,,,,
4682,10/21/19 09:09:38 PM,,,100.083,,,,,
4683,10/21/19 09:11:18 PM,100.049,13.750,,-0.046,,,,
4684,10/21/19 09:11:38 PM,,,100.068,,,,,
4685,10/21/19 09:13:18 PM,100.061,13.750,,-0.045,,,,
4686,10/21/19 09:13:38 PM,,,100.068,,,,,
4687,10/21/19 09:15:18 PM,100.049,13.750,,-0.046,,,,
4688,10/21/19 09:15:38 PM,,,100.068,,,,,
4689,10/21/19 09:17:18 PM,100.057,13.654,,-0.045,,,,
4690,10/21/19 09:17:38 PM,,,100.064,,,,,
4691,10/21/19 09:19:18 PM,100.022,13.654,,-0.048,,,,
4692,10/21/19 09:19:38 PM,,,100.064,,,,,
4693,10/21/19 09:21:18 PM,100.034,13.654,,-0.048,,,,
4694,10/21/19 09:21:38 PM,,,100.075,,,,,
4695,10/21/19 09:23:18 PM,100.034,13.654,,-0.049,,,,
4696,10/21/19 09:23:38 PM,,,100.082,,,,,
4697,10/21/19 09:25:18 PM,100.043,13.558,,-0.047,,,,
4698,10/21/19 09:25:38 PM,,,100.071,,,,,
4699,10/21/19 09:27:18 PM,100.043,13.558,,-0.047,,,,
4700,10/21/19 09:27:38 PM,,,100.071,,,,,
4701,10/21/19 09:29:18 PM,100.043,13.558,,-0.048,,,,
4702,10/21/19 09:29:38 PM,,,100.089,,,,,
4703,10/21/19 09:31:18 PM,100.016,13.461,,-0.050,,,,
4704,10/21/19 09:31:38 PM,,,100.078,,,,,
4705,10/21/19 09:33:18 PM,100.039,13.461,,-0.048,,,,
4706,10/21/19 09:33:38 PM,,,100.078,,,,,
4707,10/21/19 09:35:18 PM,100.051,13.461,,-0.045,,,,
4708,10/21/19 09:35:38 PM,,,100.063,,,,,
4709,10/21/19 09:37:18 PM,100.036,13.365,,-0.048,,,,
4710,10/21/19 09:37:38 PM,,,100.074,,,,,
4711,10/21/19 09:39:18 PM,100.036,13.365,,-0.049,,,,
4712,10/21/19 09:39:38 PM,,,100.085,,,,,
4713,10/21/19 09:41:18 PM,100.048,13.365,,-0.047,,,,
4714,10/21/19 09:41:38 PM,,,100.081,,,,,
4715,10/21/19 09:43:18 PM,100.056,13.269,,-0.047,,,,
4716,10/21/19 09:43:38 PM,,,100.092,,,,,
4717,10/21/19 09:45:18 PM,100.056,13.269,,-0.048,,,,
4718,10/21/19 09:45:38 PM,,,100.092,,,,,
4719,10/21/19 09:47:18 PM,100.056,13.269,,-0.047,,,,
4720,10/21/19 09:47:38 PM,,,100.088,,,,,
4721,10/21/19 09:49:18 PM,100.041,13.173,,-0.049,,,,
4722,10/21/19 09:49:38 PM,,,100.088,,,,,
4723,10/21/19 09:51:18 PM,100.064,13.173,,-0.047,,,,
4724,10/21/19 09:51:38 PM,,,100.099,,,,,
4725,10/21/19 09:53:18 PM,100.053,13.173,,-0.047,,,,
4726,10/21/19 09:53:38 PM,,,100.085,,,,,
4727,10/21/19 09:55:18 PM,100.064,13.173,,-0.044,,,,
4728,10/21/19 09:55:38 PM,,,100.063,,,,,
4729,10/21/19 09:57:18 PM,100.050,13.076,,-0.047,,,,
4730,10/21/19 09:57:38 PM,,,100.085,,,,,
4731,10/21/19 09:59:18 PM,100.050,13.076,,-0.049,,,,
4732,10/21/19 09:59:38 PM,,,100.106,,,,,
4733,10/21/19 10:01:18 PM,100.050,13.076,,-0.049,,,,
4734,10/21/19 10:01:38 PM,,,100.103,,,,,
4735,10/21/19 10:03:18 PM,100.073,13.076,,-0.047,,,,
4736,10/21/19 10:03:38 PM,,,100.103,,,,,
4737,10/21/19 10:05:18 PM,100.058,12.980,,-0.049,,,,
4738,10/21/19 10:05:38 PM,,,100.103,,,,,
4739,10/21/19 10:07:18 PM,100.070,12.980,,-0.046,,,,
4740,10/21/19 10:07:38 PM,,,100.088,,,,,
4741,10/21/19 10:09:18 PM,100.058,12.980,,-0.048,,,,
4742,10/21/19 10:09:38 PM,,,100.099,,,,,
4743,10/21/19 10:11:18 PM,100.046,12.980,,-0.050,,,,
4744,10/21/19 10:11:38 PM,,,100.110,,,,,
4745,10/21/19 10:13:18 PM,100.070,12.980,,-0.048,,,,
4746,10/21/19 10:13:38 PM,,,100.106,,,,,
4747,10/21/19 10:15:18 PM,100.070,12.980,,-0.047,,,,
4748,10/21/19 10:15:38 PM,,,100.095,,,,,
4749,10/21/19 10:17:18 PM,100.070,12.980,,-0.047,,,,
4750,10/21/19 10:17:38 PM,,,100.106,,,,,
4751,10/21/19 10:19:18 PM,100.078,12.883,,-0.046,,,,
4752,10/21/19 10:19:38 PM,,,100.102,,,,,
4753,10/21/19 10:21:18 PM,100.090,12.883,,-0.046,,,,
4754,10/21/19 10:21:38 PM,,,100.113,,,,,
4755,10/21/19 10:23:18 PM,100.101,12.883,,-0.045,,,,
4756,10/21/19 10:23:38 PM,,,100.113,,,,,
4757,10/21/19 10:25:18 PM,100.086,12.787,,-0.046,,,,
4758,10/21/19 10:25:38 PM,,,100.109,,,,,
4759,10/21/19 10:27:18 PM,100.086,12.787,,-0.047,,,,
4760,10/21/19 10:27:38 PM,,,100.120,,,,,
4761,10/21/19 10:29:18 PM,100.107,12.690,,-0.045,,,,
4762,10/21/19 10:29:38 PM,,,100.120,,,,,
4763,10/21/19 10:31:18 PM,100.083,12.690,,-0.048,,,,
4764,10/21/19 10:31:38 PM,,,100.120,,,,,
4765,10/21/19 10:33:18 PM,100.095,12.690,,-0.047,,,,
4766,10/21/19 10:33:38 PM,,,100.127,,,,,
4767,10/21/19 10:35:18 PM,100.107,12.690,,-0.047,,,,
4768,10/21/19 10:35:38 PM,,,100.138,,,,,
4769,10/21/19 10:37:18 PM,100.107,12.690,,-0.048,,,,
4770,10/21/19 10:37:38 PM,,,100.149,,,,,
4771,10/21/19 10:39:18 PM,100.118,12.690,,-0.047,,,,
4772,10/21/19 10:39:38 PM,,,100.145,,,,,
4773,10/21/19 10:41:18 PM,100.107,12.690,,-0.048,,,,
4774,10/21/19 10:41:38 PM,,,100.145,,,,,
4775,10/21/19 10:43:18 PM,100.107,12.690,,-0.048,,,,
4776,10/21/19 10:43:38 PM,,,100.145,,,,,
4777,10/21/19 10:45:18 PM,100.107,12.690,,-0.047,,,,
4778,10/21/19 10:45:38 PM,,,100.130,,,,,
4779,10/21/19 10:47:18 PM,100.118,12.690,,-0.046,,,,
4780,10/21/19 10:47:38 PM,,,100.141,,,,,
4781,10/21/19 10:49:18 PM,100.118,12.690,,-0.045,,,,
4782,10/21/19 10:49:38 PM,,,100.130,,,,,
4783,10/21/19 10:51:18 PM,100.107,12.690,,-0.046,,,,
4784,10/21/19 10:51:38 PM,,,100.130,,,,,
4785,10/21/19 10:53:18 PM,100.107,12.690,,-0.047,,,,
4786,10/21/19 10:53:38 PM,,,100.137,,,,,
4787,10/21/19 10:55:18 PM,100.115,12.594,,-0.046,,,,
4788,10/21/19 10:55:38 PM,,,100.137,,,,,
4789,10/21/19 10:57:18 PM,100.080,12.594,,-0.050,,,,
4790,10/21/19 10:57:38 PM,,,100.137,,,,,
4791,10/21/19 10:59:18 PM,100.080,12.594,,-0.050,,,,
4792,10/21/19 10:59:38 PM,,,100.137,,,,,
4793,10/21/19 11:01:18 PM,100.103,12.594,,-0.047,,,,
4794,10/21/19 11:01:38 PM,,,100.137,,,,,
4795,10/21/19 11:03:18 PM,100.115,12.594,,-0.046,,,,
4796,10/21/19 11:03:38 PM,,,100.133,,,,,
4797,10/21/19 11:05:18 PM,100.115,12.594,,-0.047,,,,
4798,10/21/19 11:05:38 PM,,,100.144,,,,,
4799,10/21/19 11:07:18 PM,100.127,12.594,,-0.045,,,,
4800,10/21/19 11:07:38 PM,,,100.133,,,,,
4801,10/21/19 11:09:18 PM,100.115,12.594,,-0.047,,,,
4802,10/21/19 11:09:38 PM,,,100.144,,,,,
4803,10/21/19 11:11:18 PM,100.123,12.497,,-0.045,,,,
4804,10/21/19 11:11:38 PM,,,100.129,,,,,
4805,10/21/19 11:13:18 PM,100.112,12.497,,-0.046,,,,
4806,10/21/19 11:13:38 PM,,,100.129,,,,,
4807,10/21/19 11:15:18 PM,100.112,12.497,,-0.046,,,,
4808,10/21/19 11:15:38 PM,,,100.129,,,,,
4809,10/21/19 11:17:18 PM,100.123,12.497,,-0.045,,,,
4810,10/21/19 11:17:38 PM,,,100.140,,,,,
4811,10/21/19 11:19:18 PM,100.112,12.497,,-0.047,,,,
4812,10/21/19 11:19:38 PM,,,100.140,,,,,
4813,10/21/19 11:21:18 PM,100.120,12.401,,-0.046,,,,
4814,10/21/19 11:21:38 PM,,,100.136,,,,,
4815,10/21/19 11:23:18 PM,100.108,12.401,,-0.047,,,,
4816,10/21/19 11:23:38 PM,,,100.136,,,,,
4817,10/21/19 11:25:18 PM,100.132,12.401,,-0.044,,,,
4818,10/21/19 11:25:38 PM,,,100.136,,,,,
4819,10/21/19 11:27:18 PM,100.117,12.304,,-0.045,,,,
4820,10/21/19 11:27:38 PM,,,100.126,,,,,
4821,10/21/19 11:29:18 PM,100.120,12.401,,-0.044,,,,
4822,10/21/19 11:29:38 PM,,,100.115,,,,,
4823,10/21/19 11:31:18 PM,100.108,12.401,,-0.045,,,,
4824,10/21/19 11:31:38 PM,,,100.122,,,,,
4825,10/21/19 11:33:18 PM,100.097,12.401,,-0.046,,,,
4826,10/21/19 11:33:38 PM,,,100.122,,,,,
4827,10/21/19 11:35:18 PM,100.120,12.401,,-0.044,,,,
4828,10/21/19 11:35:38 PM,,,100.122,,,,,
4829,10/21/19 11:37:18 PM,100.094,12.304,,-0.047,,,,
4830,10/21/19 11:37:38 PM,,,100.122,,,,,
4831,10/21/19 11:39:18 PM,100.105,12.304,,-0.046,,,,
4832,10/21/19 11:39:38 PM,,,100.122,,,,,
4833,10/21/19 11:41:18 PM,100.128,12.304,,-0.045,,,,
4834,10/21/19 11:41:38 PM,,,100.143,,,,,
4835,10/21/19 11:43:18 PM,100.128,12.304,,-0.045,,,,
4836,10/21/19 11:43:38 PM,,,100.140,,,,,
4837,10/21/19 11:45:18 PM,100.105,12.304,,-0.048,,,,
4838,10/21/19 11:45:38 PM,,,100.140,,,,,
4839,10/21/19 11:47:18 PM,100.114,12.207,,-0.047,,,,
4840,10/21/19 11:47:38 PM,,,100.140,,,,,
4841,10/21/19 11:49:18 PM,100.114,12.207,,-0.047,,,,
4842,10/21/19 11:49:38 PM,,,100.140,,,,,
4843,10/21/19 11:51:18 PM,100.102,12.207,,-0.047,,,,
4844,10/21/19 11:51:38 PM,,,100.129,,,,,
4845,10/21/19 11:53:18 PM,100.102,12.207,,-0.049,,,,
4846,10/21/19 11:53:38 PM,,,100.151,,,,,
4847,10/21/19 11:55:18 PM,100.114,12.207,,-0.046,,,,
4848,10/21/19 11:55:38 PM,,,100.136,,,,,
4849,10/21/19 11:57:18 PM,100.102,12.207,,-0.047,,,,
4850,10/21/19 11:57:38 PM,,,100.136,,,,,
4851,10/21/19 11:59:18 PM,100.090,12.207,,-0.048,,,,
4852,10/21/19 11:59:38 PM,,,100.125,,,,,
4853,10/22/19 12:01:18 AM,100.090,12.207,,-0.048,,,,
4854,10/22/19 12:01:38 AM,,,100.125,,,,,
4855,10/22/19 12:03:18 AM,100.114,12.207,,-0.045,,,,
4856,10/22/19 12:03:38 AM,,,100.125,,,,,
4857,10/22/19 12:05:18 AM,100.087,12.110,,-0.047,,,,
4858,10/22/19 12:05:38 AM,,,100.114,,,,,
4859,10/22/19 12:07:18 AM,100.099,12.110,,-0.045,,,,
4860,10/22/19 12:07:38 AM,,,100.110,,,,,
4861,10/22/19 12:09:18 AM,100.099,12.110,,-0.045,,,,
4862,10/22/19 12:09:38 AM,,,100.110,,,,,
4863,10/22/19 12:11:18 AM,100.099,12.110,,-0.045,,,,
4864,10/22/19 12:11:38 AM,,,100.110,,,,,
4865,10/22/19 12:13:18 AM,100.099,12.110,,-0.045,,,,
4866,10/22/19 12:13:38 AM,,,100.110,,,,,
4867,10/22/19 12:15:18 AM,100.087,12.110,,-0.046,,,,
4868,10/22/19 12:15:38 AM,,,100.110,,,,,
4869,10/22/19 12:17:18 AM,100.110,12.110,,-0.045,,,,
4870,10/22/19 12:17:38 AM,,,100.121,,,,,
4871,10/22/19 12:19:18 AM,100.075,12.110,,-0.047,,,,
4872,10/22/19 12:19:38 AM,,,100.106,,,,,
4873,10/22/19 12:21:18 AM,100.087,12.110,,-0.047,,,,
4874,10/22/19 12:21:38 AM,,,100.117,,,,,
4875,10/22/19 12:23:18 AM,100.099,12.110,,-0.046,,,,
4876,10/22/19 12:23:38 AM,,,100.117,,,,,
4877,10/22/19 12:25:18 AM,100.110,12.110,,-0.045,,,,
4878,10/22/19 12:25:38 AM,,,100.117,,,,,
4879,10/22/19 12:27:18 AM,100.107,12.013,,-0.046,,,,
4880,10/22/19 12:27:38 AM,,,100.128,,,,,
4881,10/22/19 12:29:18 AM,100.107,12.013,,-0.045,,,,
4882,10/22/19 12:29:38 AM,,,100.113,,,,,
4883,10/22/19 12:31:18 AM,100.095,12.013,,-0.046,,,,
4884,10/22/19 12:31:38 AM,,,100.113,,,,,
4885,10/22/19 12:33:18 AM,100.095,12.013,,-0.046,,,,
4886,10/22/19 12:33:38 AM,,,100.113,,,,,
4887,10/22/19 12:35:18 AM,100.095,12.013,,-0.046,,,,
4888,10/22/19 12:35:38 AM,,,100.113,,,,,
4889,10/22/19 12:37:18 AM,100.092,11.916,,-0.046,,,,
4890,10/22/19 12:37:38 AM,,,100.113,,,,,
4891,10/22/19 12:39:18 AM,100.092,11.916,,-0.046,,,,
4892,10/22/19 12:39:38 AM,,,100.110,,,,,
4893,10/22/19 12:41:18 AM,100.092,11.916,,-0.046,,,,
4894,10/22/19 12:41:38 AM,,,100.110,,,,,
4895,10/22/19 12:43:18 AM,100.080,11.916,,-0.047,,,,
4896,10/22/19 12:43:38 AM,,,100.110,,,,,
4897,10/22/19 12:45:18 AM,100.080,11.916,,-0.047,,,,
4898,10/22/19 12:45:38 AM,,,100.110,,,,,
4899,10/22/19 12:47:18 AM,100.089,11.819,,-0.046,,,,
4900,10/22/19 12:47:38 AM,,,100.110,,,,,
4901,10/22/19 12:49:18 AM,100.089,11.819,,-0.046,,,,
4902,10/22/19 12:49:38 AM,,,100.106,,,,,
4903,10/22/19 12:51:18 AM,100.077,11.819,,-0.047,,,,
4904,10/22/19 12:51:38 AM,,,100.106,,,,,
4905,10/22/19 12:53:18 AM,100.089,11.819,,-0.044,,,,
4906,10/22/19 12:53:38 AM,,,100.084,,,,,
4907,10/22/19 12:55:18 AM,100.077,11.819,,-0.047,,,,
4908,10/22/19 12:55:38 AM,,,100.106,,,,,
4909,10/22/19 12:57:18 AM,100.066,11.819,,-0.046,,,,
4910,10/22/19 12:57:38 AM,,,100.084,,,,,
4911,10/22/19 12:59:18 AM,100.066,11.819,,-0.046,,,,
4912,10/22/19 12:59:38 AM,,,100.091,,,,,
4913,10/22/19 01:01:18 AM,100.054,11.819,,-0.047,,,,
4914,10/22/19 01:01:38 AM,,,100.080,,,,,
4915,10/22/19 01:03:18 AM,100.077,11.819,,-0.045,,,,
4916,10/22/19 01:03:38 AM,,,100.091,,,,,
4917,10/22/19 01:05:18 AM,100.089,11.819,,-0.043,,,,
4918,10/22/19 01:05:38 AM,,,100.080,,,,,
4919,10/22/19 01:07:18 AM,100.042,11.819,,-0.049,,,,
4920,10/22/19 01:07:38 AM,,,100.091,,,,,
4921,10/22/19 01:09:18 AM,100.054,11.819,,-0.047,,,,
4922,10/22/19 01:09:38 AM,,,100.087,,,,,
4923,10/22/19 01:11:18 AM,100.062,11.722,,-0.046,,,,
4924,10/22/19 01:11:38 AM,,,100.087,,,,,
4925,10/22/19 01:13:18 AM,100.051,11.722,,-0.048,,,,
4926,10/22/19 01:13:38 AM,,,100.087,,,,,
4927,10/22/19 01:15:18 AM,100.062,11.722,,-0.047,,,,
4928,10/22/19 01:15:38 AM,,,100.098,,,,,
4929,10/22/19 01:17:18 AM,100.059,11.625,,-0.047,,,,
4930,10/22/19 01:17:38 AM,,,100.087,,,,,
4931,10/22/19 01:19:18 AM,100.059,11.625,,-0.046,,,,
4932,10/22/19 01:19:38 AM,,,100.083,,,,,
4933,10/22/19 01:21:18 AM,100.071,11.625,,-0.045,,,,
4934,10/22/19 01:21:38 AM,,,100.083,,,,,
4935,10/22/19 01:23:18 AM,100.091,11.528,,-0.043,,,,
4936,10/22/19 01:23:38 AM,,,100.083,,,,,
4937,10/22/19 01:25:18 AM,100.067,11.528,,-0.047,,,,
4938,10/22/19 01:25:38 AM,,,100.094,,,,,
4939,10/22/19 01:27:18 AM,100.091,11.528,,-0.044,,,,
4940,10/22/19 01:27:38 AM,,,100.094,,,,,
4941,10/22/19 01:29:18 AM,100.067,11.528,,-0.047,,,,
4942,10/22/19 01:29:38 AM,,,100.094,,,,,
4943,10/22/19 01:31:18 AM,100.071,11.625,,-0.046,,,,
4944,10/22/19 01:31:38 AM,,,100.090,,,,,
4945,10/22/19 01:33:18 AM,100.071,11.625,,-0.044,,,,
4946,10/22/19 01:33:38 AM,,,100.069,,,,,
4947,10/22/19 01:35:18 AM,100.059,11.625,,-0.045,,,,
4948,10/22/19 01:35:38 AM,,,100.069,,,,,
4949,10/22/19 01:37:18 AM,100.056,11.528,,-0.045,,,,
4950,10/22/19 01:37:38 AM,,,100.069,,,,,
4951,10/22/19 01:39:18 AM,100.056,11.528,,-0.046,,,,
4952,10/22/19 01:39:38 AM,,,100.079,,,,,
4953,10/22/19 01:41:18 AM,100.056,11.528,,-0.046,,,,
4954,10/22/19 01:41:38 AM,,,100.079,,,,,
4955,10/22/19 01:43:18 AM,100.064,11.431,,-0.046,,,,
4956,10/22/19 01:43:38 AM,,,100.090,,,,,
4957,10/22/19 01:45:18 AM,100.053,11.431,,-0.048,,,,
4958,10/22/19 01:45:38 AM,,,100.090,,,,,
4959,10/22/19 01:47:18 AM,100.053,11.431,,-0.047,,,,
4960,10/22/19 01:47:38 AM,,,100.076,,,,,
4961,10/22/19 01:49:18 AM,100.053,11.431,,-0.046,,,,
4962,10/22/19 01:49:38 AM,,,100.076,,,,,
4963,10/22/19 01:51:18 AM,100.018,11.431,,-0.049,,,,
4964,10/22/19 01:51:38 AM,,,100.065,,,,,
4965,10/22/19 01:53:18 AM,100.032,11.528,,-0.048,,,,
4966,10/22/19 01:53:38 AM,,,100.076,,,,,
4967,10/22/19 01:55:18 AM,100.032,11.528,,-0.047,,,,
4968,10/22/19 01:55:38 AM,,,100.054,,,,,
4969,10/22/19 01:57:18 AM,100.044,11.528,,-0.047,,,,
4970,10/22/19 01:57:38 AM,,,100.076,,,,,
4971,10/22/19 01:59:18 AM,100.032,11.528,,-0.047,,,,
4972,10/22/19 01:59:38 AM,,,100.065,,,,,
4973,10/22/19 02:01:18 AM,100.067,11.528,,-0.045,,,,
4974,10/22/19 02:01:38 AM,,,100.076,,,,,
4975,10/22/19 02:03:18 AM,100.009,11.528,,-0.050,,,,
4976,10/22/19 02:03:38 AM,,,100.065,,,,,
4977,10/22/19 02:05:18 AM,100.021,11.528,,-0.047,,,,
4978,10/22/19 02:05:38 AM,,,100.050,,,,,
4979,10/22/19 02:07:18 AM,100.021,11.528,,-0.047,,,,
4980,10/22/19 02:07:38 AM,,,100.050,,,,,
4981,10/22/19 02:09:18 AM,100.009,11.528,,-0.048,,,,
4982,10/22/19 02:09:38 AM,,,100.050,,,,,
4983,10/22/19 02:11:18 AM,100.029,11.431,,-0.046,,,,
4984,10/22/19 02:11:38 AM,,,100.050,,,,,
4985,10/22/19 02:13:18 AM,100.018,11.431,,-0.047,,,,
4986,10/22/19 02:13:38 AM,,,100.050,,,,,
4987,10/22/19 02:15:18 AM,100.018,11.431,,-0.047,,,,
4988,10/22/19 02:15:38 AM,,,100.050,,,,,
4989,10/22/19 02:17:18 AM,100.029,11.431,,-0.045,,,,
4990,10/22/19 02:17:38 AM,,,100.039,,,,,
4991,10/22/19 02:19:18 AM,100.018,11.431,,-0.045,,,,
4992,10/22/19 02:19:38 AM,,,100.024,,,,,
4993,10/22/19 02:21:18 AM,100.018,11.431,,-0.045,,,,
4994,10/22/19 02:21:38 AM,,,100.035,,,,,
4995,10/22/19 02:23:18 AM,100.026,11.334,,-0.045,,,,
4996,10/22/19 02:23:38 AM,,,100.035,,,,,
4997,10/22/19 02:25:18 AM,100.026,11.334,,-0.046,,,,
4998,10/22/19 02:25:38 AM,,,100.046,,,,,
4999,10/22/19 02:27:18 AM,100.026,11.334,,-0.046,,,,
5000,10/22/19 02:27:38 AM,,,100.046,,,,,
5001,10/22/19 02:29:18 AM,100.041,11.431,,-0.045,,,,
5002,10/22/19 02:29:38 AM,,,100.057,,,,,
5003,10/22/19 02:31:18 AM,100.061,11.334,,-0.043,,,,
5004,10/22/19 02:31:38 AM,,,100.053,,,,,
5005,10/22/19 02:33:18 AM,100.038,11.334,,-0.045,,,,
5006,10/22/19 02:33:38 AM,,,100.053,,,,,
5007,10/22/19 02:35:18 AM,100.049,11.334,,-0.043,,,,
5008,10/22/19 02:35:38 AM,,,100.032,,,,,
5009,10/22/19 02:37:18 AM,100.038,11.334,,-0.045,,,,
5010,10/22/19 02:37:38 AM,,,100.053,,,,,
5011,10/22/19 02:39:18 AM,100.049,11.334,,-0.043,,,,
5012,10/22/19 02:39:38 AM,,,100.042,,,,,
5013,10/22/19 02:41:18 AM,100.026,11.334,,-0.047,,,,
5014,10/22/19 02:41:38 AM,,,100.053,,,,,
5015,10/22/19 02:43:18 AM,100.011,11.236,,-0.048,,,,
5016,10/22/19 02:43:38 AM,,,100.049,,,,,
5017,10/22/19 02:45:18 AM,100.046,11.236,,-0.043,,,,
5018,10/22/19 02:45:38 AM,,,100.039,,,,,
5019,10/22/19 02:47:18 AM,100.046,11.236,,-0.045,,,,
5020,10/22/19 02:47:38 AM,,,100.060,,,,,
5021,10/22/19 02:49:18 AM,100.043,11.139,,-0.047,,,,
5022,10/22/19 02:49:38 AM,,,100.071,,,,,
5023,10/22/19 02:51:18 AM,100.066,11.139,,-0.044,,,,
5024,10/22/19 02:51:38 AM,,,100.060,,,,,
5025,10/22/19 02:53:18 AM,100.054,11.139,,-0.045,,,,
5026,10/22/19 02:53:38 AM,,,100.060,,,,,
5027,10/22/19 02:55:18 AM,100.054,11.139,,-0.045,,,,
5028,10/22/19 02:55:38 AM,,,100.060,,,,,
5029,10/22/19 02:57:18 AM,100.043,11.139,,-0.046,,,,
5030,10/22/19 02:57:38 AM,,,100.060,,,,,
5031,10/22/19 02:59:18 AM,100.078,11.139,,-0.042,,,,
5032,10/22/19 02:59:38 AM,,,100.060,,,,,
5033,10/22/19 03:01:18 AM,100.078,11.139,,-0.042,,,,
5034,10/22/19 03:01:38 AM,,,100.056,,,,,
5035,10/22/19 03:03:18 AM,100.089,11.139,,-0.041,,,,
5036,10/22/19 03:03:38 AM,,,100.056,,,,,
5037,10/22/19 03:05:18 AM,100.078,11.139,,-0.044,,,,
5038,10/22/19 03:05:38 AM,,,100.078,,,,,
5039,10/22/19 03:07:18 AM,100.054,11.139,,-0.045,,,,
5040,10/22/19 03:07:38 AM,,,100.067,,,,,
5041,10/22/19 03:09:18 AM,100.054,11.139,,-0.044,,,,
5042,10/22/19 03:09:38 AM,,,100.056,,,,,
5043,10/22/19 03:11:18 AM,100.043,11.139,,-0.046,,,,
5044,10/22/19 03:11:38 AM,,,100.067,,,,,
5045,10/22/19 03:13:18 AM,100.043,11.139,,-0.045,,,,
5046,10/22/19 03:13:38 AM,,,100.056,,,,,
5047,10/22/19 03:15:18 AM,100.031,11.139,,-0.046,,,,
5048,10/22/19 03:15:38 AM,,,100.056,,,,,
5049,10/22/19 03:17:18 AM,100.031,11.139,,-0.046,,,,
5050,10/22/19 03:17:38 AM,,,100.053,,,,,
5051,10/22/19 03:19:18 AM,100.028,11.041,,-0.045,,,,
5052,10/22/19 03:19:38 AM,,,100.031,,,,,
5053,10/22/19 03:21:18 AM,100.028,11.041,,-0.045,,,,
5054,10/22/19 03:21:38 AM,,,100.042,,,,,
5055,10/22/19 03:23:18 AM,100.016,11.041,,-0.046,,,,
5056,10/22/19 03:23:38 AM,,,100.031,,,,,
5057,10/22/19 03:25:18 AM,100.005,11.041,,-0.047,,,,
5058,10/22/19 03:25:38 AM,,,100.031,,,,,
5059,10/22/19 03:27:18 AM,100.005,11.041,,-0.047,,,,
5060,10/22/19 03:27:38 AM,,,100.031,,,,,
5061,10/22/19 03:29:18 AM,99.993,11.041,,-0.049,,,,
5062,10/22/19 03:29:38 AM,,,100.042,,,,,
5063,10/22/19 03:31:18 AM,100.005,11.041,,-0.046,,,,
5064,10/22/19 03:31:38 AM,,,100.016,,,,,
5065,10/22/19 03:33:18 AM,100.028,11.041,,-0.044,,,,
5066,10/22/19 03:33:38 AM,,,100.027,,,,,
5067,10/22/19 03:35:18 AM,100.013,10.944,,-0.045,,,,
5068,10/22/19 03:35:38 AM,,,100.027,,,,,
5069,10/22/19 03:37:18 AM,100.013,10.944,,-0.045,,,,
5070,10/22/19 03:37:38 AM,,,100.027,,,,,
5071,10/22/19 03:39:18 AM,100.036,10.944,,-0.044,,,,
5072,10/22/19 03:39:38 AM,,,100.038,,,,,
5073,10/22/19 03:41:18 AM,100.010,10.846,,-0.046,,,,
5074,10/22/19 03:41:38 AM,,,100.027,,,,,
5075,10/22/19 03:43:18 AM,100.030,10.748,,-0.045,,,,
5076,10/22/19 03:43:38 AM,,,100.038,,,,,
5077,10/22/19 03:45:18 AM,100.018,10.748,,-0.047,,,,
5078,10/22/19 03:45:38 AM,,,100.045,,,,,
5079,10/22/19 03:47:18 AM,100.030,10.748,,-0.044,,,,
5080,10/22/19 03:47:38 AM,,,100.023,,,,,
5081,10/22/19 03:49:18 AM,100.006,10.748,,-0.046,,,,
5082,10/22/19 03:49:38 AM,,,100.023,,,,,
5083,10/22/19 03:51:18 AM,100.041,10.748,,-0.045,,,,
5084,10/22/19 03:51:38 AM,,,100.056,,,,,
5085,10/22/19 03:53:18 AM,100.018,10.748,,-0.046,,,,
5086,10/22/19 03:53:38 AM,,,100.034,,,,,
5087,10/22/19 03:55:18 AM,100.018,10.748,,-0.047,,,,
5088,10/22/19 03:55:38 AM,,,100.045,,,,,
5089,10/22/19 03:57:18 AM,100.018,10.748,,-0.045,,,,
5090,10/22/19 03:57:38 AM,,,100.030,,,,,
5091,10/22/19 03:59:18 AM,100.006,10.748,,-0.047,,,,
5092,10/22/19 03:59:38 AM,,,100.041,,,,,
5093,10/22/19 04:01:18 AM,100.006,10.748,,-0.047,,,,
5094,10/22/19 04:01:38 AM,,,100.030,,,,,
5095,10/22/19 04:03:18 AM,100.015,10.651,,-0.045,,,,
5096,10/22/19 04:03:38 AM,,,100.030,,,,,
5097,10/22/19 04:05:18 AM,100.015,10.651,,-0.045,,,,
5098,10/22/19 04:05:38 AM,,,100.030,,,,,
5099,10/22/19 04:07:18 AM,100.012,10.553,,-0.047,,,,
5100,10/22/19 04:07:38 AM,,,100.041,,,,,
5101,10/22/19 04:09:18 AM,100.035,10.553,,-0.045,,,,
5102,10/22/19 04:09:38 AM,,,100.052,,,,,
5103,10/22/19 04:11:18 AM,100.023,10.553,,-0.048,,,,
5104,10/22/19 04:11:38 AM,,,100.063,,,,,
5105,10/22/19 04:13:18 AM,100.035,10.553,,-0.046,,,,
5106,10/22/19 04:13:38 AM,,,100.052,,,,,
5107,10/22/19 04:15:18 AM,100.012,10.553,,-0.048,,,,
5108,10/22/19 04:15:38 AM,,,100.052,,,,,
5109,10/22/19 04:17:18 AM,100.023,10.553,,-0.047,,,,
5110,10/22/19 04:17:38 AM,,,100.052,,,,,
5111,10/22/19 04:19:18 AM,100.050,10.651,,-0.044,,,,
5112,10/22/19 04:19:38 AM,,,100.048,,,,,
5113,10/22/19 04:21:18 AM,100.035,10.553,,-0.045,,,,
5114,10/22/19 04:21:38 AM,,,100.048,,,,,
5115,10/22/19 04:23:18 AM,100.035,10.553,,-0.046,,,,
5116,10/22/19 04:23:38 AM,,,100.059,,,,,
5117,10/22/19 04:25:18 AM,100.035,10.553,,-0.046,,,,
5118,10/22/19 04:25:38 AM,,,100.059,,,,,
5119,10/22/19 04:27:18 AM,100.038,10.651,,-0.046,,,,
5120,10/22/19 04:27:38 AM,,,100.059,,,,,
5121,10/22/19 04:29:18 AM,100.038,10.651,,-0.046,,,,
5122,10/22/19 04:29:38 AM,,,100.059,,,,,
5123,10/22/19 04:31:18 AM,100.038,10.651,,-0.048,,,,
5124,10/22/19 04:31:38 AM,,,100.081,,,,,
5125,10/22/19 04:33:18 AM,100.070,10.553,,-0.046,,,,
5126,10/22/19 04:33:38 AM,,,100.092,,,,,
5127,10/22/19 04:35:18 AM,100.047,10.553,,-0.048,,,,
5128,10/22/19 04:35:38 AM,,,100.081,,,,,
5129,10/22/19 04:37:18 AM,100.055,10.455,,-0.047,,,,
5130,10/22/19 04:37:38 AM,,,100.088,,,,,
5131,10/22/19 04:39:18 AM,100.055,10.455,,-0.047,,,,
5132,10/22/19 04:39:38 AM,,,100.088,,,,,
5133,10/22/19 04:41:18 AM,100.067,10.455,,-0.046,,,,
5134,10/22/19 04:41:38 AM,,,100.088,,,,,
5135,10/22/19 04:43:18 AM,100.067,10.455,,-0.046,,,,
5136,10/22/19 04:43:38 AM,,,100.088,,,,,
5137,10/22/19 04:45:18 AM,100.090,10.455,,-0.044,,,,
5138,10/22/19 04:45:38 AM,,,100.088,,,,,
5139,10/22/19 04:47:18 AM,100.067,10.455,,-0.048,,,,
5140,10/22/19 04:47:38 AM,,,100.110,,,,,
5141,10/22/19 04:49:18 AM,100.090,10.455,,-0.046,,,,
5142,10/22/19 04:49:38 AM,,,100.110,,,,,
5143,10/22/19 04:51:18 AM,100.090,10.455,,-0.045,,,,
5144,10/22/19 04:51:38 AM,,,100.099,,,,,
5145,10/22/19 04:53:18 AM,100.113,10.455,,-0.043,,,,
5146,10/22/19 04:53:38 AM,,,100.110,,,,,
5147,10/22/19 04:55:18 AM,100.093,10.553,,-0.046,,,,
5148,10/22/19 04:55:38 AM,,,100.117,,,,,
5149,10/22/19 04:57:18 AM,100.105,10.553,,-0.046,,,,
5150,10/22/19 04:57:38 AM,,,100.128,,,,,
5151,10/22/19 04:59:18 AM,100.128,10.553,,-0.044,,,,
5152,10/22/19 04:59:38 AM,,,100.128,,,,,
5153,10/22/19 05:01:18 AM,100.105,10.553,,-0.045,,,,
5154,10/22/19 05:01:38 AM,,,100.117,,,,,
5155,10/22/19 05:03:18 AM,100.105,10.553,,-0.045,,,,
5156,10/22/19 05:03:38 AM,,,100.117,,,,,
5157,10/22/19 05:05:18 AM,100.113,10.455,,-0.046,,,,
5158,10/22/19 05:05:38 AM,,,100.139,,,,,
5159,10/22/19 05:07:18 AM,100.125,10.455,,-0.045,,,,
5160,10/22/19 05:07:38 AM,,,100.139,,,,,
5161,10/22/19 05:09:18 AM,100.113,10.455,,-0.047,,,,
5162,10/22/19 05:09:38 AM,,,100.139,,,,,
5163,10/22/19 05:11:18 AM,100.125,10.455,,-0.046,,,,
5164,10/22/19 05:11:38 AM,,,100.149,,,,,
5165,10/22/19 05:13:18 AM,100.133,10.357,,-0.045,,,,
5166,10/22/19 05:13:38 AM,,,100.146,,,,,
5167,10/22/19 05:15:18 AM,100.110,10.357,,-0.048,,,,
5168,10/22/19 05:15:38 AM,,,100.156,,,,,
5169,10/22/19 05:17:18 AM,100.110,10.357,,-0.050,,,,
5170,10/22/19 05:17:38 AM,,,100.167,,,,,
5171,10/22/19 05:19:18 AM,100.145,10.357,,-0.046,,,,
5172,10/22/19 05:19:38 AM,,,100.167,,,,,
5173,10/22/19 05:21:18 AM,100.157,10.357,,-0.045,,,,
5174,10/22/19 05:21:38 AM,,,100.167,,,,,
5175,10/22/19 05:23:18 AM,100.133,10.357,,-0.047,,,,
5176,10/22/19 05:23:38 AM,,,100.167,,,,,
5177,10/22/19 05:25:18 AM,100.157,10.357,,-0.045,,,,
5178,10/22/19 05:25:38 AM,,,100.167,,,,,
5179,10/22/19 05:27:18 AM,100.133,10.357,,-0.047,,,,
5180,10/22/19 05:27:38 AM,,,100.167,,,,,
5181,10/22/19 05:29:18 AM,100.145,10.357,,-0.048,,,,
5182,10/22/19 05:29:38 AM,,,100.185,,,,,
5183,10/22/19 05:31:18 AM,100.145,10.357,,-0.047,,,,
5184,10/22/19 05:31:38 AM,,,100.174,,,,,
5185,10/22/19 05:33:18 AM,100.145,10.357,,-0.047,,,,
5186,10/22/19 05:33:38 AM,,,100.174,,,,,
5187,10/22/19 05:35:18 AM,100.133,10.357,,-0.048,,,,
5188,10/22/19 05:35:38 AM,,,100.174,,,,,
5189,10/22/19 05:37:18 AM,100.157,10.357,,-0.047,,,,
5190,10/22/19 05:37:38 AM,,,100.185,,,,,
5191,10/22/19 05:39:18 AM,100.157,10.357,,-0.047,,,,
5192,10/22/19 05:39:38 AM,,,100.185,,,,,
5193,10/22/19 05:41:18 AM,100.133,10.357,,-0.048,,,,
5194,10/22/19 05:41:38 AM,,,100.174,,,,,
5195,10/22/19 05:43:18 AM,100.157,10.357,,-0.046,,,,
5196,10/22/19 05:43:38 AM,,,100.181,,,,,
5197,10/22/19 05:45:18 AM,100.165,10.259,,-0.047,,,,
5198,10/22/19 05:45:38 AM,,,100.203,,,,,
5199,10/22/19 05:47:18 AM,100.165,10.259,,-0.048,,,,
5200,10/22/19 05:47:38 AM,,,100.203,,,,,
5201,10/22/19 05:49:18 AM,100.165,10.259,,-0.048,,,,
5202,10/22/19 05:49:38 AM,,,100.203,,,,,
5203,10/22/19 05:51:18 AM,100.173,10.161,,-0.047,,,,
5204,10/22/19 05:51:38 AM,,,100.203,,,,,
5205,10/22/19 05:53:18 AM,100.173,10.161,,-0.047,,,,
5206,10/22/19 05:53:38 AM,,,100.203,,,,,
5207,10/22/19 05:55:18 AM,100.185,10.161,,-0.046,,,,
5208,10/22/19 05:55:38 AM,,,100.203,,,,,
5209,10/22/19 05:57:18 AM,100.173,10.161,,-0.048,,,,
5210,10/22/19 05:57:38 AM,,,100.214,,,,,
5211,10/22/19 05:59:18 AM,100.197,10.161,,-0.045,,,,
5212,10/22/19 05:59:38 AM,,,100.210,,,,,
5213,10/22/19 06:01:18 AM,100.223,10.259,,-0.043,,,,
5214,10/22/19 06:01:38 AM,,,100.210,,,,,
5215,10/22/19 06:03:18 AM,100.212,10.259,,-0.043,,,,
5216,10/22/19 06:03:38 AM,,,100.199,,,,,
5217,10/22/19 06:05:18 AM,100.212,10.259,,-0.044,,,,
5218,10/22/19 06:05:38 AM,,,100.210,,,,,
5219,10/22/19 06:07:18 AM,100.223,10.259,,-0.044,,,,
5220,10/22/19 06:07:38 AM,,,100.221,,,,,
5221,10/22/19 06:09:18 AM,100.200,10.259,,-0.046,,,,
5222,10/22/19 06:09:38 AM,,,100.221,,,,,
5223,10/22/19 06:11:18 AM,100.188,10.259,,-0.047,,,,
5224,10/22/19 06:11:38 AM,,,100.221,,,,,
5225,10/22/19 06:13:18 AM,100.200,10.259,,-0.047,,,,
5226,10/22/19 06:13:38 AM,,,100.232,,,,,
5227,10/22/19 06:15:18 AM,100.208,10.161,,-0.046,,,,
5228,10/22/19 06:15:38 AM,,,100.232,,,,,
5229,10/22/19 06:17:18 AM,100.208,10.161,,-0.046,,,,
5230,10/22/19 06:17:38 AM,,,100.232,,,,,
5231,10/22/19 06:19:18 AM,100.232,10.161,,-0.045,,,,
5232,10/22/19 06:19:38 AM,,,100.239,,,,,
5233,10/22/19 06:21:18 AM,100.208,10.161,,-0.047,,,,
5234,10/22/19 06:21:38 AM,,,100.239,,,,,
5235,10/22/19 06:23:18 AM,100.208,10.161,,-0.047,,,,
5236,10/22/19 06:23:38 AM,,,100.239,,,,,
5237,10/22/19 06:25:18 AM,100.200,10.259,,-0.048,,,,
5238,10/22/19 06:25:38 AM,,,100.239,,,,,
5239,10/22/19 06:27:18 AM,100.200,10.259,,-0.048,,,,
5240,10/22/19 06:27:38 AM,,,100.239,,,,,
5241,10/22/19 06:29:18 AM,100.226,10.357,,-0.045,,,,
5242,10/22/19 06:29:38 AM,,,100.239,,,,,
5243,10/22/19 06:31:18 AM,100.226,10.357,,-0.046,,,,
5244,10/22/19 06:31:38 AM,,,100.250,,,,,
5245,10/22/19 06:33:18 AM,100.215,10.357,,-0.048,,,,
5246,10/22/19 06:33:38 AM,,,100.250,,,,,
5247,10/22/19 06:35:18 AM,100.230,10.455,,-0.046,,,,
5248,10/22/19 06:35:38 AM,,,100.250,,,,,
5249,10/22/19 06:37:18 AM,100.230,10.455,,-0.047,,,,
5250,10/22/19 06:37:38 AM,,,100.261,,,,,
5251,10/22/19 06:39:18 AM,100.253,10.455,,-0.045,,,,
5252,10/22/19 06:39:38 AM,,,100.261,,,,,
5253,10/22/19 06:41:18 AM,100.253,10.455,,-0.043,,,,
5254,10/22/19 06:41:38 AM,,,100.246,,,,,
5255,10/22/19 06:43:18 AM,100.245,10.553,,-0.045,,,,
5256,10/22/19 06:43:38 AM,,,100.257,,,,,
5257,10/22/19 06:45:18 AM,100.245,10.553,,-0.046,,,,
5258,10/22/19 06:45:38 AM,,,100.268,,,,,
5259,10/22/19 06:47:18 AM,100.236,10.651,,-0.045,,,,
5260,10/22/19 06:47:38 AM,,,100.246,,,,,
5261,10/22/19 06:49:18 AM,100.225,10.651,,-0.047,,,,
5262,10/22/19 06:49:38 AM,,,100.257,,,,,
5263,10/22/19 06:51:18 AM,100.236,10.651,,-0.044,,,,
5264,10/22/19 06:51:38 AM,,,100.235,,,,,
5265,10/22/19 06:53:18 AM,100.216,10.748,,-0.046,,,,
5266,10/22/19 06:53:38 AM,,,100.235,,,,,
5267,10/22/19 06:55:18 AM,100.228,10.748,,-0.045,,,,
5268,10/22/19 06:55:38 AM,,,100.235,,,,,
5269,10/22/19 06:57:18 AM,100.239,10.748,,-0.045,,,,
5270,10/22/19 06:57:38 AM,,,100.250,,,,,
5271,10/22/19 06:59:18 AM,100.231,10.846,,-0.046,,,,
5272,10/22/19 06:59:38 AM,,,100.250,,,,,
5273,10/22/19 07:01:18 AM,100.243,10.846,,-0.045,,,,
5274,10/22/19 07:01:38 AM,,,100.250,,,,,
5275,10/22/19 07:03:18 AM,100.246,10.944,,-0.045,,,,
5276,10/22/19 07:03:38 AM,,,100.261,,,,,
5277,10/22/19 07:05:18 AM,100.246,10.944,,-0.045,,,,
5278,10/22/19 07:05:38 AM,,,100.250,,,,,
5279,10/22/19 07:07:18 AM,100.249,11.041,,-0.044,,,,
5280,10/22/19 07:07:38 AM,,,100.250,,,,,
5281,10/22/19 07:09:18 AM,100.226,11.041,,-0.046,,,,
5282,10/22/19 07:09:38 AM,,,100.250,,,,,
5283,10/22/19 07:11:18 AM,100.229,11.139,,-0.046,,,,
5284,10/22/19 07:11:38 AM,,,100.254,,,,,
5285,10/22/19 07:13:18 AM,100.241,11.139,,-0.046,,,,
5286,10/22/19 07:13:38 AM,,,100.265,,,,,
5287,10/22/19 07:15:18 AM,100.244,11.236,,-0.046,,,,
5288,10/22/19 07:15:38 AM,,,100.265,,,,,
5289,10/22/19 07:17:18 AM,100.244,11.236,,-0.044,,,,
5290,10/22/19 07:17:38 AM,,,100.243,,,,,
5291,10/22/19 07:19:18 AM,100.233,11.236,,-0.046,,,,
5292,10/22/19 07:19:38 AM,,,100.254,,,,,
5293,10/22/19 07:21:18 AM,100.247,11.334,,-0.044,,,,
5294,10/22/19 07:21:38 AM,,,100.247,,,,,
5295,10/22/19 07:23:18 AM,100.236,11.334,,-0.045,,,,
5296,10/22/19 07:23:38 AM,,,100.247,,,,,
5297,10/22/19 07:25:18 AM,100.262,11.431,,-0.042,,,,
5298,10/22/19 07:25:38 AM,,,100.247,,,,,
5299,10/22/19 07:27:18 AM,100.227,11.431,,-0.046,,,,
5300,10/22/19 07:27:38 AM,,,100.251,,,,,
5301,10/22/19 07:29:18 AM,100.231,11.528,,-0.046,,,,
5302,10/22/19 07:29:38 AM,,,100.251,,,,,
5303,10/22/19 07:31:18 AM,100.266,11.528,,-0.043,,,,
5304,10/22/19 07:31:38 AM,,,100.254,,,,,
5305,10/22/19 07:33:18 AM,100.257,11.625,,-0.043,,,,
5306,10/22/19 07:33:38 AM,,,100.247,,,,,
5307,10/22/19 07:35:18 AM,100.246,11.625,,-0.045,,,,
5308,10/22/19 07:35:38 AM,,,100.258,,,,,
5309,10/22/19 07:37:18 AM,100.260,11.722,,-0.043,,,,
5310,10/22/19 07:37:38 AM,,,100.251,,,,,
5311,10/22/19 07:39:18 AM,100.249,11.722,,-0.044,,,,
5312,10/22/19 07:39:38 AM,,,100.255,,,,,
5313,10/22/19 07:41:18 AM,100.264,11.819,,-0.043,,,,
5314,10/22/19 07:41:38 AM,,,100.259,,,,,
5315,10/22/19 07:43:18 AM,100.264,11.819,,-0.044,,,,
5316,10/22/19 07:43:38 AM,,,100.263,,,,,
5317,10/22/19 07:45:18 AM,100.255,11.916,,-0.045,,,,
5318,10/22/19 07:45:38 AM,,,100.266,,,,,
5319,10/22/19 07:47:18 AM,100.244,11.916,,-0.045,,,,
5320,10/22/19 07:47:38 AM,,,100.252,,,,,
5321,10/22/19 07:49:18 AM,100.247,12.013,,-0.046,,,,
5322,10/22/19 07:49:38 AM,,,100.267,,,,,
5323,10/22/19 07:51:18 AM,100.259,12.013,,-0.045,,,,
5324,10/22/19 07:51:38 AM,,,100.271,,,,,
5325,10/22/19 07:53:18 AM,100.262,12.110,,-0.044,,,,
5326,10/22/19 07:53:38 AM,,,100.264,,,,,
5327,10/22/19 07:55:18 AM,100.268,12.304,,-0.044,,,,
5328,10/22/19 07:55:38 AM,,,100.268,,,,,
5329,10/22/19 07:57:18 AM,100.272,12.401,,-0.043,,,,
5330,10/22/19 07:57:38 AM,,,100.261,,,,,
5331,10/22/19 07:59:18 AM,100.263,12.497,,-0.044,,,,
5332,10/22/19 07:59:38 AM,,,100.265,,,,,
5333,10/22/19 08:01:18 AM,100.267,12.594,,-0.045,,,,
5334,10/22/19 08:01:38 AM,,,100.283,,,,,
5335,10/22/19 08:03:18 AM,100.281,12.690,,-0.044,,,,
5336,10/22/19 08:03:38 AM,,,100.287,,,,,
5337,10/22/19 08:05:18 AM,100.270,12.690,,-0.046,,,,
5338,10/22/19 08:05:38 AM,,,100.291,,,,,
5339,10/22/19 08:07:18 AM,100.296,12.787,,-0.044,,,,
5340,10/22/19 08:07:38 AM,,,100.298,,,,,
5341,10/22/19 08:09:18 AM,100.288,12.883,,-0.044,,,,
5342,10/22/19 08:09:38 AM,,,100.281,,,,,
5343,10/22/19 08:11:18 AM,100.268,12.980,,-0.046,,,,
5344,10/22/19 08:11:38 AM,,,100.295,,,,,
5345,10/22/19 08:13:18 AM,100.294,13.076,,-0.046,,,,
5346,10/22/19 08:13:38 AM,,,100.314,,,,,
5347,10/22/19 08:15:18 AM,100.294,13.076,,-0.046,,,,
5348,10/22/19 08:15:38 AM,,,100.318,,,,,
5349,10/22/19 08:17:18 AM,100.321,13.173,,-0.043,,,,
5350,10/22/19 08:17:38 AM,,,100.311,,,,,
5351,10/22/19 08:19:18 AM,100.298,13.173,,-0.046,,,,
5352,10/22/19 08:19:38 AM,,,100.325,,,,,
5353,10/22/19 08:21:18 AM,100.301,13.269,,-0.046,,,,
5354,10/22/19 08:21:38 AM,,,100.318,,,,,
5355,10/22/19 08:23:18 AM,100.304,13.365,,-0.047,,,,
5356,10/22/19 08:23:38 AM,,,100.333,,,,,
5357,10/22/19 08:25:18 AM,100.319,13.461,,-0.045,,,,
5358,10/22/19 08:25:38 AM,,,100.326,,,,,
5359,10/22/19 08:27:18 AM,100.331,13.461,,-0.043,,,,
5360,10/22/19 08:27:38 AM,,,100.319,,,,,
5361,10/22/19 08:29:18 AM,100.311,13.558,,-0.046,,,,
5362,10/22/19 08:29:38 AM,,,100.330,,,,,
5363,10/22/19 08:31:18 AM,100.314,13.654,,-0.046,,,,
5364,10/22/19 08:31:38 AM,,,100.334,,,,,
5365,10/22/19 08:33:18 AM,100.306,13.750,,-0.046,,,,
5366,10/22/19 08:33:38 AM,,,100.327,,,,,
5367,10/22/19 08:35:18 AM,100.294,13.750,,-0.047,,,,
5368,10/22/19 08:35:38 AM,,,100.320,,,,,
5369,10/22/19 08:37:18 AM,100.309,13.846,,-0.045,,,,
5370,10/22/19 08:37:38 AM,,,100.320,,,,,
5371,10/22/19 08:39:18 AM,100.300,13.942,,-0.046,,,,
5372,10/22/19 08:39:38 AM,,,100.324,,,,,
5373,10/22/19 08:41:18 AM,100.289,13.942,,-0.048,,,,
5374,10/22/19 08:41:38 AM,,,100.334,,,,,
5375,10/22/19 08:43:18 AM,100.304,14.038,,-0.046,,,,
5376,10/22/19 08:43:38 AM,,,100.327,,,,,
5377,10/22/19 08:45:18 AM,100.315,14.038,,-0.046,,,,
5378,10/22/19 08:45:38 AM,,,100.338,,,,,
5379,10/22/19 08:47:18 AM,100.319,14.134,,-0.047,,,,
5380,10/22/19 08:47:38 AM,,,100.353,,,,,
5381,10/22/19 08:49:18 AM,100.330,14.134,,-0.045,,,,
5382,10/22/19 08:49:38 AM,,,100.342,,,,,
5383,10/22/19 08:51:18 AM,100.322,14.230,,-0.046,,,,
5384,10/22/19 08:51:38 AM,,,100.346,,,,,
5385,10/22/19 08:53:18 AM,100.325,14.325,,-0.045,,,,
5386,10/22/19 08:53:38 AM,,,100.335,,,,,
5387,10/22/19 08:55:18 AM,100.325,14.325,,-0.045,,,,
5388,10/22/19 08:55:38 AM,,,100.339,,,,,
5389,10/22/19 08:57:18 AM,100.317,14.421,,-0.046,,,,
5390,10/22/19 08:57:38 AM,,,100.339,,,,,
5391,10/22/19 08:59:18 AM,100.305,14.421,,-0.047,,,,
5392,10/22/19 08:59:38 AM,,,100.332,,,,,
5393,10/22/19 09:01:18 AM,100.332,14.517,,-0.042,,,,
5394,10/22/19 09:01:38 AM,,,100.310,,,,,
5395,10/22/19 09:03:18 AM,100.332,14.517,,-0.043,,,,
5396,10/22/19 09:03:38 AM,,,100.321,,,,,
5397,10/22/19 09:05:18 AM,100.300,14.613,,-0.046,,,,
5398,10/22/19 09:05:38 AM,,,100.321,,,,,
5399,10/22/19 09:07:18 AM,100.300,14.613,,-0.045,,,,
5400,10/22/19 09:07:38 AM,,,100.310,,,,,
5401,10/22/19 09:09:18 AM,100.280,14.709,,-0.046,,,,
5402,10/22/19 09:09:38 AM,,,100.299,,,,,
5403,10/22/19 09:11:18 AM,100.272,14.804,,-0.047,,,,
5404,10/22/19 09:11:38 AM,,,100.299,,,,,
5405,10/22/19 09:13:18 AM,100.283,14.804,,-0.046,,,,
5406,10/22/19 09:13:38 AM,,,100.299,,,,,
5407,10/22/19 09:15:18 AM,100.298,14.900,,-0.045,,,,
5408,10/22/19 09:15:38 AM,,,100.310,,,,,
5409,10/22/19 09:17:18 AM,100.290,14.996,,-0.045,,,,
5410,10/22/19 09:17:38 AM,,,100.299,,,,,
5411,10/22/19 09:19:18 AM,100.290,14.996,,-0.046,,,,
5412,10/22/19 09:19:38 AM,,,100.310,,,,,
5413,10/22/19 09:21:18 AM,100.305,15.091,,-0.044,,,,
5414,10/22/19 09:21:38 AM,,,100.299,,,,,
5415,10/22/19 09:23:18 AM,100.281,15.091,,-0.046,,,,
5416,10/22/19 09:23:38 AM,,,100.306,,,,,
5417,10/22/19 09:25:18 AM,100.308,15.187,,-0.046,,,,
5418,10/22/19 09:25:38 AM,,,100.328,,,,,
5419,10/22/19 09:27:18 AM,100.300,15.282,,-0.047,,,,
5420,10/22/19 09:27:38 AM,,,100.328,,,,,
5421,10/22/19 09:29:18 AM,100.314,15.378,,-0.045,,,,
5422,10/22/19 09:29:38 AM,,,100.328,,,,,
5423,10/22/19 09:31:18 AM,100.338,15.378,,-0.044,,,,
5424,10/22/19 09:31:38 AM,,,100.335,,,,,
5425,10/22/19 09:33:18 AM,100.329,15.473,,-0.045,,,,
5426,10/22/19 09:33:38 AM,,,100.346,,,,,
5427,10/22/19 09:35:18 AM,100.333,15.569,,-0.045,,,,
5428,10/22/19 09:35:38 AM,,,100.346,,,,,
5429,10/22/19 09:37:18 AM,100.342,15.855,,-0.044,,,,
5430,10/22/19 09:37:38 AM,,,100.346,,,,,
5431,10/22/19 09:39:18 AM,100.326,16.046,,-0.045,,,,
5432,10/22/19 09:39:38 AM,,,100.339,,,,,
5433,10/22/19 09:41:18 AM,100.336,16.332,,-0.043,,,,
5434,10/22/19 09:41:38 AM,,,100.328,,,,,
5435,10/22/19 09:43:18 AM,100.339,16.427,,-0.044,,,,
5436,10/22/19 09:43:38 AM,,,100.339,,,,,
5437,10/22/19 09:45:18 AM,100.319,16.523,,-0.045,,,,
5438,10/22/19 09:45:38 AM,,,100.332,,,,,
5439,10/22/19 09:47:18 AM,100.337,16.713,,-0.043,,,,
5440,10/22/19 09:47:38 AM,,,100.332,,,,,
5441,10/22/19 09:49:18 AM,100.332,16.903,,-0.043,,,,
5442,10/22/19 09:49:38 AM,,,100.325,,,,,
5443,10/22/19 09:51:18 AM,100.318,17.189,,-0.045,,,,
5444,10/22/19 09:51:38 AM,,,100.329,,,,,
5445,10/22/19 09:53:18 AM,100.322,17.284,,-0.043,,,,
5446,10/22/19 09:53:38 AM,,,100.307,,,,,
5447,10/22/19 09:55:18 AM,100.317,17.475,,-0.043,,,,
5448,10/22/19 09:55:38 AM,,,100.311,,,,,
5449,10/22/19 09:57:18 AM,100.311,17.665,,-0.043,,,,
5450,10/22/19 09:57:38 AM,,,100.300,,,,,
5451,10/22/19 09:59:18 AM,100.330,17.855,,-0.041,,,,
5452,10/22/19 09:59:38 AM,,,100.304,,,,,
5453,10/22/19 10:01:18 AM,100.313,18.045,,-0.043,,,,
5454,10/22/19 10:01:38 AM,,,100.304,,,,,
5455,10/22/19 10:03:18 AM,100.316,18.140,,-0.043,,,,
5456,10/22/19 10:03:38 AM,,,100.308,,,,,
5457,10/22/19 10:05:18 AM,100.320,18.236,,-0.042,,,,
5458,10/22/19 10:05:38 AM,,,100.297,,,,,
5459,10/22/19 10:07:18 AM,100.311,18.331,,-0.043,,,,
5460,10/22/19 10:07:38 AM,,,100.301,,,,,
5461,10/22/19 10:09:18 AM,100.314,18.426,,-0.043,,,,
5462,10/22/19 10:09:38 AM,,,100.301,,,,,
5463,10/22/19 10:11:18 AM,100.306,18.521,,-0.043,,,,
5464,10/22/19 10:11:38 AM,,,100.294,,,,,
5465,10/22/19 10:13:18 AM,100.313,18.711,,-0.041,,,,
5466,10/22/19 10:13:38 AM,,,100.283,,,,,
5467,10/22/19 10:15:18 AM,100.319,18.901,,-0.041,,,,
5468,10/22/19 10:15:38 AM,,,100.297,,,,,
5469,10/22/19 10:17:18 AM,100.319,18.901,,-0.041,,,,
5470,10/22/19 10:17:38 AM,,,100.287,,,,,
5471,10/22/19 10:19:18 AM,100.323,18.996,,-0.041,,,,
5472,10/22/19 10:19:38 AM,,,100.290,,,,,
5473,10/22/19 10:21:18 AM,100.314,19.092,,-0.041,,,,
5474,10/22/19 10:21:38 AM,,,100.290,,,,,
5475,10/22/19 10:23:18 AM,100.306,19.187,,-0.042,,,,
5476,10/22/19 10:23:38 AM,,,100.290,,,,,
5477,10/22/19 10:25:18 AM,100.309,19.282,,-0.041,,,,
5478,10/22/19 10:25:38 AM,,,100.283,,,,,
5479,10/22/19 10:27:18 AM,100.313,19.377,,-0.041,,,,
5480,10/22/19 10:27:38 AM,,,100.283,,,,,
5481,10/22/19 10:29:18 AM,100.316,19.472,,-0.042,,,,
5482,10/22/19 10:29:38 AM,,,100.298,,,,,
5483,10/22/19 10:31:18 AM,100.319,19.567,,-0.042,,,,
5484,10/22/19 10:31:38 AM,,,100.298,,,,,
5485,10/22/19 10:33:18 AM,100.319,19.567,,-0.042,,,,
5486,10/22/19 10:33:38 AM,,,100.298,,,,,
5487,10/22/19 10:35:18 AM,100.296,19.567,,-0.044,,,,
5488,10/22/19 10:35:38 AM,,,100.302,,,,,
5489,10/22/19 10:37:18 AM,100.311,19.662,,-0.043,,,,
5490,10/22/19 10:37:38 AM,,,100.302,,,,,
5491,10/22/19 10:39:18 AM,100.311,19.662,,-0.043,,,,
5492,10/22/19 10:39:38 AM,,,100.302,,,,,
5493,10/22/19 10:41:18 AM,100.326,19.758,,-0.042,,,,
5494,10/22/19 10:41:38 AM,,,100.306,,,,,
5495,10/22/19 10:43:18 AM,100.306,19.853,,-0.044,,,,
5496,10/22/19 10:43:38 AM,,,100.306,,,,,
5497,10/22/19 10:45:18 AM,100.318,19.853,,-0.042,,,,
5498,10/22/19 10:45:38 AM,,,100.295,,,,,
5499,10/22/19 10:47:18 AM,100.294,19.853,,-0.043,,,,
5500,10/22/19 10:47:38 AM,,,100.288,,,,,
5501,10/22/19 10:49:18 AM,100.321,19.948,,-0.041,,,,
5502,10/22/19 10:49:38 AM,,,100.288,,,,,
5503,10/22/19 10:51:18 AM,100.297,19.948,,-0.043,,,,
5504,10/22/19 10:51:38 AM,,,100.288,,,,,
5505,10/22/19 10:53:18 AM,100.312,20.043,,-0.042,,,,
5506,10/22/19 10:53:38 AM,,,100.299,,,,,
5507,10/22/19 10:55:18 AM,100.316,20.138,,-0.042,,,,
5508,10/22/19 10:55:38 AM,,,100.292,,,,,
5509,10/22/19 10:57:18 AM,100.304,20.138,,-0.042,,,,
5510,10/22/19 10:57:38 AM,,,100.281,,,,,
5511,10/22/19 10:59:18 AM,100.307,20.234,,-0.042,,,,
5512,10/22/19 10:59:38 AM,,,100.292,,,,,
5513,10/22/19 11:01:18 AM,100.311,20.329,,-0.042,,,,
5514,10/22/19 11:01:38 AM,,,100.292,,,,,
5515,10/22/19 11:03:18 AM,100.311,20.329,,-0.042,,,,
5516,10/22/19 11:03:38 AM,,,100.292,,,,,
5517,10/22/19 11:05:18 AM,100.314,20.424,,-0.042,,,,
5518,10/22/19 11:05:38 AM,,,100.292,,,,,
5519,10/22/19 11:07:18 AM,100.294,20.519,,-0.044,,,,
5520,10/22/19 11:07:38 AM,,,100.292,,,,,
5521,10/22/19 11:09:18 AM,100.309,20.615,,-0.043,,,,
5522,10/22/19 11:09:38 AM,,,100.303,,,,,
5523,10/22/19 11:11:18 AM,100.304,20.805,,-0.043,,,,
5524,10/22/19 11:11:38 AM,,,100.292,,,,,
5525,10/22/19 11:13:18 AM,100.308,20.901,,-0.043,,,,
5526,10/22/19 11:13:38 AM,,,100.296,,,,,
5527,10/22/19 11:15:18 AM,100.311,20.996,,-0.043,,,,
5528,10/22/19 11:15:38 AM,,,100.307,,,,,
5529,10/22/19 11:17:18 AM,100.299,20.996,,-0.045,,,,
5530,10/22/19 11:17:38 AM,,,100.307,,,,,
5531,10/22/19 11:19:18 AM,100.314,21.091,,-0.042,,,,
5532,10/22/19 11:19:38 AM,,,100.296,,,,,
5533,10/22/19 11:21:18 AM,100.303,21.091,,-0.043,,,,
5534,10/22/19 11:21:38 AM,,,100.296,,,,,
5535,10/22/19 11:23:18 AM,100.303,21.091,,-0.042,,,,
5536,10/22/19 11:23:38 AM,,,100.285,,,,,
5537,10/22/19 11:25:18 AM,100.306,21.187,,-0.040,,,,
5538,10/22/19 11:25:38 AM,,,100.263,,,,,
5539,10/22/19 11:27:18 AM,100.298,21.282,,-0.040,,,,
5540,10/22/19 11:27:38 AM,,,100.263,,,,,
5541,10/22/19 11:29:18 AM,100.301,21.378,,-0.042,,,,
5542,10/22/19 11:29:38 AM,,,100.285,,,,,
5543,10/22/19 11:31:18 AM,100.304,21.473,,-0.042,,,,
5544,10/22/19 11:31:38 AM,,,100.289,,,,,
5545,10/22/19 11:33:18 AM,100.311,21.664,,-0.043,,,,
5546,10/22/19 11:33:38 AM,,,100.300,,,,,
5547,10/22/19 11:35:18 AM,100.299,21.664,,-0.043,,,,
5548,10/22/19 11:35:38 AM,,,100.289,,,,,
5549,10/22/19 11:37:18 AM,100.311,21.664,,-0.042,,,,
5550,10/22/19 11:37:38 AM,,,100.289,,,,,
5551,10/22/19 11:39:18 AM,100.291,21.760,,-0.045,,,,
5552,10/22/19 11:39:38 AM,,,100.300,,,,,
5553,10/22/19 11:41:18 AM,100.294,21.855,,-0.042,,,,
5554,10/22/19 11:41:38 AM,,,100.267,,,,,
5555,10/22/19 11:43:18 AM,100.298,21.951,,-0.041,,,,
5556,10/22/19 11:43:38 AM,,,100.267,,,,,
5557,10/22/19 11:45:18 AM,100.298,21.951,,-0.042,,,,
5558,10/22/19 11:45:38 AM,,,100.278,,,,,
5559,10/22/19 11:47:18 AM,100.274,21.951,,-0.044,,,,
5560,10/22/19 11:47:38 AM,,,100.278,,,,,
5561,10/22/19 11:49:18 AM,100.274,21.951,,-0.044,,,,
5562,10/22/19 11:49:38 AM,,,100.278,,,,,
5563,10/22/19 11:51:18 AM,100.274,21.951,,-0.044,,,,
5564,10/22/19 11:51:38 AM,,,100.278,,,,,
5565,10/22/19 11:53:18 AM,100.286,21.951,,-0.043,,,,
5566,10/22/19 11:53:38 AM,,,100.282,,,,,
5567,10/22/19 11:55:18 AM,100.274,21.951,,-0.046,,,,
5568,10/22/19 11:55:38 AM,,,100.293,,,,,
5569,10/22/19 11:57:18 AM,100.293,22.142,,-0.043,,,,
5570,10/22/19 11:57:38 AM,,,100.282,,,,,
5571,10/22/19 11:59:18 AM,100.285,22.238,,-0.044,,,,
5572,10/22/19 11:59:38 AM,,,100.282,,,,,
5573,10/22/19 12:01:18 PM,100.288,22.333,,-0.042,,,,
5574,10/22/19 12:01:38 PM,,,100.271,,,,,
5575,10/22/19 12:03:18 PM,100.288,22.333,,-0.043,,,,
5576,10/22/19 12:03:38 PM,,,100.282,,,,,
5577,10/22/19 12:05:18 PM,100.303,22.429,,-0.042,,,,
5578,10/22/19 12:05:38 PM,,,100.282,,,,,
5579,10/22/19 12:07:18 PM,100.295,22.525,,-0.044,,,,
5580,10/22/19 12:07:38 PM,,,100.293,,,,,
5581,10/22/19 12:09:18 PM,100.310,22.621,,-0.041,,,,
5582,10/22/19 12:09:38 PM,,,100.282,,,,,
5583,10/22/19 12:11:18 PM,100.313,22.717,,-0.040,,,,
5584,10/22/19 12:11:38 PM,,,100.271,,,,,
5585,10/22/19 12:13:18 PM,100.301,22.717,,-0.041,,,,
5586,10/22/19 12:13:38 PM,,,100.271,,,,,
5587,10/22/19 12:15:18 PM,100.290,22.717,,-0.041,,,,
5588,10/22/19 12:15:38 PM,,,100.264,,,,,
5589,10/22/19 12:17:18 PM,100.290,22.717,,-0.041,,,,
5590,10/22/19 12:17:38 PM,,,100.264,,,,,
5591,10/22/19 12:19:18 PM,100.305,22.812,,-0.040,,,,
5592,10/22/19 12:19:38 PM,,,100.264,,,,,
5593,10/22/19 12:21:18 PM,100.297,22.908,,-0.041,,,,
5594,10/22/19 12:21:38 PM,,,100.264,,,,,
5595,10/22/19 12:23:18 PM,100.303,23.100,,-0.042,,,,
5596,10/22/19 12:23:38 PM,,,100.286,,,,,
5597,10/22/19 12:25:18 PM,100.283,23.196,,-0.042,,,,
5598,10/22/19 12:25:38 PM,,,100.264,,,,,
5599,10/22/19 12:27:18 PM,100.299,23.292,,-0.040,,,,
5600,10/22/19 12:27:38 PM,,,100.264,,,,,
5601,10/22/19 12:29:18 PM,100.294,23.484,,-0.040,,,,
5602,10/22/19 12:29:38 PM,,,100.253,,,,,
5603,10/22/19 12:31:18 PM,100.289,23.677,,-0.039,,,,
5604,10/22/19 12:31:38 PM,,,100.242,,,,,
5605,10/22/19 12:33:18 PM,100.292,23.773,,-0.040,,,,
5606,10/22/19 12:33:38 PM,,,100.253,,,,,
5607,10/22/19 12:35:18 PM,100.299,23.966,,-0.041,,,,
5608,10/22/19 12:35:38 PM,,,100.268,,,,,
5609,10/22/19 12:37:18 PM,100.299,23.966,,-0.042,,,,
5610,10/22/19 12:37:38 PM,,,100.279,,,,,
5611,10/22/19 12:39:18 PM,100.291,24.062,,-0.041,,,,
5612,10/22/19 12:39:38 PM,,,100.257,,,,,
5613,10/22/19 12:41:18 PM,100.291,24.062,,-0.040,,,,
5614,10/22/19 12:41:38 PM,,,100.257,,,,,
5615,10/22/19 12:43:18 PM,100.281,23.773,,-0.040,,,,
5616,10/22/19 12:43:38 PM,,,100.235,,,,,
5617,10/22/19 12:45:18 PM,100.285,23.581,,-0.039,,,,
5618,10/22/19 12:45:38 PM,,,100.235,,,,,
5619,10/22/19 12:47:18 PM,100.277,23.677,,-0.041,,,,
5620,10/22/19 12:47:38 PM,,,100.246,,,,,
5621,10/22/19 12:49:18 PM,100.307,23.869,,-0.037,,,,
5622,10/22/19 12:49:38 PM,,,100.235,,,,,
5623,10/22/19 12:51:18 PM,100.299,23.966,,-0.037,,,,
5624,10/22/19 12:51:38 PM,,,100.235,,,,,
5625,10/22/19 12:53:18 PM,100.303,24.062,,-0.038,,,,
5626,10/22/19 12:53:38 PM,,,100.246,,,,,
5627,10/22/19 12:55:18 PM,100.298,24.255,,-0.038,,,,
5628,10/22/19 12:55:38 PM,,,100.239,,,,,
5629,10/22/19 12:57:18 PM,100.301,24.351,,-0.039,,,,
5630,10/22/19 12:57:38 PM,,,100.250,,,,,
5631,10/22/19 12:59:18 PM,100.296,24.545,,-0.039,,,,
5632,10/22/19 12:59:38 PM,,,100.250,,,,,
5633,10/22/19 01:01:18 PM,100.303,24.738,,-0.039,,,,
5634,10/22/19 01:01:38 PM,,,100.250,,,,,
5635,10/22/19 01:03:18 PM,100.299,24.931,,-0.038,,,,
5636,10/22/19 01:03:38 PM,,,100.239,,,,,
5637,10/22/19 01:05:18 PM,100.290,25.028,,-0.038,,,,
5638,10/22/19 01:05:38 PM,,,100.228,,,,,
5639,10/22/19 01:07:18 PM,100.282,25.125,,-0.038,,,,
5640,10/22/19 01:07:38 PM,,,100.228,,,,,
5641,10/22/19 01:09:18 PM,100.290,25.028,,-0.040,,,,
5642,10/22/19 01:09:38 PM,,,100.254,,,,,
5643,10/22/19 01:11:18 PM,100.292,24.738,,-0.041,,,,
5644,10/22/19 01:11:38 PM,,,100.265,,,,,
5645,10/22/19 01:13:18 PM,100.296,24.545,,-0.039,,,,
5646,10/22/19 01:13:38 PM,,,100.243,,,,,
5647,10/22/19 01:15:18 PM,100.283,24.158,,-0.040,,,,
5648,10/22/19 01:15:38 PM,,,100.243,,,,,
5649,10/22/19 01:17:18 PM,100.296,23.869,,-0.039,,,,
5650,10/22/19 01:17:38 PM,,,100.254,,,,,
5651,10/22/19 01:19:18 PM,100.289,23.677,,-0.040,,,,
5652,10/22/19 01:19:38 PM,,,100.254,,,,,
5653,10/22/19 01:21:18 PM,100.294,23.484,,-0.040,,,,
5654,10/22/19 01:21:38 PM,,,100.254,,,,,
5655,10/22/19 01:23:18 PM,100.297,23.581,,-0.040,,,,
5656,10/22/19 01:23:38 PM,,,100.254,,,,,
5657,10/22/19 01:25:18 PM,100.296,23.869,,-0.041,,,,
5658,10/22/19 01:25:38 PM,,,100.265,,,,,
5659,10/22/19 01:27:18 PM,100.286,24.255,,-0.041,,,,
5660,10/22/19 01:27:38 PM,,,100.254,,,,,
5661,10/22/19 01:29:18 PM,100.300,24.641,,-0.039,,,,
5662,10/22/19 01:29:38 PM,,,100.247,,,,,
5663,10/22/19 01:31:18 PM,100.299,24.931,,-0.037,,,,
5664,10/22/19 01:31:38 PM,,,100.225,,,,,
5665,10/22/19 01:33:18 PM,100.274,25.222,,-0.039,,,,
5666,10/22/19 01:33:38 PM,,,100.225,,,,,
5667,10/22/19 01:35:18 PM,100.296,25.513,,-0.038,,,,
5668,10/22/19 01:35:38 PM,,,100.236,,,,,
5669,10/22/19 01:37:18 PM,100.303,25.708,,-0.036,,,,
5670,10/22/19 01:37:38 PM,,,100.225,,,,,
5671,10/22/19 01:39:18 PM,100.283,25.805,,-0.039,,,,
5672,10/22/19 01:39:38 PM,,,100.236,,,,,
5673,10/22/19 01:41:18 PM,100.288,25.610,,-0.038,,,,
5674,10/22/19 01:41:38 PM,,,100.229,,,,,
5675,10/22/19 01:43:18 PM,100.286,25.222,,-0.038,,,,
5676,10/22/19 01:43:38 PM,,,100.229,,,,,
5677,10/22/19 01:45:18 PM,100.283,24.835,,-0.038,,,,
5678,10/22/19 01:45:38 PM,,,100.229,,,,,
5679,10/22/19 01:47:18 PM,100.293,24.448,,-0.038,,,,
5680,10/22/19 01:47:38 PM,,,100.240,,,,,
5681,10/22/19 01:49:18 PM,100.271,24.158,,-0.039,,,,
5682,10/22/19 01:49:38 PM,,,100.218,,,,,
5683,10/22/19 01:51:18 PM,100.272,23.869,,-0.039,,,,
5684,10/22/19 01:51:38 PM,,,100.229,,,,,
5685,10/22/19 01:53:18 PM,100.265,23.677,,-0.039,,,,
5686,10/22/19 01:53:38 PM,,,100.218,,,,,
5687,10/22/19 01:55:18 PM,100.267,23.388,,-0.039,,,,
5688,10/22/19 01:55:38 PM,,,100.218,,,,,
5689,10/22/19 01:57:18 PM,100.265,23.677,,-0.039,,,,
5690,10/22/19 01:57:38 PM,,,100.222,,,,,
5691,10/22/19 01:59:18 PM,100.279,24.062,,-0.037,,,,
5692,10/22/19 01:59:38 PM,,,100.211,,,,,
5693,10/22/19 02:01:18 PM,100.273,24.545,,-0.039,,,,
5694,10/22/19 02:01:38 PM,,,100.222,,,,,
5695,10/22/19 02:03:18 PM,100.279,25.028,,-0.036,,,,
5696,10/22/19 02:03:38 PM,,,100.200,,,,,
5697,10/22/19 02:05:18 PM,100.266,25.319,,-0.037,,,,
5698,10/22/19 02:05:38 PM,,,100.200,,,,,
5699,10/22/19 02:07:18 PM,100.268,25.708,,-0.037,,,,
5700,10/22/19 02:07:38 PM,,,100.200,,,,,
5701,10/22/19 02:09:18 PM,100.270,26.097,,-0.037,,,,
5702,10/22/19 02:09:38 PM,,,100.204,,,,,
5703,10/22/19 02:11:18 PM,100.273,26.488,,-0.036,,,,
5704,10/22/19 02:11:38 PM,,,100.193,,,,,
5705,10/22/19 02:13:18 PM,100.260,26.781,,-0.038,,,,
5706,10/22/19 02:13:38 PM,,,100.204,,,,,
5707,10/22/19 02:15:18 PM,100.255,26.977,,-0.038,,,,
5708,10/22/19 02:15:38 PM,,,100.197,,,,,
5709,10/22/19 02:17:18 PM,100.250,27.173,,-0.039,,,,
5710,10/22/19 02:17:38 PM,,,100.197,,,,,
5711,10/22/19 02:19:18 PM,100.239,27.173,,-0.039,,,,
5712,10/22/19 02:19:38 PM,,,100.186,,,,,
5713,10/22/19 02:21:18 PM,100.242,27.272,,-0.038,,,,
5714,10/22/19 02:21:38 PM,,,100.186,,,,,
5715,10/22/19 02:23:18 PM,100.250,27.173,,-0.037,,,,
5716,10/22/19 02:23:38 PM,,,100.186,,,,,
5717,10/22/19 02:25:18 PM,100.243,26.977,,-0.038,,,,
5718,10/22/19 02:25:38 PM,,,100.186,,,,,
5719,10/22/19 02:27:18 PM,100.240,26.879,,-0.040,,,,
5720,10/22/19 02:27:38 PM,,,100.201,,,,,
5721,10/22/19 02:29:18 PM,100.247,27.075,,-0.037,,,,
5722,10/22/19 02:29:38 PM,,,100.179,,,,,
5723,10/22/19 02:31:18 PM,100.266,27.272,,-0.035,,,,
5724,10/22/19 02:31:38 PM,,,100.179,,,,,
5725,10/22/19 02:33:18 PM,100.261,27.468,,-0.036,,,,
5726,10/22/19 02:33:38 PM,,,100.179,,,,,
5727,10/22/19 02:35:18 PM,100.280,27.665,,-0.033,,,,
5728,10/22/19 02:35:38 PM,,,100.168,,,,,
5729,10/22/19 02:37:18 PM,100.275,27.862,,-0.035,,,,
5730,10/22/19 02:37:38 PM,,,100.190,,,,,
5731,10/22/19 02:39:18 PM,100.274,28.159,,-0.034,,,,
5732,10/22/19 02:39:38 PM,,,100.179,,,,,
5733,10/22/19 02:41:18 PM,100.270,28.357,,-0.034,,,,
5734,10/22/19 02:41:38 PM,,,100.168,,,,,
5735,10/22/19 02:43:18 PM,100.262,28.456,,-0.036,,,,
5736,10/22/19 02:43:38 PM,,,100.183,,,,,
5737,10/22/19 02:45:18 PM,100.265,28.555,,-0.036,,,,
5738,10/22/19 02:45:38 PM,,,100.183,,,,,
5739,10/22/19 02:47:18 PM,100.257,28.655,,-0.036,,,,
5740,10/22/19 02:47:38 PM,,,100.183,,,,,
5741,10/22/19 02:49:18 PM,100.261,28.754,,-0.035,,,,
5742,10/22/19 02:49:38 PM,,,100.172,,,,,
5743,10/22/19 02:51:18 PM,100.276,28.853,,-0.033,,,,
5744,10/22/19 02:51:38 PM,,,100.172,,,,,
5745,10/22/19 02:53:18 PM,100.268,28.953,,-0.033,,,,
5746,10/22/19 02:53:38 PM,,,100.161,,,,,
5747,10/22/19 02:55:18 PM,100.276,29.152,,-0.033,,,,
5748,10/22/19 02:55:38 PM,,,100.172,,,,,
5749,10/22/19 02:57:18 PM,100.252,29.152,,-0.035,,,,
5750,10/22/19 02:57:38 PM,,,100.161,,,,,
5751,10/22/19 02:59:18 PM,100.254,28.555,,-0.034,,,,
5752,10/22/19 02:59:38 PM,,,100.154,,,,,
5753,10/22/19 03:01:18 PM,100.262,28.456,,-0.033,,,,
5754,10/22/19 03:01:38 PM,,,100.154,,,,,
5755,10/22/19 03:03:18 PM,100.242,28.555,,-0.034,,,,
5756,10/22/19 03:03:38 PM,,,100.143,,,,,
5757,10/22/19 03:05:18 PM,100.234,28.655,,-0.036,,,,
5758,10/22/19 03:05:38 PM,,,100.154,,,,,
5759,10/22/19 03:07:18 PM,100.241,28.853,,-0.034,,,,
5760,10/22/19 03:07:38 PM,,,100.143,,,,,
5761,10/22/19 03:09:18 PM,100.248,29.053,,-0.032,,,,
5762,10/22/19 03:09:38 PM,,,100.133,,,,,
5763,10/22/19 03:11:18 PM,100.240,29.152,,-0.033,,,,
5764,10/22/19 03:11:38 PM,,,100.133,,,,,
5765,10/22/19 03:13:18 PM,100.244,29.252,,-0.033,,,,
5766,10/22/19 03:13:38 PM,,,100.143,,,,,
5767,10/22/19 03:15:18 PM,100.259,29.352,,-0.031,,,,
5768,10/22/19 03:15:38 PM,,,100.126,,,,,
5769,10/22/19 03:17:18 PM,100.244,29.252,,-0.032,,,,
5770,10/22/19 03:17:38 PM,,,100.126,,,,,
5771,10/22/19 03:19:18 PM,100.248,29.053,,-0.031,,,,
5772,10/22/19 03:19:38 PM,,,100.115,,,,,
5773,10/22/19 03:21:18 PM,100.241,28.853,,-0.032,,,,
5774,10/22/19 03:21:38 PM,,,100.126,,,,,
5775,10/22/19 03:23:18 PM,100.248,29.053,,-0.032,,,,
5776,10/22/19 03:23:38 PM,,,100.136,,,,,
5777,10/22/19 03:25:18 PM,100.256,29.252,,-0.032,,,,
5778,10/22/19 03:25:38 PM,,,100.136,,,,,
5779,10/22/19 03:27:18 PM,100.255,29.552,,-0.031,,,,
5780,10/22/19 03:27:38 PM,,,100.126,,,,,
5781,10/22/19 03:29:18 PM,100.235,29.652,,-0.032,,,,
5782,10/22/19 03:29:38 PM,,,100.115,,,,,
5783,10/22/19 03:31:18 PM,100.227,29.752,,-0.033,,,,
5784,10/22/19 03:31:38 PM,,,100.126,,,,,
5785,10/22/19 03:33:18 PM,100.239,29.752,,-0.031,,,,
5786,10/22/19 03:33:38 PM,,,100.115,,,,,
5787,10/22/19 03:35:18 PM,100.259,29.652,,-0.029,,,,
5788,10/22/19 03:35:38 PM,,,100.115,,,,,
5789,10/22/19 03:37:18 PM,100.235,29.652,,-0.033,,,,
5790,10/22/19 03:37:38 PM,,,100.126,,,,,
5791,10/22/19 03:39:18 PM,100.239,29.752,,-0.031,,,,
5792,10/22/19 03:39:38 PM,,,100.108,,,,,
5793,10/22/19 03:41:18 PM,100.231,29.853,,-0.032,,,,
5794,10/22/19 03:41:38 PM,,,100.119,,,,,
5795,10/22/19 03:43:18 PM,100.243,29.853,,-0.029,,,,
5796,10/22/19 03:43:38 PM,,,100.097,,,,,
5797,10/22/19 03:45:18 PM,100.223,29.953,,-0.032,,,,
5798,10/22/19 03:45:38 PM,,,100.108,,,,,
5799,10/22/19 03:47:18 PM,100.265,30.154,,-0.028,,,,
5800,10/22/19 03:47:38 PM,,,100.108,,,,,
5801,10/22/19 03:49:18 PM,100.222,30.255,,-0.032,,,,
5802,10/22/19 03:49:38 PM,,,100.108,,,,,
5803,10/22/19 03:51:18 PM,100.222,30.255,,-0.033,,,,
5804,10/22/19 03:51:38 PM,,,100.119,,,,,
5805,10/22/19 03:53:18 PM,100.238,30.356,,-0.030,,,,
5806,10/22/19 03:53:38 PM,,,100.097,,,,,
5807,10/22/19 03:55:18 PM,100.230,30.457,,-0.030,,,,
5808,10/22/19 03:55:38 PM,,,100.097,,,,,
5809,10/22/19 03:57:18 PM,100.241,30.457,,-0.030,,,,
5810,10/22/19 03:57:38 PM,,,100.101,,,,,
5811,10/22/19 03:59:18 PM,100.245,30.558,,-0.029,,,,
5812,10/22/19 03:59:38 PM,,,100.101,,,,,
5813,10/22/19 04:01:18 PM,100.241,30.457,,-0.030,,,,
5814,10/22/19 04:01:38 PM,,,100.101,,,,,
5815,10/22/19 04:03:18 PM,100.238,30.356,,-0.029,,,,
5816,10/22/19 04:03:38 PM,,,100.090,,,,,
5817,10/22/19 04:05:18 PM,100.226,30.356,,-0.029,,,,
5818,10/22/19 04:05:38 PM,,,100.079,,,,,
5819,10/22/19 04:07:18 PM,100.241,30.457,,-0.028,,,,
5820,10/22/19 04:07:38 PM,,,100.090,,,,,
5821,10/22/19 04:09:18 PM,100.218,30.457,,-0.032,,,,
5822,10/22/19 04:09:38 PM,,,100.101,,,,,
5823,10/22/19 04:11:18 PM,100.233,30.558,,-0.029,,,,
5824,10/22/19 04:11:38 PM,,,100.090,,,,,
5825,10/22/19 04:13:18 PM,100.230,30.457,,-0.031,,,,
5826,10/22/19 04:13:38 PM,,,100.101,,,,,
5827,10/22/19 04:15:18 PM,100.214,30.356,,-0.032,,,,
5828,10/22/19 04:15:38 PM,,,100.094,,,,,
5829,10/22/19 04:17:18 PM,100.226,30.356,,-0.030,,,,
5830,10/22/19 04:17:38 PM,,,100.094,,,,,
5831,10/22/19 04:19:18 PM,100.214,30.356,,-0.031,,,,
5832,10/22/19 04:19:38 PM,,,100.083,,,,,
5833,10/22/19 04:21:18 PM,100.238,30.356,,-0.030,,,,
5834,10/22/19 04:21:38 PM,,,100.105,,,,,
5835,10/22/19 04:23:18 PM,100.234,30.255,,-0.031,,,,
5836,10/22/19 04:23:38 PM,,,100.105,,,,,
5837,10/22/19 04:25:18 PM,100.224,29.652,,-0.032,,,,
5838,10/22/19 04:25:38 PM,,,100.105,,,,,
5839,10/22/19 04:27:18 PM,100.232,29.552,,-0.031,,,,
5840,10/22/19 04:27:38 PM,,,100.105,,,,,
5841,10/22/19 04:29:18 PM,100.224,29.652,,-0.032,,,,
5842,10/22/19 04:29:38 PM,,,100.105,,,,,
5843,10/22/19 04:31:18 PM,100.217,29.152,,-0.033,,,,
5844,10/22/19 04:31:38 PM,,,100.115,,,,,
5845,10/22/19 04:33:18 PM,100.199,28.655,,-0.035,,,,
5846,10/22/19 04:33:38 PM,,,100.115,,,,,
5847,10/22/19 04:35:18 PM,100.204,28.159,,-0.035,,,,
5848,10/22/19 04:35:38 PM,,,100.115,,,,,
5849,10/22/19 04:37:18 PM,100.190,27.764,,-0.036,,,,
5850,10/22/19 04:37:38 PM,,,100.115,,,,,
5851,10/22/19 04:39:18 PM,100.206,27.567,,-0.035,,,,
5852,10/22/19 04:39:38 PM,,,100.115,,,,,
5853,10/22/19 04:41:18 PM,100.207,27.272,,-0.035,,,,
5854,10/22/19 04:41:38 PM,,,100.115,,,,,
5855,10/22/19 04:43:18 PM,100.205,26.879,,-0.033,,,,
5856,10/22/19 04:43:38 PM,,,100.094,,,,,
5857,10/22/19 04:45:18 PM,100.182,26.585,,-0.037,,,,
5858,10/22/19 04:45:38 PM,,,100.115,,,,,
5859,10/22/19 04:47:18 PM,100.198,26.683,,-0.035,,,,
5860,10/22/19 04:47:38 PM,,,100.115,,,,,
5861,10/22/19 04:49:18 PM,100.186,26.683,,-0.036,,,,
5862,10/22/19 04:49:38 PM,,,100.105,,,,,
5863,10/22/19 04:51:18 PM,100.191,26.488,,-0.036,,,,
5864,10/22/19 04:51:38 PM,,,100.115,,,,,
5865,10/22/19 04:53:18 PM,100.180,26.195,,-0.036,,,,
5866,10/22/19 04:53:38 PM,,,100.105,,,,,
5867,10/22/19 04:55:18 PM,100.195,26.292,,-0.036,,,,
5868,10/22/19 04:55:38 PM,,,100.115,,,,,
5869,10/22/19 04:57:18 PM,100.184,26.292,,-0.036,,,,
5870,10/22/19 04:57:38 PM,,,100.105,,,,,
5871,10/22/19 04:59:18 PM,100.179,26.488,,-0.038,,,,
5872,10/22/19 04:59:38 PM,,,100.126,,,,,
5873,10/22/19 05:01:18 PM,100.175,26.390,,-0.038,,,,
5874,10/22/19 05:01:38 PM,,,100.115,,,,,
5875,10/22/19 05:03:18 PM,100.176,26.097,,-0.038,,,,
5876,10/22/19 05:03:38 PM,,,100.115,,,,,
5877,10/22/19 05:05:18 PM,100.185,26.000,,-0.039,,,,
5878,10/22/19 05:05:38 PM,,,100.137,,,,,
5879,10/22/19 05:07:18 PM,100.192,26.195,,-0.037,,,,
5880,10/22/19 05:07:38 PM,,,100.126,,,,,
5881,10/22/19 05:09:18 PM,100.184,26.292,,-0.037,,,,
5882,10/22/19 05:09:38 PM,,,100.119,,,,,
5883,10/22/19 05:11:18 PM,100.176,26.097,,-0.038,,,,
5884,10/22/19 05:11:38 PM,,,100.119,,,,,
5885,10/22/19 05:13:18 PM,100.181,25.902,,-0.038,,,,
5886,10/22/19 05:13:38 PM,,,100.119,,,,,
5887,10/22/19 05:15:18 PM,100.166,25.805,,-0.038,,,,
5888,10/22/19 05:15:38 PM,,,100.109,,,,,
5889,10/22/19 05:17:18 PM,100.166,25.805,,-0.039,,,,
5890,10/22/19 05:17:38 PM,,,100.119,,,,,
5891,10/22/19 05:19:18 PM,100.156,25.513,,-0.040,,,,
5892,10/22/19 05:19:38 PM,,,100.115,,,,,
5893,10/22/19 05:21:18 PM,100.180,25.222,,-0.038,,,,
5894,10/22/19 05:21:38 PM,,,100.119,,,,,
5895,10/22/19 05:23:18 PM,100.165,25.125,,-0.040,,,,
5896,10/22/19 05:23:38 PM,,,100.130,,,,,
5897,10/22/19 05:25:18 PM,100.180,25.222,,-0.038,,,,
5898,10/22/19 05:25:38 PM,,,100.126,,,,,
5899,10/22/19 05:27:18 PM,100.175,25.416,,-0.039,,,,
5900,10/22/19 05:27:38 PM,,,100.126,,,,,
5901,10/22/19 05:29:18 PM,100.182,25.610,,-0.038,,,,
5902,10/22/19 05:29:38 PM,,,100.126,,,,,
5903,10/22/19 05:31:18 PM,100.196,26.000,,-0.038,,,,
5904,10/22/19 05:31:38 PM,,,100.137,,,,,
5905,10/22/19 05:33:18 PM,100.212,26.097,,-0.038,,,,
5906,10/22/19 05:33:38 PM,,,100.152,,,,,
5907,10/22/19 05:35:18 PM,100.207,26.292,,-0.037,,,,
5908,10/22/19 05:35:38 PM,,,100.141,,,,,
5909,10/22/19 05:37:18 PM,100.215,26.195,,-0.037,,,,
5910,10/22/19 05:37:38 PM,,,100.152,,,,,
5911,10/22/19 05:39:18 PM,100.212,26.097,,-0.036,,,,
5912,10/22/19 05:39:38 PM,,,100.130,,,,,
5913,10/22/19 05:41:18 PM,100.212,26.097,,-0.037,,,,
5914,10/22/19 05:41:38 PM,,,100.152,,,,,
5915,10/22/19 05:43:18 PM,100.207,26.292,,-0.038,,,,
5916,10/22/19 05:43:38 PM,,,100.152,,,,,
5917,10/22/19 05:45:18 PM,100.210,26.390,,-0.038,,,,
5918,10/22/19 05:45:38 PM,,,100.152,,,,,
5919,10/22/19 05:47:18 PM,100.207,26.292,,-0.037,,,,
5920,10/22/19 05:47:38 PM,,,100.141,,,,,
5921,10/22/19 05:49:18 PM,100.212,26.097,,-0.038,,,,
5922,10/22/19 05:49:38 PM,,,100.152,,,,,
5923,10/22/19 05:51:18 PM,100.205,25.902,,-0.038,,,,
5924,10/22/19 05:51:38 PM,,,100.141,,,,,
5925,10/22/19 05:53:18 PM,100.218,25.610,,-0.037,,,,
5926,10/22/19 05:53:38 PM,,,100.152,,,,,
5927,10/22/19 05:55:18 PM,100.207,25.319,,-0.038,,,,
5928,10/22/19 05:55:38 PM,,,100.152,,,,,
5929,10/22/19 05:57:18 PM,100.185,25.028,,-0.041,,,,
5930,10/22/19 05:57:38 PM,,,100.152,,,,,
5931,10/22/19 05:59:18 PM,100.186,24.738,,-0.040,,,,
5932,10/22/19 05:59:38 PM,,,100.141,,,,,
5933,10/22/19 06:01:18 PM,100.176,24.448,,-0.041,,,,
5934,10/22/19 06:01:38 PM,,,100.152,,,,,
5935,10/22/19 06:03:18 PM,100.177,24.158,,-0.040,,,,
5936,10/22/19 06:03:38 PM,,,100.130,,,,,
5937,10/22/19 06:05:18 PM,100.167,23.869,,-0.040,,,,
5938,10/22/19 06:05:38 PM,,,100.130,,,,,
5939,10/22/19 06:07:18 PM,100.164,23.773,,-0.040,,,,
5940,10/22/19 06:07:38 PM,,,100.126,,,,,
5941,10/22/19 06:09:18 PM,100.145,23.581,,-0.043,,,,
5942,10/22/19 06:09:38 PM,,,100.137,,,,,
5943,10/22/19 06:11:18 PM,100.162,23.388,,-0.041,,,,
5944,10/22/19 06:11:38 PM,,,100.137,,,,,
5945,10/22/19 06:13:18 PM,100.163,23.100,,-0.043,,,,
5946,10/22/19 06:13:38 PM,,,100.159,,,,,
5947,10/22/19 06:15:18 PM,100.165,22.812,,-0.042,,,,
5948,10/22/19 06:15:38 PM,,,100.148,,,,,
5949,10/22/19 06:17:18 PM,100.178,22.525,,-0.042,,,,
5950,10/22/19 06:17:38 PM,,,100.159,,,,,
5951,10/22/19 06:19:18 PM,100.168,22.238,,-0.043,,,,
5952,10/22/19 06:19:38 PM,,,100.159,,,,,
5953,10/22/19 06:21:18 PM,100.169,21.951,,-0.042,,,,
5954,10/22/19 06:21:38 PM,,,100.148,,,,,
5955,10/22/19 06:23:18 PM,100.159,21.664,,-0.043,,,,
5956,10/22/19 06:23:38 PM,,,100.148,,,,,
5957,10/22/19 06:25:18 PM,100.152,21.473,,-0.044,,,,
5958,10/22/19 06:25:38 PM,,,100.148,,,,,
5959,10/22/19 06:27:18 PM,100.154,21.187,,-0.043,,,,
5960,10/22/19 06:27:38 PM,,,100.148,,,,,
5961,10/22/19 06:29:18 PM,100.159,20.996,,-0.042,,,,
5962,10/22/19 06:29:38 PM,,,100.144,,,,,
5963,10/22/19 06:31:18 PM,100.125,20.710,,-0.048,,,,
5964,10/22/19 06:31:38 PM,,,100.166,,,,,
5965,10/22/19 06:33:18 PM,100.107,20.519,,-0.048,,,,
5966,10/22/19 06:33:38 PM,,,100.144,,,,,
5967,10/22/19 06:35:18 PM,100.112,20.329,,-0.047,,,,
5968,10/22/19 06:35:38 PM,,,100.144,,,,,
5969,10/22/19 06:37:18 PM,100.117,20.138,,-0.046,,,,
5970,10/22/19 06:37:38 PM,,,100.133,,,,,
5971,10/22/19 06:39:18 PM,100.111,19.948,,-0.046,,,,
5972,10/22/19 06:39:38 PM,,,100.133,,,,,
5973,10/22/19 06:41:18 PM,100.116,19.758,,-0.045,,,,
5974,10/22/19 06:41:38 PM,,,100.122,,,,,
5975,10/22/19 06:43:18 PM,100.109,19.567,,-0.046,,,,
5976,10/22/19 06:43:38 PM,,,100.129,,,,,
5977,10/22/19 06:45:18 PM,100.114,19.377,,-0.046,,,,
5978,10/22/19 06:45:38 PM,,,100.140,,,,,
5979,10/22/19 06:47:18 PM,100.111,19.282,,-0.049,,,,
5980,10/22/19 06:47:38 PM,,,100.162,,,,,
5981,10/22/19 06:49:18 PM,100.139,19.092,,-0.048,,,,
5982,10/22/19 06:49:38 PM,,,100.184,,,,,
5983,10/22/19 06:51:18 PM,100.121,18.901,,-0.049,,,,
5984,10/22/19 06:51:38 PM,,,100.173,,,,,
5985,10/22/19 06:53:18 PM,100.117,18.806,,-0.050,,,,
5986,10/22/19 06:53:38 PM,,,100.180,,,,,
5987,10/22/19 06:55:18 PM,100.134,18.616,,-0.049,,,,
5988,10/22/19 06:55:38 PM,,,100.180,,,,,
5989,10/22/19 06:57:18 PM,100.131,18.521,,-0.049,,,,
5990,10/22/19 06:57:38 PM,,,100.180,,,,,
5991,10/22/19 06:59:18 PM,100.116,18.426,,-0.050,,,,
5992,10/22/19 06:59:38 PM,,,100.169,,,,,
5993,10/22/19 07:01:18 PM,100.124,18.331,,-0.048,,,,
5994,10/22/19 07:01:38 PM,,,100.158,,,,,
5995,10/22/19 07:03:18 PM,100.098,18.236,,-0.046,,,,
5996,10/22/19 07:03:38 PM,,,100.115,,,,,
5997,10/22/19 07:05:18 PM,100.059,18.140,,-0.047,,,,
5998,10/22/19 07:05:38 PM,,,100.078,,,,,
5999,10/22/19 07:07:18 PM,100.024,18.140,,-0.050,,,,
6000,10/22/19 07:07:38 PM,,,100.089,,,,,
6001,10/22/19 07:09:18 PM,100.021,18.045,,-0.052,,,,
6002,10/22/19 07:09:38 PM,,,100.100,,,,,
6003,10/22/19 07:11:18 PM,100.068,18.045,,-0.050,,,,
6004,10/22/19 07:11:38 PM,,,100.133,,,,,
6005,10/22/19 07:13:18 PM,100.076,17.950,,-0.051,,,,
6006,10/22/19 07:13:38 PM,,,100.143,,,,,
6007,10/22/19 07:15:18 PM,100.076,17.950,,-0.050,,,,
6008,10/22/19 07:15:38 PM,,,100.139,,,,,
6009,10/22/19 07:17:18 PM,100.096,17.855,,-0.048,,,,
6010,10/22/19 07:17:38 PM,,,100.139,,,,,
6011,10/22/19 07:19:18 PM,100.105,17.760,,-0.049,,,,
6012,10/22/19 07:19:38 PM,,,100.161,,,,,
6013,10/22/19 07:21:18 PM,100.093,17.760,,-0.050,,,,
6014,10/22/19 07:21:38 PM,,,100.150,,,,,
6015,10/22/19 07:23:18 PM,100.101,17.665,,-0.050,,,,
6016,10/22/19 07:23:38 PM,,,100.161,,,,,
6017,10/22/19 07:25:18 PM,100.086,17.570,,-0.052,,,,
6018,10/22/19 07:25:38 PM,,,100.161,,,,,
6019,10/22/19 07:27:18 PM,100.110,17.570,,-0.050,,,,
6020,10/22/19 07:27:38 PM,,,100.168,,,,,
6021,10/22/19 07:29:18 PM,100.118,17.475,,-0.050,,,,
6022,10/22/19 07:29:38 PM,,,100.179,,,,,
6023,10/22/19 07:31:18 PM,100.115,17.379,,-0.051,,,,
6024,10/22/19 07:31:38 PM,,,100.190,,,,,
6025,10/22/19 07:33:18 PM,100.111,17.284,,-0.052,,,,
6026,10/22/19 07:33:38 PM,,,100.190,,,,,
6027,10/22/19 07:35:18 PM,100.111,17.284,,-0.052,,,,
6028,10/22/19 07:35:38 PM,,,100.190,,,,,
6029,10/22/19 07:37:18 PM,100.120,17.189,,-0.051,,,,
6030,10/22/19 07:37:38 PM,,,100.186,,,,,
6031,10/22/19 07:39:18 PM,100.117,17.094,,-0.051,,,,
6032,10/22/19 07:39:38 PM,,,100.186,,,,,
6033,10/22/19 07:41:18 PM,100.117,17.094,,-0.051,,,,
6034,10/22/19 07:41:38 PM,,,100.186,,,,,
6035,10/22/19 07:43:18 PM,100.125,16.999,,-0.050,,,,
6036,10/22/19 07:43:38 PM,,,100.186,,,,,
6037,10/22/19 07:45:18 PM,100.113,16.999,,-0.052,,,,
6038,10/22/19 07:45:38 PM,,,100.197,,,,,
6039,10/22/19 07:47:18 PM,100.110,16.903,,-0.052,,,,
6040,10/22/19 07:47:38 PM,,,100.193,,,,,
6041,10/22/19 07:49:18 PM,100.110,16.903,,-0.051,,,,
6042,10/22/19 07:49:38 PM,,,100.182,,,,,
6043,10/22/19 07:51:18 PM,100.118,16.808,,-0.050,,,,
6044,10/22/19 07:51:38 PM,,,100.182,,,,,
6045,10/22/19 07:53:18 PM,100.107,16.808,,-0.051,,,,
6046,10/22/19 07:53:38 PM,,,100.171,,,,,
6047,10/22/19 07:55:18 PM,100.103,16.713,,-0.051,,,,
6048,10/22/19 07:55:38 PM,,,100.171,,,,,
6049,10/22/19 07:57:18 PM,100.103,16.713,,-0.051,,,,
6050,10/22/19 07:57:38 PM,,,100.178,,,,,
6051,10/22/19 07:59:18 PM,100.103,16.713,,-0.052,,,,
6052,10/22/19 07:59:38 PM,,,100.178,,,,,
6053,10/22/19 08:01:18 PM,100.112,16.618,,-0.051,,,,
6054,10/22/19 08:01:38 PM,,,100.178,,,,,
6055,10/22/19 08:03:18 PM,100.100,16.618,,-0.053,,,,
6056,10/22/19 08:03:38 PM,,,100.189,,,,,
6057,10/22/19 08:05:18 PM,100.112,16.618,,-0.052,,,,
6058,10/22/19 08:05:38 PM,,,100.189,,,,,
6059,10/22/19 08:07:18 PM,100.109,16.523,,-0.053,,,,
6060,10/22/19 08:07:38 PM,,,100.200,,,,,
6061,10/22/19 08:09:18 PM,100.129,16.427,,-0.050,,,,
6062,10/22/19 08:09:38 PM,,,100.189,,,,,
6063,10/22/19 08:11:18 PM,100.117,16.427,,-0.053,,,,
6064,10/22/19 08:11:38 PM,,,100.207,,,,,
6065,10/22/19 08:13:18 PM,100.125,16.332,,-0.051,,,,
6066,10/22/19 08:13:38 PM,,,100.196,,,,,
6067,10/22/19 08:15:18 PM,100.149,16.332,,-0.050,,,,
6068,10/22/19 08:15:38 PM,,,100.207,,,,,
6069,10/22/19 08:17:18 PM,100.122,16.237,,-0.054,,,,
6070,10/22/19 08:17:38 PM,,,100.218,,,,,
6071,10/22/19 08:19:18 PM,100.134,16.237,,-0.053,,,,
6072,10/22/19 08:19:38 PM,,,100.218,,,,,
6073,10/22/19 08:21:18 PM,100.154,16.141,,-0.049,,,,
6074,10/22/19 08:21:38 PM,,,100.196,,,,,
6075,10/22/19 08:23:18 PM,100.174,16.046,,-0.048,,,,
6076,10/22/19 08:23:38 PM,,,100.214,,,,,
6077,10/22/19 08:25:18 PM,100.139,16.046,,-0.053,,,,
6078,10/22/19 08:25:38 PM,,,100.225,,,,,
6079,10/22/19 08:27:18 PM,100.159,15.951,,-0.050,,,,
6080,10/22/19 08:27:38 PM,,,100.214,,,,,
6081,10/22/19 08:29:18 PM,100.147,15.951,,-0.051,,,,
6082,10/22/19 08:29:38 PM,,,100.214,,,,,
6083,10/22/19 08:31:18 PM,100.156,15.855,,-0.051,,,,
6084,10/22/19 08:31:38 PM,,,100.225,,,,,
6085,10/22/19 08:33:18 PM,100.156,15.855,,-0.050,,,,
6086,10/22/19 08:33:38 PM,,,100.210,,,,,
6087,10/22/19 08:35:18 PM,100.176,15.760,,-0.048,,,,
6088,10/22/19 08:35:38 PM,,,100.221,,,,,
6089,10/22/19 08:37:18 PM,100.149,15.664,,-0.050,,,,
6090,10/22/19 08:37:38 PM,,,100.210,,,,,
6091,10/22/19 08:39:18 PM,100.161,15.664,,-0.049,,,,
6092,10/22/19 08:39:38 PM,,,100.210,,,,,
6093,10/22/19 08:41:18 PM,100.134,15.569,,-0.052,,,,
6094,10/22/19 08:41:38 PM,,,100.210,,,,,
6095,10/22/19 08:43:18 PM,100.146,15.569,,-0.050,,,,
6096,10/22/19 08:43:38 PM,,,100.210,,,,,
6097,10/22/19 08:45:18 PM,100.169,15.569,,-0.049,,,,
6098,10/22/19 08:45:38 PM,,,100.217,,,,,
6099,10/22/19 08:47:18 PM,100.178,15.473,,-0.048,,,,
6100,10/22/19 08:47:38 PM,,,100.217,,,,,
6101,10/22/19 08:49:18 PM,100.143,15.473,,-0.052,,,,
6102,10/22/19 08:49:38 PM,,,100.228,,,,,
6103,10/22/19 08:51:18 PM,100.139,15.378,,-0.051,,,,
6104,10/22/19 08:51:38 PM,,,100.206,,,,,
6105,10/22/19 08:53:18 PM,100.151,15.378,,-0.050,,,,
6106,10/22/19 08:53:38 PM,,,100.206,,,,,
6107,10/22/19 08:55:18 PM,100.159,15.282,,-0.050,,,,
6108,10/22/19 08:55:38 PM,,,100.217,,,,,
6109,10/22/19 08:57:18 PM,100.159,15.282,,-0.050,,,,
6110,10/22/19 08:57:38 PM,,,100.213,,,,,
6111,10/22/19 08:59:18 PM,100.159,15.282,,-0.049,,,,
6112,10/22/19 08:59:38 PM,,,100.213,,,,,
6113,10/22/19 09:01:18 PM,100.156,15.187,,-0.050,,,,
6114,10/22/19 09:01:38 PM,,,100.213,,,,,
6115,10/22/19 09:03:18 PM,100.156,15.187,,-0.051,,,,
6116,10/22/19 09:03:38 PM,,,100.224,,,,,
6117,10/22/19 09:05:18 PM,100.141,15.091,,-0.052,,,,
6118,10/22/19 09:05:38 PM,,,100.224,,,,,
6119,10/22/19 09:07:18 PM,100.165,15.091,,-0.048,,,,
6120,10/22/19 09:07:38 PM,,,100.199,,,,,
6121,10/22/19 09:09:18 PM,100.165,15.091,,-0.048,,,,
6122,10/22/19 09:09:38 PM,,,100.209,,,,,
6123,10/22/19 09:11:18 PM,100.161,14.996,,-0.050,,,,
6124,10/22/19 09:11:38 PM,,,100.220,,,,,
6125,10/22/19 09:13:18 PM,100.161,14.996,,-0.050,,,,
6126,10/22/19 09:13:38 PM,,,100.220,,,,,
6127,10/22/19 09:15:18 PM,100.170,14.900,,-0.049,,,,
6128,10/22/19 09:15:38 PM,,,100.220,,,,,
6129,10/22/19 09:17:18 PM,100.146,14.900,,-0.053,,,,
6130,10/22/19 09:17:38 PM,,,100.242,,,,,
6131,10/22/19 09:19:18 PM,100.158,14.900,,-0.051,,,,
6132,10/22/19 09:19:38 PM,,,100.227,,,,,
6133,10/22/19 09:21:18 PM,100.178,14.804,,-0.048,,,,
6134,10/22/19 09:21:38 PM,,,100.216,,,,,
6135,10/22/19 09:23:18 PM,100.152,14.709,,-0.050,,,,
6136,10/22/19 09:23:38 PM,,,100.216,,,,,
6137,10/22/19 09:25:18 PM,100.152,14.709,,-0.050,,,,
6138,10/22/19 09:25:38 PM,,,100.216,,,,,
6139,10/22/19 09:27:18 PM,100.172,14.613,,-0.048,,,,
6140,10/22/19 09:27:38 PM,,,100.216,,,,,
6141,10/22/19 09:29:18 PM,100.168,14.517,,-0.050,,,,
6142,10/22/19 09:29:38 PM,,,100.227,,,,,
6143,10/22/19 09:31:18 PM,100.157,14.517,,-0.050,,,,
6144,10/22/19 09:31:38 PM,,,100.213,,,,,
6145,10/22/19 09:33:18 PM,100.142,14.421,,-0.052,,,,
6146,10/22/19 09:33:38 PM,,,100.223,,,,,
6147,10/22/19 09:35:18 PM,100.142,14.421,,-0.051,,,,
6148,10/22/19 09:35:38 PM,,,100.213,,,,,
6149,10/22/19 09:37:18 PM,100.130,14.421,,-0.051,,,,
6150,10/22/19 09:37:38 PM,,,100.202,,,,,
6151,10/22/19 09:39:18 PM,100.115,14.325,,-0.054,,,,
6152,10/22/19 09:39:38 PM,,,100.213,,,,,
6153,10/22/19 09:41:18 PM,100.139,14.325,,-0.051,,,,
6154,10/22/19 09:41:38 PM,,,100.213,,,,,
6155,10/22/19 09:43:18 PM,100.147,14.230,,-0.051,,,,
6156,10/22/19 09:43:38 PM,,,100.213,,,,,
6157,10/22/19 09:45:18 PM,100.144,14.134,,-0.050,,,,
6158,10/22/19 09:45:38 PM,,,100.198,,,,,
6159,10/22/19 09:47:18 PM,100.155,14.134,,-0.049,,,,
6160,10/22/19 09:47:38 PM,,,100.209,,,,,
6161,10/22/19 09:49:18 PM,100.152,14.038,,-0.049,,,,
6162,10/22/19 09:49:38 PM,,,100.198,,,,,
6163,10/22/19 09:51:18 PM,100.140,14.038,,-0.049,,,,
6164,10/22/19 09:51:38 PM,,,100.187,,,,,
6165,10/22/19 09:53:18 PM,100.129,14.038,,-0.050,,,,
6166,10/22/19 09:53:38 PM,,,100.187,,,,,
6167,10/22/19 09:55:18 PM,100.114,13.942,,-0.052,,,,
6168,10/22/19 09:55:38 PM,,,100.198,,,,,
6169,10/22/19 09:57:18 PM,100.126,13.942,,-0.051,,,,
6170,10/22/19 09:57:38 PM,,,100.194,,,,,
6171,10/22/19 09:59:18 PM,100.134,13.846,,-0.051,,,,
6172,10/22/19 09:59:38 PM,,,100.205,,,,,
6173,10/22/19 10:01:18 PM,100.134,13.846,,-0.050,,,,
6174,10/22/19 10:01:38 PM,,,100.194,,,,,
6175,10/22/19 10:03:18 PM,100.122,13.846,,-0.052,,,,
6176,10/22/19 10:03:38 PM,,,100.205,,,,,
6177,10/22/19 10:05:18 PM,100.119,13.750,,-0.053,,,,
6178,10/22/19 10:05:38 PM,,,100.205,,,,,
6179,10/22/19 10:07:18 PM,100.131,13.750,,-0.051,,,,
6180,10/22/19 10:07:38 PM,,,100.205,,,,,
6181,10/22/19 10:09:18 PM,100.116,13.654,,-0.053,,,,
6182,10/22/19 10:09:38 PM,,,100.205,,,,,
6183,10/22/19 10:11:18 PM,100.116,13.654,,-0.053,,,,
6184,10/22/19 10:11:38 PM,,,100.205,,,,,
6185,10/22/19 10:13:18 PM,100.124,13.558,,-0.053,,,,
6186,10/22/19 10:13:38 PM,,,100.212,,,,,
6187,10/22/19 10:15:18 PM,100.113,13.558,,-0.053,,,,
6188,10/22/19 10:15:38 PM,,,100.201,,,,,
6189,10/22/19 10:17:18 PM,100.124,13.558,,-0.052,,,,
6190,10/22/19 10:17:38 PM,,,100.201,,,,,
6191,10/22/19 10:19:18 PM,100.136,13.558,,-0.050,,,,
6192,10/22/19 10:19:38 PM,,,100.190,,,,,
6193,10/22/19 10:21:18 PM,100.113,13.558,,-0.053,,,,
6194,10/22/19 10:21:38 PM,,,100.201,,,,,
6195,10/22/19 10:23:18 PM,100.113,13.558,,-0.053,,,,
6196,10/22/19 10:23:38 PM,,,100.201,,,,,
6197,10/22/19 10:25:18 PM,100.136,13.558,,-0.050,,,,
6198,10/22/19 10:25:38 PM,,,100.190,,,,,
6199,10/22/19 10:27:18 PM,100.116,13.654,,-0.051,,,,
6200,10/22/19 10:27:38 PM,,,100.190,,,,,
6201,10/22/19 10:29:18 PM,100.116,13.654,,-0.051,,,,
6202,10/22/19 10:29:38 PM,,,100.179,,,,,
6203,10/22/19 10:31:18 PM,100.104,13.654,,-0.053,,,,
6204,10/22/19 10:31:38 PM,,,100.197,,,,,
6205,10/22/19 10:33:18 PM,100.104,13.654,,-0.052,,,,
6206,10/22/19 10:33:38 PM,,,100.186,,,,,
6207,10/22/19 10:35:18 PM,100.116,13.654,,-0.051,,,,
6208,10/22/19 10:35:38 PM,,,100.186,,,,,
6209,10/22/19 10:37:18 PM,100.127,13.654,,-0.050,,,,
6210,10/22/19 10:37:38 PM,,,100.186,,,,,
6211,10/22/19 10:39:18 PM,100.116,13.654,,-0.051,,,,
6212,10/22/19 10:39:38 PM,,,100.186,,,,,
6213,10/22/19 10:41:18 PM,100.116,13.654,,-0.051,,,,
6214,10/22/19 10:41:38 PM,,,100.186,,,,,
6215,10/22/19 10:43:18 PM,100.104,13.654,,-0.053,,,,
6216,10/22/19 10:43:38 PM,,,100.197,,,,,
6217,10/22/19 10:45:18 PM,100.116,13.654,,-0.049,,,,
6218,10/22/19 10:45:38 PM,,,100.164,,,,,
6219,10/22/19 10:47:18 PM,100.116,13.654,,-0.050,,,,
6220,10/22/19 10:47:38 PM,,,100.175,,,,,
6221,10/22/19 10:49:18 PM,100.113,13.558,,-0.050,,,,
6222,10/22/19 10:49:38 PM,,,100.175,,,,,
6223,10/22/19 10:51:18 PM,100.127,13.654,,-0.049,,,,
6224,10/22/19 10:51:38 PM,,,100.171,,,,,
6225,10/22/19 10:53:18 PM,100.116,13.654,,-0.050,,,,
6226,10/22/19 10:53:38 PM,,,100.171,,,,,
6227,10/22/19 10:55:18 PM,100.116,13.654,,-0.050,,,,
6228,10/22/19 10:55:38 PM,,,100.171,,,,,
6229,10/22/19 10:57:18 PM,100.104,13.654,,-0.051,,,,
6230,10/22/19 10:57:38 PM,,,100.171,,,,,
6231,10/22/19 10:59:18 PM,100.127,13.654,,-0.047,,,,
6232,10/22/19 10:59:38 PM,,,100.150,,,,,
6233,10/22/19 11:01:18 PM,100.116,13.654,,-0.048,,,,
6234,10/22/19 11:01:38 PM,,,100.160,,,,,
6235,10/22/19 11:03:18 PM,100.101,13.558,,-0.050,,,,
6236,10/22/19 11:03:38 PM,,,100.160,,,,,
6237,10/22/19 11:05:18 PM,100.124,13.558,,-0.047,,,,
6238,10/22/19 11:05:38 PM,,,100.150,,,,,
6239,10/22/19 11:07:18 PM,100.113,13.558,,-0.049,,,,
6240,10/22/19 11:07:38 PM,,,100.160,,,,,
6241,10/22/19 11:09:18 PM,100.124,13.558,,-0.047,,,,
6242,10/22/19 11:09:38 PM,,,100.157,,,,,
6243,10/22/19 11:11:18 PM,100.109,13.461,,-0.049,,,,
6244,10/22/19 11:11:38 PM,,,100.157,,,,,
6245,10/22/19 11:13:18 PM,100.109,13.461,,-0.050,,,,
6246,10/22/19 11:13:38 PM,,,100.168,,,,,
6247,10/22/19 11:15:18 PM,100.109,13.461,,-0.050,,,,
6248,10/22/19 11:15:38 PM,,,100.168,,,,,
6249,10/22/19 11:17:18 PM,100.121,13.461,,-0.048,,,,
6250,10/22/19 11:17:38 PM,,,100.157,,,,,
6251,10/22/19 11:19:18 PM,100.109,13.461,,-0.049,,,,
6252,10/22/19 11:19:38 PM,,,100.157,,,,,
6253,10/22/19 11:21:18 PM,100.086,13.461,,-0.051,,,,
6254,10/22/19 11:21:38 PM,,,100.157,,,,,
6255,10/22/19 11:23:18 PM,100.109,13.461,,-0.048,,,,
6256,10/22/19 11:23:38 PM,,,100.146,,,,,
6257,10/22/19 11:25:18 PM,100.109,13.461,,-0.049,,,,
6258,10/22/19 11:25:38 PM,,,100.157,,,,,
6259,10/22/19 11:27:18 PM,100.098,13.461,,-0.051,,,,
6260,10/22/19 11:27:38 PM,,,100.168,,,,,
6261,10/22/19 11:29:18 PM,100.109,13.461,,-0.049,,,,
6262,10/22/19 11:29:38 PM,,,100.157,,,,,
6263,10/22/19 11:31:18 PM,100.121,13.461,,-0.049,,,,
6264,10/22/19 11:31:38 PM,,,100.178,,,,,
6265,10/22/19 11:33:18 PM,100.121,13.461,,-0.049,,,,
6266,10/22/19 11:33:38 PM,,,100.168,,,,,
6267,10/22/19 11:35:18 PM,100.118,13.365,,-0.050,,,,
6268,10/22/19 11:35:38 PM,,,100.178,,,,,
6269,10/22/19 11:37:18 PM,100.118,13.365,,-0.049,,,,
6270,10/22/19 11:37:38 PM,,,100.164,,,,,
6271,10/22/19 11:39:18 PM,100.129,13.365,,-0.048,,,,
6272,10/22/19 11:39:38 PM,,,100.175,,,,,
6273,10/22/19 11:41:18 PM,100.129,13.365,,-0.049,,,,
6274,10/22/19 11:41:38 PM,,,100.175,,,,,
6275,10/22/19 11:43:18 PM,100.129,13.365,,-0.049,,,,
6276,10/22/19 11:43:38 PM,,,100.175,,,,,
6277,10/22/19 11:45:18 PM,100.129,13.365,,-0.049,,,,
6278,10/22/19 11:45:38 PM,,,100.175,,,,,
6279,10/22/19 11:47:18 PM,100.129,13.365,,-0.049,,,,
6280,10/22/19 11:47:38 PM,,,100.175,,,,,
6281,10/22/19 11:49:18 PM,100.118,13.365,,-0.051,,,,
6282,10/22/19 11:49:38 PM,,,100.185,,,,,
6283,10/22/19 11:51:18 PM,100.114,13.269,,-0.050,,,,
6284,10/22/19 11:51:38 PM,,,100.175,,,,,
6285,10/22/19 11:53:18 PM,100.114,13.269,,-0.050,,,,
6286,10/22/19 11:53:38 PM,,,100.175,,,,,
6287,10/22/19 11:55:18 PM,100.126,13.269,,-0.049,,,,
6288,10/22/19 11:55:38 PM,,,100.175,,,,,
6289,10/22/19 11:57:18 PM,100.111,13.173,,-0.050,,,,
6290,10/22/19 11:57:38 PM,,,100.175,,,,,
6291,10/22/19 11:59:18 PM,100.134,13.173,,-0.049,,,,
6292,10/22/19 11:59:38 PM,,,100.185,,,,,
6293,10/23/19 12:01:18 AM,100.143,13.076,,-0.048,,,,
6294,10/23/19 12:01:38 AM,,,100.182,,,,,
6295,10/23/19 12:03:18 AM,100.131,13.076,,-0.049,,,,
6296,10/23/19 12:03:38 AM,,,100.182,,,,,
6297,10/23/19 12:05:18 AM,100.143,13.076,,-0.048,,,,
6298,10/23/19 12:05:38 AM,,,100.182,,,,,
6299,10/23/19 12:07:18 AM,100.116,12.980,,-0.050,,,,
6300,10/23/19 12:07:38 AM,,,100.171,,,,,
6301,10/23/19 12:09:18 AM,100.128,12.980,,-0.048,,,,
6302,10/23/19 12:09:38 AM,,,100.171,,,,,
6303,10/23/19 12:11:18 AM,100.128,12.980,,-0.050,,,,
6304,10/23/19 12:11:38 AM,,,100.192,,,,,
6305,10/23/19 12:13:18 AM,100.125,12.883,,-0.050,,,,
6306,10/23/19 12:13:38 AM,,,100.182,,,,,
6307,10/23/19 12:15:18 AM,100.136,12.883,,-0.049,,,,
6308,10/23/19 12:15:38 AM,,,100.192,,,,,
6309,10/23/19 12:17:18 AM,100.136,12.883,,-0.050,,,,
6310,10/23/19 12:17:38 AM,,,100.192,,,,,
6311,10/23/19 12:19:18 AM,100.125,12.883,,-0.049,,,,
6312,10/23/19 12:19:38 AM,,,100.167,,,,,
6313,10/23/19 12:21:18 AM,100.133,12.787,,-0.047,,,,
6314,10/23/19 12:21:38 AM,,,100.167,,,,,
6315,10/23/19 12:23:18 AM,100.121,12.787,,-0.050,,,,
6316,10/23/19 12:23:38 AM,,,100.178,,,,,
6317,10/23/19 12:25:18 AM,100.133,12.787,,-0.048,,,,
6318,10/23/19 12:25:38 AM,,,100.167,,,,,
6319,10/23/19 12:27:18 AM,100.130,12.690,,-0.048,,,,
6320,10/23/19 12:27:38 AM,,,100.167,,,,,
6321,10/23/19 12:29:18 AM,100.118,12.690,,-0.049,,,,
6322,10/23/19 12:29:38 AM,,,100.167,,,,,
6323,10/23/19 12:31:18 AM,100.118,12.690,,-0.049,,,,
6324,10/23/19 12:31:38 AM,,,100.167,,,,,
6325,10/23/19 12:33:18 AM,100.127,12.594,,-0.048,,,,
6326,10/23/19 12:33:38 AM,,,100.167,,,,,
6327,10/23/19 12:35:18 AM,100.103,12.594,,-0.050,,,,
6328,10/23/19 12:35:38 AM,,,100.156,,,,,
6329,10/23/19 12:37:18 AM,100.100,12.497,,-0.049,,,,
6330,10/23/19 12:37:38 AM,,,100.152,,,,,
6331,10/23/19 12:39:18 AM,100.100,12.497,,-0.050,,,,
6332,10/23/19 12:39:38 AM,,,100.163,,,,,
6333,10/23/19 12:41:18 AM,100.100,12.497,,-0.049,,,,
6334,10/23/19 12:41:38 AM,,,100.141,,,,,
6335,10/23/19 12:43:18 AM,100.112,12.497,,-0.047,,,,
6336,10/23/19 12:43:38 AM,,,100.141,,,,,
6337,10/23/19 12:45:18 AM,100.097,12.401,,-0.049,,,,
6338,10/23/19 12:45:38 AM,,,100.152,,,,,
6339,10/23/19 12:47:18 AM,100.108,12.401,,-0.048,,,,
6340,10/23/19 12:47:38 AM,,,100.152,,,,,
6341,10/23/19 12:49:18 AM,100.094,12.304,,-0.049,,,,
6342,10/23/19 12:49:38 AM,,,100.141,,,,,
6343,10/23/19 12:51:18 AM,100.094,12.304,,-0.048,,,,
6344,10/23/19 12:51:38 AM,,,100.130,,,,,
6345,10/23/19 12:53:18 AM,100.094,12.304,,-0.049,,,,
6346,10/23/19 12:53:38 AM,,,100.141,,,,,
6347,10/23/19 12:55:18 AM,100.082,12.304,,-0.050,,,,
6348,10/23/19 12:55:38 AM,,,100.137,,,,,
6349,10/23/19 12:57:18 AM,100.105,12.304,,-0.047,,,,
6350,10/23/19 12:57:38 AM,,,100.137,,,,,
6351,10/23/19 12:59:18 AM,100.094,12.304,,-0.049,,,,
6352,10/23/19 12:59:38 AM,,,100.148,,,,,
6353,10/23/19 01:01:18 AM,100.105,12.304,,-0.048,,,,
6354,10/23/19 01:01:38 AM,,,100.148,,,,,
6355,10/23/19 01:03:18 AM,100.082,12.304,,-0.051,,,,
6356,10/23/19 01:03:38 AM,,,100.148,,,,,
6357,10/23/19 01:05:18 AM,100.094,12.304,,-0.049,,,,
6358,10/23/19 01:05:38 AM,,,100.148,,,,,
6359,10/23/19 01:07:18 AM,100.090,12.207,,-0.050,,,,
6360,10/23/19 01:07:38 AM,,,100.148,,,,,
6361,10/23/19 01:09:18 AM,100.067,12.207,,-0.052,,,,
6362,10/23/19 01:09:38 AM,,,100.148,,,,,
6363,10/23/19 01:11:18 AM,100.090,12.207,,-0.049,,,,
6364,10/23/19 01:11:38 AM,,,100.137,,,,,
6365,10/23/19 01:13:18 AM,100.102,12.207,,-0.048,,,,
6366,10/23/19 01:13:38 AM,,,100.144,,,,,
6367,10/23/19 01:15:18 AM,100.079,12.207,,-0.051,,,,
6368,10/23/19 01:15:38 AM,,,100.144,,,,,
6369,10/23/19 01:17:18 AM,100.090,12.207,,-0.049,,,,
6370,10/23/19 01:17:38 AM,,,100.144,,,,,
6371,10/23/19 01:19:18 AM,100.079,12.207,,-0.051,,,,
6372,10/23/19 01:19:38 AM,,,100.144,,,,,
6373,10/23/19 01:21:18 AM,100.102,12.207,,-0.047,,,,
6374,10/23/19 01:21:38 AM,,,100.133,,,,,
6375,10/23/19 01:23:18 AM,100.099,12.110,,-0.049,,,,
6376,10/23/19 01:23:38 AM,,,100.155,,,,,
6377,10/23/19 01:25:18 AM,100.087,12.110,,-0.050,,,,
6378,10/23/19 01:25:38 AM,,,100.144,,,,,
6379,10/23/19 01:27:18 AM,100.099,12.110,,-0.048,,,,
6380,10/23/19 01:27:38 AM,,,100.133,,,,,
6381,10/23/19 01:29:18 AM,100.075,12.110,,-0.050,,,,
6382,10/23/19 01:29:38 AM,,,100.133,,,,,
6383,10/23/19 01:31:18 AM,100.099,12.110,,-0.048,,,,
6384,10/23/19 01:31:38 AM,,,100.144,,,,,
6385,10/23/19 01:33:18 AM,100.087,12.110,,-0.051,,,,
6386,10/23/19 01:33:38 AM,,,100.155,,,,,
6387,10/23/19 01:35:18 AM,100.110,12.110,,-0.048,,,,
6388,10/23/19 01:35:38 AM,,,100.144,,,,,
6389,10/23/19 01:37:18 AM,100.110,12.110,,-0.049,,,,
6390,10/23/19 01:37:38 AM,,,100.162,,,,,
6391,10/23/19 01:39:18 AM,100.122,12.110,,-0.048,,,,
6392,10/23/19 01:39:38 AM,,,100.162,,,,,
6393,10/23/19 01:41:18 AM,100.122,12.110,,-0.049,,,,
6394,10/23/19 01:41:38 AM,,,100.173,,,,,
6395,10/23/19 01:43:18 AM,100.122,12.110,,-0.047,,,,
6396,10/23/19 01:43:38 AM,,,100.151,,,,,
6397,10/23/19 01:45:18 AM,100.099,12.110,,-0.049,,,,
6398,10/23/19 01:45:38 AM,,,100.151,,,,,
6399,10/23/19 01:47:18 AM,100.087,12.110,,-0.051,,,,
6400,10/23/19 01:47:38 AM,,,100.162,,,,,
6401,10/23/19 01:49:18 AM,100.125,12.207,,-0.047,,,,
6402,10/23/19 01:49:38 AM,,,100.151,,,,,
6403,10/23/19 01:51:18 AM,100.114,12.207,,-0.048,,,,
6404,10/23/19 01:51:38 AM,,,100.151,,,,,
6405,10/23/19 01:53:18 AM,100.117,12.304,,-0.049,,,,
6406,10/23/19 01:53:38 AM,,,100.173,,,,,
6407,10/23/19 01:55:18 AM,100.105,12.304,,-0.051,,,,
6408,10/23/19 01:55:38 AM,,,100.169,,,,,
6409,10/23/19 01:57:18 AM,100.120,12.401,,-0.048,,,,
6410,10/23/19 01:57:38 AM,,,100.158,,,,,
6411,10/23/19 01:59:18 AM,100.108,12.401,,-0.049,,,,
6412,10/23/19 01:59:38 AM,,,100.158,,,,,
6413,10/23/19 02:01:18 AM,100.112,12.497,,-0.049,,,,
6414,10/23/19 02:01:38 AM,,,100.158,,,,,
6415,10/23/19 02:03:18 AM,100.112,12.497,,-0.048,,,,
6416,10/23/19 02:03:38 AM,,,100.147,,,,,
6417,10/23/19 02:05:18 AM,100.115,12.594,,-0.049,,,,
6418,10/23/19 02:05:38 AM,,,100.169,,,,,
6419,10/23/19 02:07:18 AM,100.103,12.594,,-0.051,,,,
6420,10/23/19 02:07:38 AM,,,100.169,,,,,
6421,10/23/19 02:09:18 AM,100.107,12.690,,-0.049,,,,
6422,10/23/19 02:09:38 AM,,,100.158,,,,,
6423,10/23/19 02:11:18 AM,100.130,12.690,,-0.048,,,,
6424,10/23/19 02:11:38 AM,,,100.169,,,,,
6425,10/23/19 02:13:18 AM,100.107,12.690,,-0.049,,,,
6426,10/23/19 02:13:38 AM,,,100.158,,,,,
6427,10/23/19 02:15:18 AM,100.095,12.690,,-0.049,,,,
6428,10/23/19 02:15:38 AM,,,100.147,,,,,
6429,10/23/19 02:17:18 AM,100.095,12.690,,-0.049,,,,
6430,10/23/19 02:17:38 AM,,,100.147,,,,,
6431,10/23/19 02:19:18 AM,100.083,12.690,,-0.050,,,,
6432,10/23/19 02:19:38 AM,,,100.147,,,,,
6433,10/23/19 02:21:18 AM,100.098,12.787,,-0.049,,,,
6434,10/23/19 02:21:38 AM,,,100.147,,,,,
6435,10/23/19 02:23:18 AM,100.098,12.787,,-0.049,,,,
6436,10/23/19 02:23:38 AM,,,100.147,,,,,
6437,10/23/19 02:25:18 AM,100.086,12.787,,-0.050,,,,
6438,10/23/19 02:25:38 AM,,,100.147,,,,,
6439,10/23/19 02:27:18 AM,100.098,12.787,,-0.048,,,,
6440,10/23/19 02:27:38 AM,,,100.137,,,,,
6441,10/23/19 02:29:18 AM,100.090,12.883,,-0.049,,,,
6442,10/23/19 02:29:38 AM,,,100.137,,,,,
6443,10/23/19 02:31:18 AM,100.101,12.883,,-0.048,,,,
6444,10/23/19 02:31:38 AM,,,100.137,,,,,
6445,10/23/19 02:33:18 AM,100.101,12.883,,-0.048,,,,
6446,10/23/19 02:33:38 AM,,,100.147,,,,,
6447,10/23/19 02:35:18 AM,100.113,12.883,,-0.047,,,,
6448,10/23/19 02:35:38 AM,,,100.147,,,,,
6449,10/23/19 02:37:18 AM,100.090,12.883,,-0.050,,,,
6450,10/23/19 02:37:38 AM,,,100.147,,,,,
6451,10/23/19 02:39:18 AM,100.101,12.883,,-0.049,,,,
6452,10/23/19 02:39:38 AM,,,100.147,,,,,
6453,10/23/19 02:41:18 AM,100.121,12.787,,-0.047,,,,
6454,10/23/19 02:41:38 AM,,,100.147,,,,,
6455,10/23/19 02:43:18 AM,100.098,12.787,,-0.049,,,,
6456,10/23/19 02:43:38 AM,,,100.147,,,,,
6457,10/23/19 02:45:18 AM,100.133,12.787,,-0.046,,,,
6458,10/23/19 02:45:38 AM,,,100.158,,,,,
6459,10/23/19 02:47:18 AM,100.110,12.787,,-0.048,,,,
6460,10/23/19 02:47:38 AM,,,100.147,,,,,
6461,10/23/19 02:49:18 AM,100.118,12.690,,-0.047,,,,
6462,10/23/19 02:49:38 AM,,,100.147,,,,,
6463,10/23/19 02:51:18 AM,100.107,12.690,,-0.048,,,,
6464,10/23/19 02:51:38 AM,,,100.147,,,,,
6465,10/23/19 02:53:18 AM,100.118,12.690,,-0.047,,,,
6466,10/23/19 02:53:38 AM,,,100.147,,,,,
6467,10/23/19 02:55:18 AM,100.103,12.594,,-0.048,,,,
6468,10/23/19 02:55:38 AM,,,100.147,,,,,
6469,10/23/19 02:57:18 AM,100.115,12.594,,-0.048,,,,
6470,10/23/19 02:57:38 AM,,,100.158,,,,,
6471,10/23/19 02:59:18 AM,100.103,12.594,,-0.050,,,,
6472,10/23/19 02:59:38 AM,,,100.158,,,,,
6473,10/23/19 03:01:18 AM,100.112,12.497,,-0.049,,,,
6474,10/23/19 03:01:38 AM,,,100.158,,,,,
6475,10/23/19 03:03:18 AM,100.100,12.497,,-0.049,,,,
6476,10/23/19 03:03:38 AM,,,100.147,,,,,
6477,10/23/19 03:05:18 AM,100.132,12.401,,-0.047,,,,
6478,10/23/19 03:05:38 AM,,,100.169,,,,,
6479,10/23/19 03:07:18 AM,100.120,12.401,,-0.048,,,,
6480,10/23/19 03:07:38 AM,,,100.158,,,,,
6481,10/23/19 03:09:18 AM,100.128,12.304,,-0.047,,,,
6482,10/23/19 03:09:38 AM,,,100.158,,,,,
6483,10/23/19 03:11:18 AM,100.117,12.304,,-0.048,,,,
6484,10/23/19 03:11:38 AM,,,100.158,,,,,
6485,10/23/19 03:13:18 AM,100.128,12.304,,-0.046,,,,
6486,10/23/19 03:13:38 AM,,,100.144,,,,,
6487,10/23/19 03:15:18 AM,100.125,12.207,,-0.047,,,,
6488,10/23/19 03:15:38 AM,,,100.154,,,,,
6489,10/23/19 03:17:18 AM,100.114,12.207,,-0.047,,,,
6490,10/23/19 03:17:38 AM,,,100.144,,,,,
6491,10/23/19 03:19:18 AM,100.114,12.207,,-0.047,,,,
6492,10/23/19 03:19:38 AM,,,100.144,,,,,
6493,10/23/19 03:21:18 AM,100.090,12.207,,-0.050,,,,
6494,10/23/19 03:21:38 AM,,,100.154,,,,,
6495,10/23/19 03:23:18 AM,100.122,12.110,,-0.047,,,,
6496,10/23/19 03:23:38 AM,,,100.154,,,,,
6497,10/23/19 03:25:18 AM,100.134,12.110,,-0.046,,,,
6498,10/23/19 03:25:38 AM,,,100.154,,,,,
6499,10/23/19 03:27:18 AM,100.110,12.110,,-0.049,,,,
6500,10/23/19 03:27:38 AM,,,100.165,,,,,
6501,10/23/19 03:29:18 AM,100.130,12.013,,-0.048,,,,
6502,10/23/19 03:29:38 AM,,,100.165,,,,,
6503,10/23/19 03:31:18 AM,100.130,12.013,,-0.047,,,,
6504,10/23/19 03:31:38 AM,,,100.154,,,,,
6505,10/23/19 03:33:18 AM,100.127,11.916,,-0.048,,,,
6506,10/23/19 03:33:38 AM,,,100.165,,,,,
6507,10/23/19 03:35:18 AM,100.150,11.916,,-0.045,,,,
6508,10/23/19 03:35:38 AM,,,100.165,,,,,
6509,10/23/19 03:37:18 AM,100.124,11.819,,-0.048,,,,
6510,10/23/19 03:37:38 AM,,,100.165,,,,,
6511,10/23/19 03:39:18 AM,100.124,11.819,,-0.048,,,,
6512,10/23/19 03:39:38 AM,,,100.165,,,,,
6513,10/23/19 03:41:18 AM,100.132,11.722,,-0.047,,,,
6514,10/23/19 03:41:38 AM,,,100.165,,,,,
6515,10/23/19 03:43:18 AM,100.144,11.722,,-0.047,,,,
6516,10/23/19 03:43:38 AM,,,100.176,,,,,
6517,10/23/19 03:45:18 AM,100.121,11.722,,-0.049,,,,
6518,10/23/19 03:45:38 AM,,,100.172,,,,,
6519,10/23/19 03:47:18 AM,100.132,11.722,,-0.048,,,,
6520,10/23/19 03:47:38 AM,,,100.172,,,,,
6521,10/23/19 03:49:18 AM,100.132,11.722,,-0.048,,,,
6522,10/23/19 03:49:38 AM,,,100.172,,,,,
6523,10/23/19 03:51:18 AM,100.144,11.722,,-0.047,,,,
6524,10/23/19 03:51:38 AM,,,100.172,,,,,
6525,10/23/19 03:53:18 AM,100.141,11.625,,-0.048,,,,
6526,10/23/19 03:53:38 AM,,,100.183,,,,,
6527,10/23/19 03:55:18 AM,100.152,11.625,,-0.045,,,,
6528,10/23/19 03:55:38 AM,,,100.162,,,,,
6529,10/23/19 03:57:18 AM,100.141,11.625,,-0.047,,,,
6530,10/23/19 03:57:38 AM,,,100.172,,,,,
6531,10/23/19 03:59:18 AM,100.152,11.625,,-0.046,,,,
6532,10/23/19 03:59:38 AM,,,100.172,,,,,
6533,10/23/19 04:01:18 AM,100.164,11.625,,-0.045,,,,
6534,10/23/19 04:01:38 AM,,,100.172,,,,,
6535,10/23/19 04:03:18 AM,100.137,11.528,,-0.048,,,,
6536,10/23/19 04:03:38 AM,,,100.172,,,,,
6537,10/23/19 04:05:18 AM,100.149,11.528,,-0.046,,,,
6538,10/23/19 04:05:38 AM,,,100.169,,,,,
6539,10/23/19 04:07:18 AM,100.126,11.528,,-0.048,,,,
6540,10/23/19 04:07:38 AM,,,100.169,,,,,
6541,10/23/19 04:09:18 AM,100.126,11.528,,-0.050,,,,
6542,10/23/19 04:09:38 AM,,,100.190,,,,,
6543,10/23/19 04:11:18 AM,100.149,11.528,,-0.047,,,,
6544,10/23/19 04:11:38 AM,,,100.179,,,,,
6545,10/23/19 04:13:18 AM,100.149,11.528,,-0.048,,,,
6546,10/23/19 04:13:38 AM,,,100.190,,,,,
6547,10/23/19 04:15:18 AM,100.137,11.528,,-0.048,,,,
6548,10/23/19 04:15:38 AM,,,100.179,,,,,
6549,10/23/19 04:17:18 AM,100.146,11.431,,-0.048,,,,
6550,10/23/19 04:17:38 AM,,,100.190,,,,,
6551,10/23/19 04:19:18 AM,100.146,11.431,,-0.047,,,,
6552,10/23/19 04:19:38 AM,,,100.179,,,,,
6553,10/23/19 04:21:18 AM,100.146,11.431,,-0.047,,,,
6554,10/23/19 04:21:38 AM,,,100.179,,,,,
6555,10/23/19 04:23:18 AM,100.146,11.431,,-0.048,,,,
6556,10/23/19 04:23:38 AM,,,100.190,,,,,
6557,10/23/19 04:25:18 AM,100.134,11.431,,-0.049,,,,
6558,10/23/19 04:25:38 AM,,,100.179,,,,,
6559,10/23/19 04:27:18 AM,100.157,11.431,,-0.046,,,,
6560,10/23/19 04:27:38 AM,,,100.179,,,,,
6561,10/23/19 04:29:18 AM,100.146,11.431,,-0.048,,,,
6562,10/23/19 04:29:38 AM,,,100.190,,,,,
6563,10/23/19 04:31:18 AM,100.154,11.334,,-0.046,,,,
6564,10/23/19 04:31:38 AM,,,100.176,,,,,
6565,10/23/19 04:33:18 AM,100.154,11.334,,-0.046,,,,
6566,10/23/19 04:33:38 AM,,,100.176,,,,,
6567,10/23/19 04:35:18 AM,100.154,11.334,,-0.046,,,,
6568,10/23/19 04:35:38 AM,,,100.176,,,,,
6569,10/23/19 04:37:18 AM,100.131,11.334,,-0.049,,,,
6570,10/23/19 04:37:38 AM,,,100.176,,,,,
6571,10/23/19 04:39:18 AM,100.154,11.334,,-0.047,,,,
6572,10/23/19 04:39:38 AM,,,100.186,,,,,
6573,10/23/19 04:41:18 AM,100.139,11.236,,-0.049,,,,
6574,10/23/19 04:41:38 AM,,,100.186,,,,,
6575,10/23/19 04:43:18 AM,100.174,11.236,,-0.045,,,,
6576,10/23/19 04:43:38 AM,,,100.186,,,,,
6577,10/23/19 04:45:18 AM,100.163,11.236,,-0.045,,,,
6578,10/23/19 04:45:38 AM,,,100.176,,,,,
6579,10/23/19 04:47:18 AM,100.151,11.236,,-0.047,,,,
6580,10/23/19 04:47:38 AM,,,100.186,,,,,
6581,10/23/19 04:49:18 AM,100.151,11.236,,-0.048,,,,
6582,10/23/19 04:49:38 AM,,,100.197,,,,,
6583,10/23/19 04:51:18 AM,100.163,11.236,,-0.047,,,,
6584,10/23/19 04:51:38 AM,,,100.197,,,,,
6585,10/23/19 04:53:18 AM,100.174,11.236,,-0.047,,,,
6586,10/23/19 04:53:38 AM,,,100.204,,,,,
6587,10/23/19 04:55:18 AM,100.136,11.139,,-0.051,,,,
6588,10/23/19 04:55:38 AM,,,100.204,,,,,
6589,10/23/19 04:57:18 AM,100.183,11.139,,-0.045,,,,
6590,10/23/19 04:57:38 AM,,,100.193,,,,,
6591,10/23/19 04:59:18 AM,100.159,11.139,,-0.049,,,,
6592,10/23/19 04:59:38 AM,,,100.215,,,,,
6593,10/23/19 05:01:18 AM,100.171,11.139,,-0.047,,,,
6594,10/23/19 05:01:38 AM,,,100.204,,,,,
6595,10/23/19 05:03:18 AM,100.183,11.139,,-0.047,,,,
6596,10/23/19 05:03:38 AM,,,100.215,,,,,
6597,10/23/19 05:05:18 AM,100.168,11.041,,-0.049,,,,
6598,10/23/19 05:05:38 AM,,,100.215,,,,,
6599,10/23/19 05:07:18 AM,100.191,11.041,,-0.046,,,,
6600,10/23/19 05:07:38 AM,,,100.215,,,,,
6601,10/23/19 05:09:18 AM,100.179,11.041,,-0.048,,,,
6602,10/23/19 05:09:38 AM,,,100.215,,,,,
6603,10/23/19 05:11:18 AM,100.168,11.041,,-0.049,,,,
6604,10/23/19 05:11:38 AM,,,100.215,,,,,
6605,10/23/19 05:13:18 AM,100.179,11.041,,-0.048,,,,
6606,10/23/19 05:13:38 AM,,,100.215,,,,,
6607,10/23/19 05:15:18 AM,100.203,11.041,,-0.044,,,,
6608,10/23/19 05:15:38 AM,,,100.204,,,,,
6609,10/23/19 05:17:18 AM,100.188,10.944,,-0.046,,,,
6610,10/23/19 05:17:38 AM,,,100.211,,,,,
6611,10/23/19 05:19:18 AM,100.199,10.944,,-0.046,,,,
6612,10/23/19 05:19:38 AM,,,100.222,,,,,
6613,10/23/19 05:21:18 AM,100.199,10.944,,-0.045,,,,
6614,10/23/19 05:21:38 AM,,,100.211,,,,,
6615,10/23/19 05:23:18 AM,100.184,10.846,,-0.047,,,,
6616,10/23/19 05:23:38 AM,,,100.211,,,,,
6617,10/23/19 05:25:18 AM,100.184,10.846,,-0.048,,,,
6618,10/23/19 05:25:38 AM,,,100.222,,,,,
6619,10/23/19 05:27:18 AM,100.184,10.846,,-0.047,,,,
6620,10/23/19 05:27:38 AM,,,100.211,,,,,
6621,10/23/19 05:29:18 AM,100.184,10.846,,-0.048,,,,
6622,10/23/19 05:29:38 AM,,,100.222,,,,,
6623,10/23/19 05:31:18 AM,100.161,10.846,,-0.050,,,,
6624,10/23/19 05:31:38 AM,,,100.222,,,,,
6625,10/23/19 05:33:18 AM,100.208,10.846,,-0.045,,,,
6626,10/23/19 05:33:38 AM,,,100.222,,,,,
6627,10/23/19 05:35:18 AM,100.173,10.846,,-0.049,,,,
6628,10/23/19 05:35:38 AM,,,100.222,,,,,
6629,10/23/19 05:37:18 AM,100.184,10.846,,-0.049,,,,
6630,10/23/19 05:37:38 AM,,,100.233,,,,,
6631,10/23/19 05:39:18 AM,100.173,10.846,,-0.048,,,,
6632,10/23/19 05:39:38 AM,,,100.211,,,,,
6633,10/23/19 05:41:18 AM,100.184,10.846,,-0.049,,,,
6634,10/23/19 05:41:38 AM,,,100.233,,,,,
6635,10/23/19 05:43:18 AM,100.188,10.944,,-0.047,,,,
6636,10/23/19 05:43:38 AM,,,100.218,,,,,
6637,10/23/19 05:45:18 AM,100.188,10.944,,-0.047,,,,
6638,10/23/19 05:45:38 AM,,,100.218,,,,,
6639,10/23/19 05:47:18 AM,100.211,10.944,,-0.046,,,,
6640,10/23/19 05:47:38 AM,,,100.229,,,,,
6641,10/23/19 05:49:18 AM,100.208,10.846,,-0.047,,,,
6642,10/23/19 05:49:38 AM,,,100.240,,,,,
6643,10/23/19 05:51:18 AM,100.219,10.846,,-0.046,,,,
6644,10/23/19 05:51:38 AM,,,100.240,,,,,
6645,10/23/19 05:53:18 AM,100.196,10.846,,-0.048,,,,
6646,10/23/19 05:53:38 AM,,,100.240,,,,,
6647,10/23/19 05:55:18 AM,100.196,10.846,,-0.047,,,,
6648,10/23/19 05:55:38 AM,,,100.229,,,,,
6649,10/23/19 05:57:18 AM,100.199,10.944,,-0.048,,,,
6650,10/23/19 05:57:38 AM,,,100.240,,,,,
6651,10/23/19 05:59:18 AM,100.199,10.944,,-0.047,,,,
6652,10/23/19 05:59:38 AM,,,100.229,,,,,
6653,10/23/19 06:01:18 AM,100.199,10.944,,-0.047,,,,
6654,10/23/19 06:01:38 AM,,,100.229,,,,,
6655,10/23/19 06:03:18 AM,100.188,10.944,,-0.049,,,,
6656,10/23/19 06:03:38 AM,,,100.240,,,,,
6657,10/23/19 06:05:18 AM,100.188,10.944,,-0.048,,,,
6658,10/23/19 06:05:38 AM,,,100.229,,,,,
6659,10/23/19 06:07:18 AM,100.199,10.944,,-0.048,,,,
6660,10/23/19 06:07:38 AM,,,100.240,,,,,
6661,10/23/19 06:09:18 AM,100.196,10.846,,-0.048,,,,
6662,10/23/19 06:09:38 AM,,,100.240,,,,,
6663,10/23/19 06:11:18 AM,100.208,10.846,,-0.047,,,,
6664,10/23/19 06:11:38 AM,,,100.240,,,,,
6665,10/23/19 06:13:18 AM,100.196,10.846,,-0.048,,,,
6666,10/23/19 06:13:38 AM,,,100.236,,,,,
6667,10/23/19 06:15:18 AM,100.196,10.846,,-0.048,,,,
6668,10/23/19 06:15:38 AM,,,100.236,,,,,
6669,10/23/19 06:17:18 AM,100.231,10.846,,-0.045,,,,
6670,10/23/19 06:17:38 AM,,,100.247,,,,,
6671,10/23/19 06:19:18 AM,100.231,10.846,,-0.047,,,,
6672,10/23/19 06:19:38 AM,,,100.269,,,,,
6673,10/23/19 06:21:18 AM,100.211,10.944,,-0.050,,,,
6674,10/23/19 06:21:38 AM,,,100.269,,,,,
6675,10/23/19 06:23:18 AM,100.234,10.944,,-0.047,,,,
6676,10/23/19 06:23:38 AM,,,100.258,,,,,
6677,10/23/19 06:25:18 AM,100.223,10.944,,-0.047,,,,
6678,10/23/19 06:25:38 AM,,,100.247,,,,,
6679,10/23/19 06:27:18 AM,100.223,10.944,,-0.048,,,,
6680,10/23/19 06:27:38 AM,,,100.269,,,,,
6681,10/23/19 06:29:18 AM,100.234,10.944,,-0.048,,,,
6682,10/23/19 06:29:38 AM,,,100.269,,,,,
6683,10/23/19 06:31:18 AM,100.246,10.944,,-0.046,,,,
6684,10/23/19 06:31:38 AM,,,100.269,,,,,
6685,10/23/19 06:33:18 AM,100.226,11.041,,-0.050,,,,
6686,10/23/19 06:33:38 AM,,,100.291,,,,,
6687,10/23/19 06:35:18 AM,100.249,11.041,,-0.046,,,,
6688,10/23/19 06:35:38 AM,,,100.269,,,,,
6689,10/23/19 06:37:18 AM,100.226,11.041,,-0.049,,,,
6690,10/23/19 06:37:38 AM,,,100.276,,,,,
6691,10/23/19 06:39:18 AM,100.249,11.041,,-0.048,,,,
6692,10/23/19 06:39:38 AM,,,100.287,,,,,
6693,10/23/19 06:41:18 AM,100.238,11.041,,-0.049,,,,
6694,10/23/19 06:41:38 AM,,,100.287,,,,,
6695,10/23/19 06:43:18 AM,100.253,11.139,,-0.047,,,,
6696,10/23/19 06:43:38 AM,,,100.287,,,,,
6697,10/23/19 06:45:18 AM,100.253,11.139,,-0.048,,,,
6698,10/23/19 06:45:38 AM,,,100.298,,,,,
6699,10/23/19 06:47:18 AM,100.241,11.139,,-0.049,,,,
6700,10/23/19 06:47:38 AM,,,100.287,,,,,
6701,10/23/19 06:49:18 AM,100.267,11.236,,-0.047,,,,
6702,10/23/19 06:49:38 AM,,,100.298,,,,,
6703,10/23/19 06:51:18 AM,100.279,11.236,,-0.045,,,,
6704,10/23/19 06:51:38 AM,,,100.287,,,,,
6705,10/23/19 06:53:18 AM,100.306,11.334,,-0.044,,,,
6706,10/23/19 06:53:38 AM,,,100.305,,,,,
6707,10/23/19 06:55:18 AM,100.271,11.334,,-0.046,,,,
6708,10/23/19 06:55:38 AM,,,100.294,,,,,
6709,10/23/19 06:57:18 AM,100.294,11.334,,-0.045,,,,
6710,10/23/19 06:57:38 AM,,,100.305,,,,,
6711,10/23/19 06:59:18 AM,100.297,11.431,,-0.046,,,,
6712,10/23/19 06:59:38 AM,,,100.316,,,,,
6713,10/23/19 07:01:18 AM,100.274,11.431,,-0.047,,,,
6714,10/23/19 07:01:38 AM,,,100.305,,,,,
6715,10/23/19 07:03:18 AM,100.277,11.528,,-0.049,,,,
6716,10/23/19 07:03:38 AM,,,100.327,,,,,
6717,10/23/19 07:05:18 AM,100.277,11.528,,-0.047,,,,
6718,10/23/19 07:05:38 AM,,,100.305,,,,,
6719,10/23/19 07:07:18 AM,100.292,11.625,,-0.046,,,,
6720,10/23/19 07:07:38 AM,,,100.316,,,,,
6721,10/23/19 07:09:18 AM,100.292,11.625,,-0.047,,,,
6722,10/23/19 07:09:38 AM,,,100.327,,,,,
6723,10/23/19 07:11:18 AM,100.307,11.722,,-0.045,,,,
6724,10/23/19 07:11:38 AM,,,100.316,,,,,
6725,10/23/19 07:13:18 AM,100.284,11.722,,-0.047,,,,
6726,10/23/19 07:13:38 AM,,,100.312,,,,,
6727,10/23/19 07:15:18 AM,100.295,11.722,,-0.046,,,,
6728,10/23/19 07:15:38 AM,,,100.312,,,,,
6729,10/23/19 07:17:18 AM,100.310,11.819,,-0.045,,,,
6730,10/23/19 07:17:38 AM,,,100.319,,,,,
6731,10/23/19 07:19:18 AM,100.314,11.916,,-0.045,,,,
6732,10/23/19 07:19:38 AM,,,100.330,,,,,
6733,10/23/19 07:21:18 AM,100.302,11.916,,-0.047,,,,
6734,10/23/19 07:21:38 AM,,,100.330,,,,,
6735,10/23/19 07:23:18 AM,100.305,12.013,,-0.046,,,,
6736,10/23/19 07:23:38 AM,,,100.326,,,,,
6737,10/23/19 07:25:18 AM,100.294,12.013,,-0.048,,,,
6738,10/23/19 07:25:38 AM,,,100.337,,,,,
6739,10/23/19 07:27:18 AM,100.297,12.110,,-0.048,,,,
6740,10/23/19 07:27:38 AM,,,100.337,,,,,
6741,10/23/19 07:29:18 AM,100.300,12.207,,-0.047,,,,
6742,10/23/19 07:29:38 AM,,,100.333,,,,,
6743,10/23/19 07:31:18 AM,100.300,12.207,,-0.047,,,,
6744,10/23/19 07:31:38 AM,,,100.333,,,,,
6745,10/23/19 07:33:18 AM,100.315,12.304,,-0.046,,,,
6746,10/23/19 07:33:38 AM,,,100.333,,,,,
6747,10/23/19 07:35:18 AM,100.307,12.401,,-0.046,,,,
6748,10/23/19 07:35:38 AM,,,100.322,,,,,
6749,10/23/19 07:37:18 AM,100.295,12.401,,-0.048,,,,
6750,10/23/19 07:37:38 AM,,,100.333,,,,,
6751,10/23/19 07:39:18 AM,100.310,12.497,,-0.046,,,,
6752,10/23/19 07:39:38 AM,,,100.333,,,,,
6753,10/23/19 07:41:18 AM,100.313,12.594,,-0.045,,,,
6754,10/23/19 07:41:38 AM,,,100.322,,,,,
6755,10/23/19 07:43:18 AM,100.308,12.787,,-0.046,,,,
6756,10/23/19 07:43:38 AM,,,100.333,,,,,
6757,10/23/19 07:45:18 AM,100.308,12.787,,-0.046,,,,
6758,10/23/19 07:45:38 AM,,,100.322,,,,,
6759,10/23/19 07:47:18 AM,100.288,12.883,,-0.048,,,,
6760,10/23/19 07:47:38 AM,,,100.333,,,,,
6761,10/23/19 07:49:18 AM,100.303,12.980,,-0.047,,,,
6762,10/23/19 07:49:38 AM,,,100.333,,,,,
6763,10/23/19 07:51:18 AM,100.303,12.980,,-0.046,,,,
6764,10/23/19 07:51:38 AM,,,100.326,,,,,
6765,10/23/19 07:53:18 AM,100.318,13.076,,-0.045,,,,
6766,10/23/19 07:53:38 AM,,,100.326,,,,,
6767,10/23/19 07:55:18 AM,100.309,13.173,,-0.046,,,,
6768,10/23/19 07:55:38 AM,,,100.330,,,,,
6769,10/23/19 07:57:18 AM,100.309,13.173,,-0.046,,,,
6770,10/23/19 07:57:38 AM,,,100.330,,,,,
6771,10/23/19 07:59:18 AM,100.313,13.269,,-0.046,,,,
6772,10/23/19 07:59:38 AM,,,100.334,,,,,
6773,10/23/19 08:01:18 AM,100.304,13.365,,-0.047,,,,
6774,10/23/19 08:01:38 AM,,,100.334,,,,,
6775,10/23/19 08:03:18 AM,100.331,13.461,,-0.045,,,,
6776,10/23/19 08:03:38 AM,,,100.338,,,,,
6777,10/23/19 08:05:18 AM,100.322,13.558,,-0.046,,,,
6778,10/23/19 08:05:38 AM,,,100.341,,,,,
6779,10/23/19 08:07:18 AM,100.311,13.558,,-0.048,,,,
6780,10/23/19 08:07:38 AM,,,100.356,,,,,
6781,10/23/19 08:09:18 AM,100.314,13.654,,-0.048,,,,
6782,10/23/19 08:09:38 AM,,,100.349,,,,,
6783,10/23/19 08:11:18 AM,100.306,13.750,,-0.047,,,,
6784,10/23/19 08:11:38 AM,,,100.338,,,,,
6785,10/23/19 08:13:18 AM,100.321,13.846,,-0.045,,,,
6786,10/23/19 08:13:38 AM,,,100.331,,,,,
6787,10/23/19 08:15:18 AM,100.309,13.846,,-0.047,,,,
6788,10/23/19 08:15:38 AM,,,100.346,,,,,
6789,10/23/19 08:17:18 AM,100.312,13.942,,-0.048,,,,
6790,10/23/19 08:17:38 AM,,,100.350,,,,,
6791,10/23/19 08:19:18 AM,100.304,14.038,,-0.048,,,,
6792,10/23/19 08:19:38 AM,,,100.343,,,,,
6793,10/23/19 08:21:18 AM,100.327,14.038,,-0.047,,,,
6794,10/23/19 08:21:38 AM,,,100.358,,,,,
6795,10/23/19 08:23:18 AM,100.307,14.134,,-0.048,,,,
6796,10/23/19 08:23:38 AM,,,100.347,,,,,
6797,10/23/19 08:25:18 AM,100.319,14.134,,-0.049,,,,
6798,10/23/19 08:25:38 AM,,,100.372,,,,,
6799,10/23/19 08:27:18 AM,100.310,14.230,,-0.048,,,,
6800,10/23/19 08:27:38 AM,,,100.344,,,,,
6801,10/23/19 08:29:18 AM,100.325,14.325,,-0.046,,,,
6802,10/23/19 08:29:38 AM,,,100.347,,,,,
6803,10/23/19 08:31:18 AM,100.317,14.421,,-0.047,,,,
6804,10/23/19 08:31:38 AM,,,100.347,,,,,
6805,10/23/19 08:33:18 AM,100.328,14.421,,-0.047,,,,
6806,10/23/19 08:33:38 AM,,,100.362,,,,,
6807,10/23/19 08:35:18 AM,100.320,14.517,,-0.048,,,,
6808,10/23/19 08:35:38 AM,,,100.355,,,,,
6809,10/23/19 08:37:18 AM,100.332,14.517,,-0.046,,,,
6810,10/23/19 08:37:38 AM,,,100.355,,,,,
6811,10/23/19 08:39:18 AM,100.312,14.613,,-0.048,,,,
6812,10/23/19 08:39:38 AM,,,100.355,,,,,
6813,10/23/19 08:41:18 AM,100.327,14.709,,-0.048,,,,
6814,10/23/19 08:41:38 AM,,,100.370,,,,,
6815,10/23/19 08:43:18 AM,100.338,14.709,,-0.046,,,,
6816,10/23/19 08:43:38 AM,,,100.359,,,,,
6817,10/23/19 08:45:18 AM,100.318,14.804,,-0.049,,,,
6818,10/23/19 08:45:38 AM,,,100.370,,,,,
6819,10/23/19 08:47:18 AM,100.333,14.900,,-0.048,,,,
6820,10/23/19 08:47:38 AM,,,100.374,,,,,
6821,10/23/19 08:49:18 AM,100.325,14.996,,-0.047,,,,
6822,10/23/19 08:49:38 AM,,,100.352,,,,,
6823,10/23/19 08:51:18 AM,100.316,15.091,,-0.048,,,,
6824,10/23/19 08:51:38 AM,,,100.352,,,,,
6825,10/23/19 08:53:18 AM,100.308,15.187,,-0.048,,,,
6826,10/23/19 08:53:38 AM,,,100.352,,,,,
6827,10/23/19 08:55:18 AM,100.311,15.282,,-0.048,,,,
6828,10/23/19 08:55:38 AM,,,100.345,,,,,
6829,10/23/19 08:57:18 AM,100.323,15.282,,-0.046,,,,
6830,10/23/19 08:57:38 AM,,,100.345,,,,,
6831,10/23/19 08:59:18 AM,100.303,15.378,,-0.048,,,,
6832,10/23/19 08:59:38 AM,,,100.345,,,,,
6833,10/23/19 09:01:18 AM,100.291,15.378,,-0.049,,,,
6834,10/23/19 09:01:38 AM,,,100.345,,,,,
6835,10/23/19 09:03:18 AM,100.306,15.473,,-0.048,,,,
6836,10/23/19 09:03:38 AM,,,100.345,,,,,
6837,10/23/19 09:05:18 AM,100.298,15.569,,-0.050,,,,
6838,10/23/19 09:05:38 AM,,,100.360,,,,,
6839,10/23/19 09:07:18 AM,100.313,15.664,,-0.048,,,,
6840,10/23/19 09:07:38 AM,,,100.349,,,,,
6841,10/23/19 09:09:18 AM,100.324,15.664,,-0.046,,,,
6842,10/23/19 09:09:38 AM,,,100.349,,,,,
6843,10/23/19 09:11:18 AM,100.316,15.760,,-0.048,,,,
6844,10/23/19 09:11:38 AM,,,100.360,,,,,
6845,10/23/19 09:13:18 AM,100.331,15.855,,-0.046,,,,
6846,10/23/19 09:13:38 AM,,,100.353,,,,,
6847,10/23/19 09:15:18 AM,100.334,15.951,,-0.047,,,,
6848,10/23/19 09:15:38 AM,,,100.364,,,,,
6849,10/23/19 09:17:18 AM,100.311,15.951,,-0.048,,,,
6850,10/23/19 09:17:38 AM,,,100.353,,,,,
6851,10/23/19 09:19:18 AM,100.326,16.046,,-0.048,,,,
6852,10/23/19 09:19:38 AM,,,100.367,,,,,
6853,10/23/19 09:21:18 AM,100.326,16.046,,-0.048,,,,
6854,10/23/19 09:21:38 AM,,,100.367,,,,,
6855,10/23/19 09:23:18 AM,100.341,16.141,,-0.045,,,,
6856,10/23/19 09:23:38 AM,,,100.346,,,,,
6857,10/23/19 09:25:18 AM,100.332,16.237,,-0.047,,,,
6858,10/23/19 09:25:38 AM,,,100.360,,,,,
6859,10/23/19 09:27:18 AM,100.332,16.237,,-0.046,,,,
6860,10/23/19 09:27:38 AM,,,100.350,,,,,
6861,10/23/19 09:29:18 AM,100.336,16.332,,-0.046,,,,
6862,10/23/19 09:29:38 AM,,,100.360,,,,,
6863,10/23/19 09:31:18 AM,100.315,16.427,,-0.047,,,,
6864,10/23/19 09:31:38 AM,,,100.339,,,,,
6865,10/23/19 09:33:18 AM,100.330,16.523,,-0.046,,,,
6866,10/23/19 09:33:38 AM,,,100.350,,,,,
6867,10/23/19 09:35:18 AM,100.325,16.713,,-0.048,,,,
6868,10/23/19 09:35:38 AM,,,100.364,,,,,
6869,10/23/19 09:37:18 AM,100.320,16.903,,-0.047,,,,
6870,10/23/19 09:37:38 AM,,,100.353,,,,,
6871,10/23/19 09:39:18 AM,100.338,17.094,,-0.045,,,,
6872,10/23/19 09:39:38 AM,,,100.353,,,,,
6873,10/23/19 09:41:18 AM,100.325,17.379,,-0.047,,,,
6874,10/23/19 09:41:38 AM,,,100.353,,,,,
6875,10/23/19 09:43:18 AM,100.323,17.665,,-0.046,,,,
6876,10/23/19 09:43:38 AM,,,100.343,,,,,
6877,10/23/19 09:45:18 AM,100.336,18.045,,-0.045,,,,
6878,10/23/19 09:45:38 AM,,,100.343,,,,,
6879,10/23/19 09:47:18 AM,100.346,18.331,,-0.044,,,,
6880,10/23/19 09:47:38 AM,,,100.346,,,,,
6881,10/23/19 09:49:18 AM,100.329,18.521,,-0.045,,,,
6882,10/23/19 09:49:38 AM,,,100.336,,,,,
6883,10/23/19 09:51:18 AM,100.336,18.711,,-0.044,,,,
6884,10/23/19 09:51:38 AM,,,100.336,,,,,
6885,10/23/19 09:53:18 AM,100.331,18.901,,-0.045,,,,
6886,10/23/19 09:53:38 AM,,,100.346,,,,,
6887,10/23/19 09:55:18 AM,100.349,19.092,,-0.043,,,,
6888,10/23/19 09:55:38 AM,,,100.336,,,,,
6889,10/23/19 09:57:18 AM,100.356,19.282,,-0.041,,,,
6890,10/23/19 09:57:38 AM,,,100.325,,,,,
6891,10/23/19 09:59:18 AM,100.339,19.472,,-0.044,,,,
6892,10/23/19 09:59:38 AM,,,100.346,,,,,
6893,10/23/19 10:01:18 AM,100.358,19.662,,-0.043,,,,
6894,10/23/19 10:01:38 AM,,,100.350,,,,,
6895,10/23/19 10:03:18 AM,100.349,19.758,,-0.043,,,,
6896,10/23/19 10:03:38 AM,,,100.339,,,,,
6897,10/23/19 10:05:18 AM,100.344,19.948,,-0.043,,,,
6898,10/23/19 10:05:38 AM,,,100.339,,,,,
6899,10/23/19 10:07:18 AM,100.351,20.138,,-0.043,,,,
6900,10/23/19 10:07:38 AM,,,100.339,,,,,
6901,10/23/19 10:09:18 AM,100.346,20.329,,-0.043,,,,
6902,10/23/19 10:09:38 AM,,,100.339,,,,,
6903,10/23/19 10:11:18 AM,100.349,20.424,,-0.044,,,,
6904,10/23/19 10:11:38 AM,,,100.350,,,,,
6905,10/23/19 10:13:18 AM,100.353,20.519,,-0.042,,,,
6906,10/23/19 10:13:38 AM,,,100.329,,,,,
6907,10/23/19 10:15:18 AM,100.356,20.615,,-0.041,,,,
6908,10/23/19 10:15:38 AM,,,100.329,,,,,
6909,10/23/19 10:17:18 AM,100.359,20.710,,-0.042,,,,
6910,10/23/19 10:17:38 AM,,,100.343,,,,,
6911,10/23/19 10:19:18 AM,100.351,20.805,,-0.042,,,,
6912,10/23/19 10:19:38 AM,,,100.332,,,,,
6913,10/23/19 10:21:18 AM,100.358,20.996,,-0.041,,,,
6914,10/23/19 10:21:38 AM,,,100.332,,,,,
6915,10/23/19 10:23:18 AM,100.361,21.091,,-0.040,,,,
6916,10/23/19 10:23:38 AM,,,100.322,,,,,
6917,10/23/19 10:25:18 AM,100.353,21.187,,-0.043,,,,
6918,10/23/19 10:25:38 AM,,,100.343,,,,,
6919,10/23/19 10:27:18 AM,100.344,21.282,,-0.043,,,,
6920,10/23/19 10:27:38 AM,,,100.332,,,,,
6921,10/23/19 10:29:18 AM,100.368,21.282,,-0.041,,,,
6922,10/23/19 10:29:38 AM,,,100.343,,,,,
6923,10/23/19 10:31:18 AM,100.348,21.378,,-0.042,,,,
6924,10/23/19 10:31:38 AM,,,100.322,,,,,
6925,10/23/19 10:33:18 AM,100.354,21.569,,-0.043,,,,
6926,10/23/19 10:33:38 AM,,,100.347,,,,,
6927,10/23/19 10:35:18 AM,100.369,21.664,,-0.042,,,,
6928,10/23/19 10:35:38 AM,,,100.347,,,,,
6929,10/23/19 10:37:18 AM,100.353,21.855,,-0.041,,,,
6930,10/23/19 10:37:38 AM,,,100.325,,,,,
6931,10/23/19 10:39:18 AM,100.368,21.951,,-0.040,,,,
6932,10/23/19 10:39:38 AM,,,100.336,,,,,
6933,10/23/19 10:41:18 AM,100.356,21.951,,-0.041,,,,
6934,10/23/19 10:41:38 AM,,,100.325,,,,,
6935,10/23/19 10:43:18 AM,100.348,22.046,,-0.042,,,,
6936,10/23/19 10:43:38 AM,,,100.325,,,,,
6937,10/23/19 10:45:18 AM,100.348,22.046,,-0.042,,,,
6938,10/23/19 10:45:38 AM,,,100.325,,,,,
6939,10/23/19 10:47:18 AM,100.351,22.142,,-0.042,,,,
6940,10/23/19 10:47:38 AM,,,100.336,,,,,
6941,10/23/19 10:49:18 AM,100.366,22.238,,-0.039,,,,
6942,10/23/19 10:49:38 AM,,,100.318,,,,,
6943,10/23/19 10:51:18 AM,100.370,22.333,,-0.040,,,,
6944,10/23/19 10:51:38 AM,,,100.340,,,,,
6945,10/23/19 10:53:18 AM,100.361,22.429,,-0.042,,,,
6946,10/23/19 10:53:38 AM,,,100.340,,,,,
6947,10/23/19 10:55:18 AM,100.350,22.429,,-0.042,,,,
6948,10/23/19 10:55:38 AM,,,100.329,,,,,
6949,10/23/19 10:57:18 AM,100.353,22.525,,-0.041,,,,
6950,10/23/19 10:57:38 AM,,,100.329,,,,,
6951,10/23/19 10:59:18 AM,100.341,22.525,,-0.043,,,,
6952,10/23/19 10:59:38 AM,,,100.329,,,,,
6953,10/23/19 11:01:18 AM,100.357,22.621,,-0.040,,,,
6954,10/23/19 11:01:38 AM,,,100.318,,,,,
6955,10/23/19 11:03:18 AM,100.348,22.717,,-0.043,,,,
6956,10/23/19 11:03:38 AM,,,100.344,,,,,
6957,10/23/19 11:05:18 AM,100.370,23.004,,-0.039,,,,
6958,10/23/19 11:05:38 AM,,,100.322,,,,,
6959,10/23/19 11:07:18 AM,100.350,23.100,,-0.042,,,,
6960,10/23/19 11:07:38 AM,,,100.333,,,,,
6961,10/23/19 11:09:18 AM,100.357,23.292,,-0.041,,,,
6962,10/23/19 11:09:38 AM,,,100.333,,,,,
6963,10/23/19 11:11:18 AM,100.352,23.484,,-0.042,,,,
6964,10/23/19 11:11:38 AM,,,100.333,,,,,
6965,10/23/19 11:13:18 AM,100.352,23.484,,-0.042,,,,
6966,10/23/19 11:13:38 AM,,,100.333,,,,,
6967,10/23/19 11:15:18 AM,100.352,23.484,,-0.043,,,,
6968,10/23/19 11:15:38 AM,,,100.344,,,,,
6969,10/23/19 11:17:18 AM,100.376,23.484,,-0.040,,,,
6970,10/23/19 11:17:38 AM,,,100.333,,,,,
6971,10/23/19 11:19:18 AM,100.372,23.388,,-0.040,,,,
6972,10/23/19 11:19:38 AM,,,100.337,,,,,
6973,10/23/19 11:21:18 AM,100.360,23.388,,-0.042,,,,
6974,10/23/19 11:21:38 AM,,,100.337,,,,,
6975,10/23/19 11:23:18 AM,100.372,23.388,,-0.041,,,,
6976,10/23/19 11:23:38 AM,,,100.348,,,,,
6977,10/23/19 11:25:18 AM,100.360,23.388,,-0.041,,,,
6978,10/23/19 11:25:38 AM,,,100.326,,,,,
6979,10/23/19 11:27:18 AM,100.369,23.292,,-0.040,,,,
6980,10/23/19 11:27:38 AM,,,100.326,,,,,
6981,10/23/19 11:29:18 AM,100.377,23.196,,-0.040,,,,
6982,10/23/19 11:29:38 AM,,,100.337,,,,,
6983,10/23/19 11:31:18 AM,100.374,23.100,,-0.040,,,,
6984,10/23/19 11:31:38 AM,,,100.337,,,,,
6985,10/23/19 11:33:18 AM,100.362,23.100,,-0.041,,,,
6986,10/23/19 11:33:38 AM,,,100.337,,,,,
6987,10/23/19 11:35:18 AM,100.370,23.004,,-0.041,,,,
6988,10/23/19 11:35:38 AM,,,100.337,,,,,
6989,10/23/19 11:37:18 AM,100.367,22.908,,-0.040,,,,
6990,10/23/19 11:37:38 AM,,,100.326,,,,,
6991,10/23/19 11:39:18 AM,100.343,22.908,,-0.042,,,,
6992,10/23/19 11:39:38 AM,,,100.319,,,,,
6993,10/23/19 11:41:18 AM,100.343,22.908,,-0.042,,,,
6994,10/23/19 11:41:38 AM,,,100.330,,,,,
6995,10/23/19 11:43:18 AM,100.343,22.908,,-0.043,,,,
6996,10/23/19 11:43:38 AM,,,100.330,,,,,
6997,10/23/19 11:45:18 AM,100.343,22.908,,-0.041,,,,
6998,10/23/19 11:45:38 AM,,,100.308,,,,,
6999,10/23/19 11:47:18 AM,100.343,22.908,,-0.041,,,,
7000,10/23/19 11:47:38 AM,,,100.319,,,,,
7001,10/23/19 11:49:18 AM,100.355,22.908,,-0.040,,,,
7002,10/23/19 11:49:38 AM,,,100.319,,,,,
7003,10/23/19 11:51:18 AM,100.362,23.100,,-0.040,,,,
7004,10/23/19 11:51:38 AM,,,100.319,,,,,
7005,10/23/19 11:53:18 AM,100.342,23.196,,-0.042,,,,
7006,10/23/19 11:53:38 AM,,,100.319,,,,,
7007,10/23/19 11:55:18 AM,100.327,23.100,,-0.042,,,,
7008,10/23/19 11:55:38 AM,,,100.308,,,,,
7009,10/23/19 11:57:18 AM,100.327,23.100,,-0.042,,,,
7010,10/23/19 11:57:38 AM,,,100.308,,,,,
7011,10/23/19 11:59:18 AM,100.315,23.100,,-0.042,,,,
7012,10/23/19 11:59:38 AM,,,100.297,,,,,
7013,10/23/19 12:01:18 PM,100.318,23.196,,-0.042,,,,
7014,10/23/19 12:01:38 PM,,,100.297,,,,,
7015,10/23/19 12:03:18 PM,100.337,23.388,,-0.040,,,,
7016,10/23/19 12:03:38 PM,,,100.301,,,,,
7017,10/23/19 12:05:18 PM,100.329,23.484,,-0.042,,,,
7018,10/23/19 12:05:38 PM,,,100.312,,,,,
7019,10/23/19 12:07:18 PM,100.329,23.484,,-0.041,,,,
7020,10/23/19 12:07:38 PM,,,100.301,,,,,
7021,10/23/19 12:09:18 PM,100.340,23.484,,-0.040,,,,
7022,10/23/19 12:09:38 PM,,,100.301,,,,,
7023,10/23/19 12:11:18 PM,100.356,23.581,,-0.038,,,,
7024,10/23/19 12:11:38 PM,,,100.301,,,,,
7025,10/23/19 12:13:18 PM,100.347,23.677,,-0.039,,,,
7026,10/23/19 12:13:38 PM,,,100.301,,,,,
7027,10/23/19 12:15:18 PM,100.322,23.966,,-0.042,,,,
7028,10/23/19 12:15:38 PM,,,100.301,,,,,
7029,10/23/19 12:17:18 PM,100.338,24.062,,-0.040,,,,
7030,10/23/19 12:17:38 PM,,,100.301,,,,,
7031,10/23/19 12:19:18 PM,100.329,24.158,,-0.041,,,,
7032,10/23/19 12:19:38 PM,,,100.301,,,,,
7033,10/23/19 12:21:18 PM,100.329,24.158,,-0.040,,,,
7034,10/23/19 12:21:38 PM,,,100.290,,,,,
7035,10/23/19 12:23:18 PM,100.318,24.158,,-0.041,,,,
7036,10/23/19 12:23:38 PM,,,100.290,,,,,
7037,10/23/19 12:25:18 PM,100.333,24.255,,-0.040,,,,
7038,10/23/19 12:25:38 PM,,,100.294,,,,,
7039,10/23/19 12:27:18 PM,100.333,24.255,,-0.040,,,,
7040,10/23/19 12:27:38 PM,,,100.294,,,,,
7041,10/23/19 12:29:18 PM,100.329,24.158,,-0.039,,,,
7042,10/23/19 12:29:38 PM,,,100.283,,,,,
7043,10/23/19 12:31:18 PM,100.318,24.158,,-0.041,,,,
7044,10/23/19 12:31:38 PM,,,100.294,,,,,
7045,10/23/19 12:33:18 PM,100.313,24.351,,-0.041,,,,
7046,10/23/19 12:33:38 PM,,,100.283,,,,,
7047,10/23/19 12:35:18 PM,100.313,24.351,,-0.040,,,,
7048,10/23/19 12:35:38 PM,,,100.273,,,,,
7049,10/23/19 12:37:18 PM,100.325,24.351,,-0.039,,,,
7050,10/23/19 12:37:38 PM,,,100.273,,,,,
7051,10/23/19 12:39:18 PM,100.328,24.448,,-0.039,,,,
7052,10/23/19 12:39:38 PM,,,100.283,,,,,
7053,10/23/19 12:41:18 PM,100.316,24.448,,-0.040,,,,
7054,10/23/19 12:41:38 PM,,,100.276,,,,,
7055,10/23/19 12:43:18 PM,100.331,24.545,,-0.041,,,,
7056,10/23/19 12:43:38 PM,,,100.309,,,,,
7057,10/23/19 12:45:18 PM,100.312,24.641,,-0.042,,,,
7058,10/23/19 12:45:38 PM,,,100.287,,,,,
7059,10/23/19 12:47:18 PM,100.318,24.835,,-0.040,,,,
7060,10/23/19 12:47:38 PM,,,100.276,,,,,
7061,10/23/19 12:49:18 PM,100.317,25.125,,-0.040,,,,
7062,10/23/19 12:49:38 PM,,,100.276,,,,,
7063,10/23/19 12:51:18 PM,100.316,25.416,,-0.039,,,,
7064,10/23/19 12:51:38 PM,,,100.266,,,,,
7065,10/23/19 12:53:18 PM,100.326,25.708,,-0.038,,,,
7066,10/23/19 12:53:38 PM,,,100.266,,,,,
7067,10/23/19 12:55:18 PM,100.330,25.805,,-0.037,,,,
7068,10/23/19 12:55:38 PM,,,100.266,,,,,
7069,10/23/19 12:57:18 PM,100.322,25.902,,-0.038,,,,
7070,10/23/19 12:57:38 PM,,,100.259,,,,,
7071,10/23/19 12:59:18 PM,100.306,25.805,,-0.038,,,,
7072,10/23/19 12:59:38 PM,,,100.248,,,,,
7073,10/23/19 01:01:18 PM,100.291,25.708,,-0.040,,,,
7074,10/23/19 01:01:38 PM,,,100.259,,,,,
7075,10/23/19 01:03:18 PM,100.311,25.610,,-0.039,,,,
7076,10/23/19 01:03:38 PM,,,100.269,,,,,
7077,10/23/19 01:05:18 PM,100.296,25.513,,-0.040,,,,
7078,10/23/19 01:05:38 PM,,,100.259,,,,,
7079,10/23/19 01:07:18 PM,100.301,25.319,,-0.040,,,,
7080,10/23/19 01:07:38 PM,,,100.259,,,,,
7081,10/23/19 01:09:18 PM,100.305,25.125,,-0.039,,,,
7082,10/23/19 01:09:38 PM,,,100.259,,,,,
7083,10/23/19 01:11:18 PM,100.299,24.931,,-0.040,,,,
7084,10/23/19 01:11:38 PM,,,100.259,,,,,
7085,10/23/19 01:13:18 PM,100.292,24.738,,-0.040,,,,
7086,10/23/19 01:13:38 PM,,,100.252,,,,,
7087,10/23/19 01:15:18 PM,100.300,24.641,,-0.040,,,,
7088,10/23/19 01:15:38 PM,,,100.262,,,,,
7089,10/23/19 01:17:18 PM,100.288,24.641,,-0.039,,,,
7090,10/23/19 01:17:38 PM,,,100.230,,,,,
7091,10/23/19 01:19:18 PM,100.288,24.641,,-0.040,,,,
7092,10/23/19 01:19:38 PM,,,100.252,,,,,
7093,10/23/19 01:21:18 PM,100.292,24.738,,-0.040,,,,
7094,10/23/19 01:21:38 PM,,,100.252,,,,,
7095,10/23/19 01:23:18 PM,100.280,24.738,,-0.041,,,,
7096,10/23/19 01:23:38 PM,,,100.252,,,,,
7097,10/23/19 01:25:18 PM,100.260,24.835,,-0.042,,,,
7098,10/23/19 01:25:38 PM,,,100.241,,,,,
7099,10/23/19 01:27:18 PM,100.282,25.125,,-0.040,,,,
7100,10/23/19 01:27:38 PM,,,100.241,,,,,
7101,10/23/19 01:29:18 PM,100.281,25.416,,-0.039,,,,
7102,10/23/19 01:29:38 PM,,,100.230,,,,,
7103,10/23/19 01:31:18 PM,100.280,25.708,,-0.039,,,,
7104,10/23/19 01:31:38 PM,,,100.234,,,,,
7105,10/23/19 01:33:18 PM,100.287,25.902,,-0.038,,,,
7106,10/23/19 01:33:38 PM,,,100.223,,,,,
7107,10/23/19 01:35:18 PM,100.285,26.195,,-0.039,,,,
7108,10/23/19 01:35:38 PM,,,100.234,,,,,
7109,10/23/19 01:37:18 PM,100.289,26.292,,-0.038,,,,
7110,10/23/19 01:37:38 PM,,,100.234,,,,,
7111,10/23/19 01:39:18 PM,100.288,26.585,,-0.037,,,,
7112,10/23/19 01:39:38 PM,,,100.223,,,,,
7113,10/23/19 01:41:18 PM,100.283,26.781,,-0.038,,,,
7114,10/23/19 01:41:38 PM,,,100.223,,,,,
7115,10/23/19 01:43:18 PM,100.267,26.977,,-0.039,,,,
7116,10/23/19 01:43:38 PM,,,100.223,,,,,
7117,10/23/19 01:45:18 PM,100.262,27.173,,-0.039,,,,
7118,10/23/19 01:45:38 PM,,,100.212,,,,,
7119,10/23/19 01:47:18 PM,100.277,27.272,,-0.037,,,,
7120,10/23/19 01:47:38 PM,,,100.205,,,,,
7121,10/23/19 01:49:18 PM,100.265,27.567,,-0.039,,,,
7122,10/23/19 01:49:38 PM,,,100.216,,,,,
7123,10/23/19 01:51:18 PM,100.272,27.764,,-0.036,,,,
7124,10/23/19 01:51:38 PM,,,100.194,,,,,
7125,10/23/19 01:53:18 PM,100.264,27.862,,-0.038,,,,
7126,10/23/19 01:53:38 PM,,,100.205,,,,,
7127,10/23/19 01:55:18 PM,100.283,28.060,,-0.036,,,,
7128,10/23/19 01:55:38 PM,,,100.205,,,,,
7129,10/23/19 01:57:18 PM,100.263,28.159,,-0.037,,,,
7130,10/23/19 01:57:38 PM,,,100.194,,,,,
7131,10/23/19 01:59:18 PM,100.270,28.357,,-0.036,,,,
7132,10/23/19 01:59:38 PM,,,100.194,,,,,
7133,10/23/19 02:01:18 PM,100.250,28.456,,-0.036,,,,
7134,10/23/19 02:01:38 PM,,,100.172,,,,,
7135,10/23/19 02:03:18 PM,100.269,28.655,,-0.034,,,,
7136,10/23/19 02:03:38 PM,,,100.176,,,,,
7137,10/23/19 02:05:18 PM,100.265,28.853,,-0.035,,,,
7138,10/23/19 02:05:38 PM,,,100.176,,,,,
7139,10/23/19 02:07:18 PM,100.245,28.953,,-0.037,,,,
7140,10/23/19 02:07:38 PM,,,100.176,,,,,
7141,10/23/19 02:09:18 PM,100.248,29.053,,-0.036,,,,
7142,10/23/19 02:09:38 PM,,,100.165,,,,,
7143,10/23/19 02:11:18 PM,100.257,28.953,,-0.033,,,,
7144,10/23/19 02:11:38 PM,,,100.143,,,,,
7145,10/23/19 02:13:18 PM,100.245,28.953,,-0.034,,,,
7146,10/23/19 02:13:38 PM,,,100.154,,,,,
7147,10/23/19 02:15:18 PM,100.268,28.953,,-0.034,,,,
7148,10/23/19 02:15:38 PM,,,100.169,,,,,
7149,10/23/19 02:17:18 PM,100.268,28.953,,-0.033,,,,
7150,10/23/19 02:17:38 PM,,,100.158,,,,,
7151,10/23/19 02:19:18 PM,100.268,28.953,,-0.034,,,,
7152,10/23/19 02:19:38 PM,,,100.169,,,,,
7153,10/23/19 02:21:18 PM,100.257,28.655,,-0.034,,,,
7154,10/23/19 02:21:38 PM,,,100.158,,,,,
7155,10/23/19 02:23:18 PM,100.250,28.456,,-0.034,,,,
7156,10/23/19 02:23:38 PM,,,100.147,,,,,
7157,10/23/19 02:25:18 PM,100.250,28.456,,-0.034,,,,
7158,10/23/19 02:25:38 PM,,,100.151,,,,,
7159,10/23/19 02:27:18 PM,100.254,28.555,,-0.034,,,,
7160,10/23/19 02:27:38 PM,,,100.162,,,,,
7161,10/23/19 02:29:18 PM,100.261,28.754,,-0.033,,,,
7162,10/23/19 02:29:38 PM,,,100.151,,,,,
7163,10/23/19 02:31:18 PM,100.272,29.053,,-0.031,,,,
7164,10/23/19 02:31:38 PM,,,100.140,,,,,
7165,10/23/19 02:33:18 PM,100.267,29.252,,-0.032,,,,
7166,10/23/19 02:33:38 PM,,,100.151,,,,,
7167,10/23/19 02:35:18 PM,100.248,29.352,,-0.034,,,,
7168,10/23/19 02:35:38 PM,,,100.151,,,,,
7169,10/23/19 02:37:18 PM,100.240,29.452,,-0.034,,,,
7170,10/23/19 02:37:38 PM,,,100.140,,,,,
7171,10/23/19 02:39:18 PM,100.243,29.552,,-0.034,,,,
7172,10/23/19 02:39:38 PM,,,100.144,,,,,
7173,10/23/19 02:41:18 PM,100.262,29.752,,-0.032,,,,
7174,10/23/19 02:41:38 PM,,,100.144,,,,,
7175,10/23/19 02:43:18 PM,100.254,29.853,,-0.031,,,,
7176,10/23/19 02:43:38 PM,,,100.122,,,,,
7177,10/23/19 02:45:18 PM,100.246,29.953,,-0.031,,,,
7178,10/23/19 02:45:38 PM,,,100.122,,,,,
7179,10/23/19 02:47:18 PM,100.238,30.054,,-0.032,,,,
7180,10/23/19 02:47:38 PM,,,100.122,,,,,
7181,10/23/19 02:49:18 PM,100.242,30.154,,-0.032,,,,
7182,10/23/19 02:49:38 PM,,,100.122,,,,,
7183,10/23/19 02:51:18 PM,100.242,30.154,,-0.032,,,,
7184,10/23/19 02:51:38 PM,,,100.122,,,,,
7185,10/23/19 02:53:18 PM,100.249,30.356,,-0.031,,,,
7186,10/23/19 02:53:38 PM,,,100.126,,,,,
7187,10/23/19 02:55:18 PM,100.222,30.255,,-0.034,,,,
7188,10/23/19 02:55:38 PM,,,100.126,,,,,
7189,10/23/19 02:57:18 PM,100.231,29.853,,-0.032,,,,
7190,10/23/19 02:57:38 PM,,,100.115,,,,,
7191,10/23/19 02:59:18 PM,100.221,29.252,,-0.032,,,,
7192,10/23/19 02:59:38 PM,,,100.105,,,,,
7193,10/23/19 03:01:18 PM,100.190,29.053,,-0.036,,,,
7194,10/23/19 03:01:38 PM,,,100.115,,,,,
7195,10/23/19 03:03:18 PM,100.221,29.252,,-0.032,,,,
7196,10/23/19 03:03:38 PM,,,100.105,,,,,
7197,10/23/19 03:05:18 PM,100.189,29.352,,-0.035,,,,
7198,10/23/19 03:05:38 PM,,,100.105,,,,,
7199,10/23/19 03:07:18 PM,100.208,29.552,,-0.033,,,,
7200,10/23/19 03:07:38 PM,,,100.105,,,,,
7201,10/23/19 03:09:18 PM,100.204,29.752,,-0.034,,,,
7202,10/23/19 03:09:38 PM,,,100.109,,,,,
7203,10/23/19 03:11:18 PM,100.223,29.953,,-0.032,,,,
7204,10/23/19 03:11:38 PM,,,100.109,,,,,
7205,10/23/19 03:13:18 PM,100.227,30.054,,-0.031,,,,
7206,10/23/19 03:13:38 PM,,,100.098,,,,,
7207,10/23/19 03:15:18 PM,100.218,30.154,,-0.030,,,,
7208,10/23/19 03:15:38 PM,,,100.076,,,,,
7209,10/23/19 03:17:18 PM,100.215,30.054,,-0.032,,,,
7210,10/23/19 03:17:38 PM,,,100.098,,,,,
7211,10/23/19 03:19:18 PM,100.203,30.054,,-0.031,,,,
7212,10/23/19 03:19:38 PM,,,100.076,,,,,
7213,10/23/19 03:21:18 PM,100.207,29.853,,-0.031,,,,
7214,10/23/19 03:21:38 PM,,,100.087,,,,,
7215,10/23/19 03:23:18 PM,100.188,29.953,,-0.034,,,,
7216,10/23/19 03:23:38 PM,,,100.087,,,,,
7217,10/23/19 03:25:18 PM,100.188,29.652,,-0.034,,,,
7218,10/23/19 03:25:38 PM,,,100.087,,,,,
7219,10/23/19 03:27:18 PM,100.193,29.452,,-0.033,,,,
7220,10/23/19 03:27:38 PM,,,100.087,,,,,
7221,10/23/19 03:29:18 PM,100.177,29.652,,-0.034,,,,
7222,10/23/19 03:29:38 PM,,,100.076,,,,,
7223,10/23/19 03:31:18 PM,100.184,29.853,,-0.033,,,,
7224,10/23/19 03:31:38 PM,,,100.076,,,,,
7225,10/23/19 03:33:18 PM,100.191,30.054,,-0.032,,,,
7226,10/23/19 03:33:38 PM,,,100.069,,,,,
7227,10/23/19 03:35:18 PM,100.187,30.255,,-0.032,,,,
7228,10/23/19 03:35:38 PM,,,100.069,,,,,
7229,10/23/19 03:37:18 PM,100.206,30.457,,-0.030,,,,
7230,10/23/19 03:37:38 PM,,,100.069,,,,,
7231,10/23/19 03:39:18 PM,100.186,30.558,,-0.032,,,,
7232,10/23/19 03:39:38 PM,,,100.069,,,,,
7233,10/23/19 03:41:18 PM,100.186,30.558,,-0.030,,,,
7234,10/23/19 03:41:38 PM,,,100.047,,,,,
7235,10/23/19 03:43:18 PM,100.190,30.659,,-0.029,,,,
7236,10/23/19 03:43:38 PM,,,100.047,,,,,
7237,10/23/19 03:45:18 PM,100.206,30.760,,-0.028,,,,
7238,10/23/19 03:45:38 PM,,,100.047,,,,,
7239,10/23/19 03:47:18 PM,100.194,30.760,,-0.029,,,,
7240,10/23/19 03:47:38 PM,,,100.051,,,,,
7241,10/23/19 03:49:18 PM,100.191,30.356,,-0.029,,,,
7242,10/23/19 03:49:38 PM,,,100.040,,,,,
7243,10/23/19 03:51:18 PM,100.195,30.154,,-0.029,,,,
7244,10/23/19 03:51:38 PM,,,100.051,,,,,
7245,10/23/19 03:53:18 PM,100.179,30.356,,-0.031,,,,
7246,10/23/19 03:53:38 PM,,,100.051,,,,,
7247,10/23/19 03:55:18 PM,100.183,30.457,,-0.030,,,,
7248,10/23/19 03:55:38 PM,,,100.051,,,,,
7249,10/23/19 03:57:18 PM,100.175,30.558,,-0.032,,,,
7250,10/23/19 03:57:38 PM,,,100.062,,,,,
7251,10/23/19 03:59:18 PM,100.175,30.558,,-0.031,,,,
7252,10/23/19 03:59:38 PM,,,100.051,,,,,
7253,10/23/19 04:01:18 PM,100.152,29.953,,-0.033,,,,
7254,10/23/19 04:01:38 PM,,,100.040,,,,,
7255,10/23/19 04:03:18 PM,100.166,29.352,,-0.030,,,,
7256,10/23/19 04:03:38 PM,,,100.033,,,,,
7257,10/23/19 04:05:18 PM,100.163,28.953,,-0.031,,,,
7258,10/23/19 04:05:38 PM,,,100.033,,,,,
7259,10/23/19 04:07:18 PM,100.147,28.853,,-0.032,,,,
7260,10/23/19 04:07:38 PM,,,100.033,,,,,
7261,10/23/19 04:09:18 PM,100.156,28.754,,-0.032,,,,
7262,10/23/19 04:09:38 PM,,,100.044,,,,,
7263,10/23/19 04:11:18 PM,100.139,28.953,,-0.034,,,,
7264,10/23/19 04:11:38 PM,,,100.044,,,,,
7265,10/23/19 04:13:18 PM,100.142,29.352,,-0.032,,,,
7266,10/23/19 04:13:38 PM,,,100.022,,,,,
7267,10/23/19 04:15:18 PM,100.153,29.652,,-0.031,,,,
7268,10/23/19 04:15:38 PM,,,100.026,,,,,
7269,10/23/19 04:17:18 PM,100.157,29.752,,-0.031,,,,
7270,10/23/19 04:17:38 PM,,,100.037,,,,,
7271,10/23/19 04:19:18 PM,100.164,29.953,,-0.030,,,,
7272,10/23/19 04:19:38 PM,,,100.026,,,,,
7273,10/23/19 04:21:18 PM,100.148,30.154,,-0.031,,,,
7274,10/23/19 04:21:38 PM,,,100.026,,,,,
7275,10/23/19 04:23:18 PM,100.141,29.953,,-0.034,,,,
7276,10/23/19 04:23:38 PM,,,100.048,,,,,
7277,10/23/19 04:25:18 PM,100.138,29.552,,-0.033,,,,
7278,10/23/19 04:25:38 PM,,,100.026,,,,,
7279,10/23/19 04:27:18 PM,100.142,29.352,,-0.032,,,,
7280,10/23/19 04:27:38 PM,,,100.026,,,,,
7281,10/23/19 04:29:18 PM,100.146,29.452,,-0.033,,,,
7282,10/23/19 04:29:38 PM,,,100.037,,,,,
7283,10/23/19 04:31:18 PM,100.130,29.652,,-0.033,,,,
7284,10/23/19 04:31:38 PM,,,100.026,,,,,
7285,10/23/19 04:33:18 PM,100.152,29.953,,-0.031,,,,
7286,10/23/19 04:33:38 PM,,,100.026,,,,,
7287,10/23/19 04:35:18 PM,100.160,30.154,,-0.030,,,,
7288,10/23/19 04:35:38 PM,,,100.026,,,,,
7289,10/23/19 04:37:18 PM,100.164,30.255,,-0.030,,,,
7290,10/23/19 04:37:38 PM,,,100.030,,,,,
7291,10/23/19 04:39:18 PM,100.156,30.356,,-0.031,,,,
7292,10/23/19 04:39:38 PM,,,100.030,,,,,
7293,10/23/19 04:41:18 PM,100.136,30.457,,-0.033,,,,
7294,10/23/19 04:41:38 PM,,,100.030,,,,,
7295,10/23/19 04:43:18 PM,100.175,30.558,,-0.029,,,,
7296,10/23/19 04:43:38 PM,,,100.030,,,,,
7297,10/23/19 04:45:18 PM,100.163,30.558,,-0.030,,,,
7298,10/23/19 04:45:38 PM,,,100.030,,,,,
7299,10/23/19 04:47:18 PM,100.136,30.154,,-0.035,,,,
7300,10/23/19 04:47:38 PM,,,100.052,,,,,
7301,10/23/19 04:49:18 PM,100.134,29.452,,-0.035,,,,
7302,10/23/19 04:49:38 PM,,,100.041,,,,,
7303,10/23/19 04:51:18 PM,100.139,29.252,,-0.033,,,,
7304,10/23/19 04:51:38 PM,,,100.030,,,,,
7305,10/23/19 04:53:18 PM,100.154,29.352,,-0.031,,,,
7306,10/23/19 04:53:38 PM,,,100.030,,,,,
7307,10/23/19 04:55:18 PM,100.153,29.652,,-0.030,,,,
7308,10/23/19 04:55:38 PM,,,100.019,,,,,
7309,10/23/19 04:57:18 PM,100.149,29.853,,-0.031,,,,
7310,10/23/19 04:57:38 PM,,,100.019,,,,,
7311,10/23/19 04:59:18 PM,100.156,30.054,,-0.030,,,,
7312,10/23/19 04:59:38 PM,,,100.019,,,,,
7313,10/23/19 05:01:18 PM,100.148,30.154,,-0.032,,,,
7314,10/23/19 05:01:38 PM,,,100.034,,,,,
7315,10/23/19 05:03:18 PM,100.175,30.255,,-0.028,,,,
7316,10/23/19 05:03:38 PM,,,100.012,,,,,
7317,10/23/19 05:05:18 PM,100.156,30.356,,-0.030,,,,
7318,10/23/19 05:05:38 PM,,,100.023,,,,,
7319,10/23/19 05:07:18 PM,100.171,30.457,,-0.030,,,,
7320,10/23/19 05:07:38 PM,,,100.034,,,,,
7321,10/23/19 05:09:18 PM,100.175,30.558,,-0.029,,,,
7322,10/23/19 05:09:38 PM,,,100.023,,,,,
7323,10/23/19 05:11:18 PM,100.151,30.558,,-0.031,,,,
7324,10/23/19 05:11:38 PM,,,100.023,,,,,
7325,10/23/19 05:13:18 PM,100.151,30.558,,-0.033,,,,
7326,10/23/19 05:13:38 PM,,,100.045,,,,,
7327,10/23/19 05:15:18 PM,100.163,30.558,,-0.030,,,,
7328,10/23/19 05:15:38 PM,,,100.023,,,,,
7329,10/23/19 05:17:18 PM,100.151,30.558,,-0.031,,,,
7330,10/23/19 05:17:38 PM,,,100.027,,,,,
7331,10/23/19 05:19:18 PM,100.148,30.457,,-0.030,,,,
7332,10/23/19 05:19:38 PM,,,100.005,,,,,
7333,10/23/19 05:21:18 PM,100.136,30.457,,-0.032,,,,
7334,10/23/19 05:21:38 PM,,,100.027,,,,,
7335,10/23/19 05:23:18 PM,100.151,30.558,,-0.030,,,,
7336,10/23/19 05:23:38 PM,,,100.016,,,,,
7337,10/23/19 05:25:18 PM,100.151,30.558,,-0.030,,,,
7338,10/23/19 05:25:38 PM,,,100.016,,,,,
7339,10/23/19 05:27:18 PM,100.163,30.558,,-0.028,,,,
7340,10/23/19 05:27:38 PM,,,100.005,,,,,
7341,10/23/19 05:29:18 PM,100.148,30.457,,-0.030,,,,
7342,10/23/19 05:29:38 PM,,,100.016,,,,,
7343,10/23/19 05:31:18 PM,100.148,30.457,,-0.030,,,,
7344,10/23/19 05:31:38 PM,,,100.016,,,,,
7345,10/23/19 05:33:18 PM,100.171,30.457,,-0.029,,,,
7346,10/23/19 05:33:38 PM,,,100.027,,,,,
7347,10/23/19 05:35:18 PM,100.159,30.457,,-0.030,,,,
7348,10/23/19 05:35:38 PM,,,100.027,,,,,
7349,10/23/19 05:37:18 PM,100.156,30.356,,-0.030,,,,
7350,10/23/19 05:37:38 PM,,,100.016,,,,,
7351,10/23/19 05:39:18 PM,100.156,30.356,,-0.029,,,,
7352,10/23/19 05:39:38 PM,,,100.005,,,,,
7353,10/23/19 05:41:18 PM,100.128,30.255,,-0.032,,,,
7354,10/23/19 05:41:38 PM,,,100.016,,,,,
7355,10/23/19 05:43:18 PM,100.138,29.552,,-0.031,,,,
7356,10/23/19 05:43:38 PM,,,100.016,,,,,
7357,10/23/19 05:45:18 PM,100.147,28.853,,-0.030,,,,
7358,10/23/19 05:45:38 PM,,,100.009,,,,,
7359,10/23/19 05:47:18 PM,100.111,27.862,,-0.033,,,,
7360,10/23/19 05:47:38 PM,,,100.009,,,,,
7361,10/23/19 05:49:18 PM,100.122,27.173,,-0.033,,,,
7362,10/23/19 05:49:38 PM,,,100.020,,,,,
7363,10/23/19 05:51:18 PM,100.096,26.781,,-0.035,,,,
7364,10/23/19 05:51:38 PM,,,100.009,,,,,
7365,10/23/19 05:53:18 PM,100.097,26.488,,-0.036,,,,
7366,10/23/19 05:53:38 PM,,,100.020,,,,,
7367,10/23/19 05:55:18 PM,100.090,26.292,,-0.036,,,,
7368,10/23/19 05:55:38 PM,,,100.009,,,,,
7369,10/23/19 05:57:18 PM,100.086,26.195,,-0.037,,,,
7370,10/23/19 05:57:38 PM,,,100.020,,,,,
7371,10/23/19 05:59:18 PM,100.091,26.000,,-0.037,,,,
7372,10/23/19 05:59:38 PM,,,100.020,,,,,
7373,10/23/19 06:01:18 PM,100.076,25.902,,-0.039,,,,
7374,10/23/19 06:01:38 PM,,,100.031,,,,,
7375,10/23/19 06:03:18 PM,100.069,25.708,,-0.040,,,,
7376,10/23/19 06:03:38 PM,,,100.031,,,,,
7377,10/23/19 06:05:18 PM,100.065,25.610,,-0.040,,,,
7378,10/23/19 06:05:38 PM,,,100.031,,,,,
7379,10/23/19 06:07:18 PM,100.070,25.416,,-0.039,,,,
7380,10/23/19 06:07:38 PM,,,100.020,,,,,
7381,10/23/19 06:09:18 PM,100.075,25.222,,-0.038,,,,
7382,10/23/19 06:09:38 PM,,,100.020,,,,,
7383,10/23/19 06:11:18 PM,100.080,25.028,,-0.039,,,,
7384,10/23/19 06:11:38 PM,,,100.031,,,,,
7385,10/23/19 06:13:18 PM,100.077,24.641,,-0.039,,,,
7386,10/23/19 06:13:38 PM,,,100.031,,,,,
7387,10/23/19 06:15:18 PM,100.075,24.255,,-0.039,,,,
7388,10/23/19 06:15:38 PM,,,100.020,,,,,
7389,10/23/19 06:17:18 PM,100.062,23.869,,-0.041,,,,
7390,10/23/19 06:17:38 PM,,,100.031,,,,,
7391,10/23/19 06:19:18 PM,100.060,23.484,,-0.041,,,,
7392,10/23/19 06:19:38 PM,,,100.031,,,,,
7393,10/23/19 06:21:18 PM,100.058,23.100,,-0.040,,,,
7394,10/23/19 06:21:38 PM,,,100.020,,,,,
7395,10/23/19 06:23:18 PM,100.059,22.812,,-0.040,,,,
7396,10/23/19 06:23:38 PM,,,100.020,,,,,
7397,10/23/19 06:25:18 PM,100.061,22.525,,-0.040,,,,
7398,10/23/19 06:25:38 PM,,,100.020,,,,,
7399,10/23/19 06:27:18 PM,100.047,22.142,,-0.041,,,,
7400,10/23/19 06:27:38 PM,,,100.020,,,,,
7401,10/23/19 06:29:18 PM,100.049,21.855,,-0.041,,,,
7402,10/23/19 06:29:38 PM,,,100.020,,,,,
7403,10/23/19 06:31:18 PM,100.039,21.569,,-0.043,,,,
7404,10/23/19 06:31:38 PM,,,100.031,,,,,
7405,10/23/19 06:33:18 PM,100.044,21.378,,-0.043,,,,
7406,10/23/19 06:33:38 PM,,,100.031,,,,,
7407,10/23/19 06:35:18 PM,100.034,21.091,,-0.044,,,,
7408,10/23/19 06:35:38 PM,,,100.031,,,,,
7409,10/23/19 06:37:18 PM,100.047,20.805,,-0.042,,,,
7410,10/23/19 06:37:38 PM,,,100.031,,,,,
7411,10/23/19 06:39:18 PM,100.029,20.615,,-0.045,,,,
7412,10/23/19 06:39:38 PM,,,100.042,,,,,
7413,10/23/19 06:41:18 PM,100.034,20.424,,-0.045,,,,
7414,10/23/19 06:41:38 PM,,,100.042,,,,,
7415,10/23/19 06:43:18 PM,100.035,20.138,,-0.044,,,,
7416,10/23/19 06:43:38 PM,,,100.031,,,,,
7417,10/23/19 06:45:18 PM,100.029,19.948,,-0.044,,,,
7418,10/23/19 06:45:38 PM,,,100.031,,,,,
7419,10/23/19 06:47:18 PM,100.034,19.758,,-0.043,,,,
7420,10/23/19 06:47:38 PM,,,100.027,,,,,
7421,10/23/19 06:49:18 PM,100.027,19.567,,-0.046,,,,
7422,10/23/19 06:49:38 PM,,,100.049,,,,,
7423,10/23/19 06:51:18 PM,100.029,19.282,,-0.046,,,,
7424,10/23/19 06:51:38 PM,,,100.049,,,,,
7425,10/23/19 06:53:18 PM,100.022,19.092,,-0.048,,,,
7426,10/23/19 06:53:38 PM,,,100.060,,,,,
7427,10/23/19 06:55:18 PM,100.027,18.901,,-0.046,,,,
7428,10/23/19 06:55:38 PM,,,100.049,,,,,
7429,10/23/19 06:57:18 PM,100.021,18.711,,-0.047,,,,
7430,10/23/19 06:57:38 PM,,,100.056,,,,,
7431,10/23/19 06:59:18 PM,100.017,18.616,,-0.047,,,,
7432,10/23/19 06:59:38 PM,,,100.045,,,,,
7433,10/23/19 07:01:18 PM,100.011,18.426,,-0.047,,,,
7434,10/23/19 07:01:38 PM,,,100.045,,,,,
7435,10/23/19 07:03:18 PM,99.993,18.236,,-0.049,,,,
7436,10/23/19 07:03:38 PM,,,100.041,,,,,
7437,10/23/19 07:05:18 PM,100.013,18.140,,-0.048,,,,
7438,10/23/19 07:05:38 PM,,,100.052,,,,,
7439,10/23/19 07:07:18 PM,100.006,17.950,,-0.048,,,,
7440,10/23/19 07:07:38 PM,,,100.041,,,,,
7441,10/23/19 07:09:18 PM,100.003,17.855,,-0.047,,,,
7442,10/23/19 07:09:38 PM,,,100.037,,,,,
7443,10/23/19 07:11:18 PM,99.999,17.760,,-0.048,,,,
7444,10/23/19 07:11:38 PM,,,100.037,,,,,
7445,10/23/19 07:13:18 PM,100.005,17.570,,-0.048,,,,
7446,10/23/19 07:13:38 PM,,,100.044,,,,,
7447,10/23/19 07:15:18 PM,100.001,17.475,,-0.048,,,,
7448,10/23/19 07:15:38 PM,,,100.044,,,,,
7449,10/23/19 07:17:18 PM,99.998,17.379,,-0.050,,,,
7450,10/23/19 07:17:38 PM,,,100.055,,,,,
7451,10/23/19 07:19:18 PM,99.983,17.284,,-0.051,,,,
7452,10/23/19 07:19:38 PM,,,100.051,,,,,
7453,10/23/19 07:21:18 PM,99.968,17.189,,-0.051,,,,
7454,10/23/19 07:21:38 PM,,,100.040,,,,,
7455,10/23/19 07:23:18 PM,99.988,17.094,,-0.050,,,,
7456,10/23/19 07:23:38 PM,,,100.051,,,,,
7457,10/23/19 07:25:18 PM,99.982,16.903,,-0.051,,,,
7458,10/23/19 07:25:38 PM,,,100.047,,,,,
7459,10/23/19 07:27:18 PM,99.990,16.808,,-0.051,,,,
7460,10/23/19 07:27:38 PM,,,100.058,,,,,
7461,10/23/19 07:29:18 PM,99.978,16.808,,-0.052,,,,
7462,10/23/19 07:29:38 PM,,,100.054,,,,,
7463,10/23/19 07:31:18 PM,99.975,16.713,,-0.052,,,,
7464,10/23/19 07:31:38 PM,,,100.054,,,,,
7465,10/23/19 07:33:18 PM,99.972,16.618,,-0.052,,,,
7466,10/23/19 07:33:38 PM,,,100.050,,,,,
7467,10/23/19 07:35:18 PM,99.980,16.523,,-0.052,,,,
7468,10/23/19 07:35:38 PM,,,100.061,,,,,
7469,10/23/19 07:37:18 PM,99.977,16.427,,-0.052,,,,
7470,10/23/19 07:37:38 PM,,,100.050,,,,,
7471,10/23/19 07:39:18 PM,99.965,16.427,,-0.053,,,,
7472,10/23/19 07:39:38 PM,,,100.057,,,,,
7473,10/23/19 07:41:18 PM,99.962,16.332,,-0.052,,,,
7474,10/23/19 07:41:38 PM,,,100.035,,,,,
7475,10/23/19 07:43:18 PM,99.982,16.237,,-0.049,,,,
7476,10/23/19 07:43:38 PM,,,100.031,,,,,
7477,10/23/19 07:45:18 PM,99.970,16.237,,-0.052,,,,
7478,10/23/19 07:45:38 PM,,,100.053,,,,,
7479,10/23/19 07:47:18 PM,99.979,16.141,,-0.050,,,,
7480,10/23/19 07:47:38 PM,,,100.031,,,,,
7481,10/23/19 07:49:18 PM,99.976,16.046,,-0.051,,,,
7482,10/23/19 07:49:38 PM,,,100.049,,,,,
7483,10/23/19 07:51:18 PM,99.976,16.046,,-0.051,,,,
7484,10/23/19 07:51:38 PM,,,100.049,,,,,
7485,10/23/19 07:53:18 PM,99.984,15.951,,-0.051,,,,
7486,10/23/19 07:53:38 PM,,,100.049,,,,,
7487,10/23/19 07:55:18 PM,99.981,15.855,,-0.051,,,,
7488,10/23/19 07:55:38 PM,,,100.045,,,,,
7489,10/23/19 07:57:18 PM,99.989,15.760,,-0.051,,,,
7490,10/23/19 07:57:38 PM,,,100.056,,,,,
7491,10/23/19 07:59:18 PM,99.977,15.760,,-0.052,,,,
7492,10/23/19 07:59:38 PM,,,100.056,,,,,
7493,10/23/19 08:01:18 PM,99.974,15.664,,-0.053,,,,
7494,10/23/19 08:01:38 PM,,,100.063,,,,,
7495,10/23/19 08:03:18 PM,99.998,15.664,,-0.050,,,,
7496,10/23/19 08:03:38 PM,,,100.052,,,,,
7497,10/23/19 08:05:18 PM,99.983,15.569,,-0.052,,,,
7498,10/23/19 08:05:38 PM,,,100.063,,,,,
7499,10/23/19 08:07:18 PM,99.994,15.569,,-0.051,,,,
7500,10/23/19 08:07:38 PM,,,100.059,,,,,
7501,10/23/19 08:09:18 PM,99.991,15.473,,-0.052,,,,
7502,10/23/19 08:09:38 PM,,,100.070,,,,,
7503,10/23/19 08:11:18 PM,99.991,15.473,,-0.052,,,,
7504,10/23/19 08:11:38 PM,,,100.070,,,,,
7505,10/23/19 08:13:18 PM,99.988,15.378,,-0.052,,,,
7506,10/23/19 08:13:38 PM,,,100.066,,,,,
7507,10/23/19 08:15:18 PM,99.988,15.378,,-0.051,,,,
7508,10/23/19 08:15:38 PM,,,100.055,,,,,
7509,10/23/19 08:17:18 PM,99.999,15.378,,-0.050,,,,
7510,10/23/19 08:17:38 PM,,,100.055,,,,,
7511,10/23/19 08:19:18 PM,100.008,15.282,,-0.049,,,,
7512,10/23/19 08:19:38 PM,,,100.055,,,,,
7513,10/23/19 08:21:18 PM,99.996,15.282,,-0.051,,,,
7514,10/23/19 08:21:38 PM,,,100.073,,,,,
7515,10/23/19 08:23:18 PM,100.005,15.187,,-0.051,,,,
7516,10/23/19 08:23:38 PM,,,100.073,,,,,
7517,10/23/19 08:25:18 PM,100.005,15.187,,-0.051,,,,
7518,10/23/19 08:25:38 PM,,,100.073,,,,,
7519,10/23/19 08:27:18 PM,100.005,15.187,,-0.051,,,,
7520,10/23/19 08:27:38 PM,,,100.073,,,,,
7521,10/23/19 08:29:18 PM,99.990,15.091,,-0.051,,,,
7522,10/23/19 08:29:38 PM,,,100.059,,,,,
7523,10/23/19 08:31:18 PM,100.001,15.091,,-0.051,,,,
7524,10/23/19 08:31:38 PM,,,100.069,,,,,
7525,10/23/19 08:33:18 PM,100.001,15.091,,-0.050,,,,
7526,10/23/19 08:33:38 PM,,,100.059,,,,,
7527,10/23/19 08:35:18 PM,100.010,14.996,,-0.050,,,,
7528,10/23/19 08:35:38 PM,,,100.069,,,,,
7529,10/23/19 08:37:18 PM,99.998,14.996,,-0.051,,,,
7530,10/23/19 08:37:38 PM,,,100.065,,,,,
7531,10/23/19 08:39:18 PM,100.018,14.900,,-0.050,,,,
7532,10/23/19 08:39:38 PM,,,100.076,,,,,
7533,10/23/19 08:41:18 PM,100.018,14.900,,-0.049,,,,
7534,10/23/19 08:41:38 PM,,,100.065,,,,,
7535,10/23/19 08:43:18 PM,100.018,14.900,,-0.051,,,,
7536,10/23/19 08:43:38 PM,,,100.087,,,,,
7537,10/23/19 08:45:18 PM,100.018,14.900,,-0.049,,,,
7538,10/23/19 08:45:38 PM,,,100.065,,,,,
7539,10/23/19 08:47:18 PM,100.003,14.804,,-0.052,,,,
7540,10/23/19 08:47:38 PM,,,100.083,,,,,
7541,10/23/19 08:49:18 PM,100.003,14.804,,-0.052,,,,
7542,10/23/19 08:49:38 PM,,,100.083,,,,,
7543,10/23/19 08:51:18 PM,100.003,14.804,,-0.052,,,,
7544,10/23/19 08:51:38 PM,,,100.083,,,,,
7545,10/23/19 08:53:18 PM,100.012,14.709,,-0.051,,,,
7546,10/23/19 08:53:38 PM,,,100.083,,,,,
7547,10/23/19 08:55:18 PM,100.012,14.709,,-0.050,,,,
7548,10/23/19 08:55:38 PM,,,100.072,,,,,
7549,10/23/19 08:57:18 PM,100.032,14.613,,-0.050,,,,
7550,10/23/19 08:57:38 PM,,,100.090,,,,,
7551,10/23/19 08:59:18 PM,100.020,14.613,,-0.051,,,,
7552,10/23/19 08:59:38 PM,,,100.090,,,,,
7553,10/23/19 09:01:18 PM,100.020,14.613,,-0.051,,,,
7554,10/23/19 09:01:38 PM,,,100.090,,,,,
7555,10/23/19 09:03:18 PM,100.020,14.613,,-0.051,,,,
7556,10/23/19 09:03:38 PM,,,100.090,,,,,
7557,10/23/19 09:05:18 PM,100.028,14.517,,-0.050,,,,
7558,10/23/19 09:05:38 PM,,,100.090,,,,,
7559,10/23/19 09:07:18 PM,100.005,14.517,,-0.052,,,,
7560,10/23/19 09:07:38 PM,,,100.087,,,,,
7561,10/23/19 09:09:18 PM,100.005,14.517,,-0.050,,,,
7562,10/23/19 09:09:38 PM,,,100.065,,,,,
7563,10/23/19 09:11:18 PM,100.028,14.517,,-0.050,,,,
7564,10/23/19 09:11:38 PM,,,100.087,,,,,
7565,10/23/19 09:13:18 PM,100.025,14.421,,-0.050,,,,
7566,10/23/19 09:13:38 PM,,,100.087,,,,,
7567,10/23/19 09:15:18 PM,100.025,14.421,,-0.049,,,,
7568,10/23/19 09:15:38 PM,,,100.076,,,,,
7569,10/23/19 09:17:18 PM,100.025,14.421,,-0.049,,,,
7570,10/23/19 09:17:38 PM,,,100.076,,,,,
7571,10/23/19 09:19:18 PM,100.025,14.421,,-0.050,,,,
7572,10/23/19 09:19:38 PM,,,100.083,,,,,
7573,10/23/19 09:21:18 PM,100.025,14.421,,-0.049,,,,
7574,10/23/19 09:21:38 PM,,,100.072,,,,,
7575,10/23/19 09:23:18 PM,100.034,14.325,,-0.049,,,,
7576,10/23/19 09:23:38 PM,,,100.083,,,,,
7577,10/23/19 09:25:18 PM,100.010,14.325,,-0.051,,,,
7578,10/23/19 09:25:38 PM,,,100.083,,,,,
7579,10/23/19 09:27:18 PM,100.034,14.325,,-0.049,,,,
7580,10/23/19 09:27:38 PM,,,100.083,,,,,
7581,10/23/19 09:29:18 PM,100.034,14.325,,-0.049,,,,
7582,10/23/19 09:29:38 PM,,,100.083,,,,,
7583,10/23/19 09:31:18 PM,100.019,14.230,,-0.050,,,,
7584,10/23/19 09:31:38 PM,,,100.083,,,,,
7585,10/23/19 09:33:18 PM,100.030,14.230,,-0.050,,,,
7586,10/23/19 09:33:38 PM,,,100.090,,,,,
7587,10/23/19 09:35:18 PM,100.030,14.230,,-0.050,,,,
7588,10/23/19 09:35:38 PM,,,100.090,,,,,
7589,10/23/19 09:37:18 PM,100.007,14.230,,-0.053,,,,
7590,10/23/19 09:37:38 PM,,,100.101,,,,,
7591,10/23/19 09:39:18 PM,100.019,14.230,,-0.051,,,,
7592,10/23/19 09:39:38 PM,,,100.090,,,,,
7593,10/23/19 09:41:18 PM,100.019,14.230,,-0.053,,,,
7594,10/23/19 09:41:38 PM,,,100.111,,,,,
7595,10/23/19 09:43:18 PM,100.030,14.230,,-0.051,,,,
7596,10/23/19 09:43:38 PM,,,100.101,,,,,
7597,10/23/19 09:45:18 PM,100.030,14.230,,-0.052,,,,
7598,10/23/19 09:45:38 PM,,,100.111,,,,,
7599,10/23/19 09:47:18 PM,100.027,14.134,,-0.051,,,,
7600,10/23/19 09:47:38 PM,,,100.097,,,,,
7601,10/23/19 09:49:18 PM,100.050,14.134,,-0.049,,,,
7602,10/23/19 09:49:38 PM,,,100.097,,,,,
7603,10/23/19 09:51:18 PM,100.050,14.134,,-0.050,,,,
7604,10/23/19 09:51:38 PM,,,100.108,,,,,
7605,10/23/19 09:53:18 PM,100.039,14.134,,-0.051,,,,
7606,10/23/19 09:53:38 PM,,,100.108,,,,,
7607,10/23/19 09:55:18 PM,100.024,14.038,,-0.053,,,,
7608,10/23/19 09:55:38 PM,,,100.108,,,,,
7609,10/23/19 09:57:18 PM,100.059,14.038,,-0.048,,,,
7610,10/23/19 09:57:38 PM,,,100.097,,,,,
7611,10/23/19 09:59:18 PM,100.044,13.942,,-0.049,,,,
7612,10/23/19 09:59:38 PM,,,100.097,,,,,
7613,10/23/19 10:01:18 PM,100.021,13.942,,-0.052,,,,
7614,10/23/19 10:01:38 PM,,,100.097,,,,,
7615,10/23/19 10:03:18 PM,100.041,13.846,,-0.049,,,,
7616,10/23/19 10:03:38 PM,,,100.093,,,,,
7617,10/23/19 10:05:18 PM,100.029,13.846,,-0.051,,,,
7618,10/23/19 10:05:38 PM,,,100.104,,,,,
7619,10/23/19 10:07:18 PM,100.052,13.846,,-0.049,,,,
7620,10/23/19 10:07:38 PM,,,100.104,,,,,
7621,10/23/19 10:09:18 PM,100.041,13.846,,-0.050,,,,
7622,10/23/19 10:09:38 PM,,,100.104,,,,,
7623,10/23/19 10:11:18 PM,100.052,13.846,,-0.048,,,,
7624,10/23/19 10:11:38 PM,,,100.093,,,,,
7625,10/23/19 10:13:18 PM,100.041,13.846,,-0.049,,,,
7626,10/23/19 10:13:38 PM,,,100.093,,,,,
7627,10/23/19 10:15:18 PM,100.037,13.750,,-0.050,,,,
7628,10/23/19 10:15:38 PM,,,100.093,,,,,
7629,10/23/19 10:17:18 PM,100.026,13.750,,-0.051,,,,
7630,10/23/19 10:17:38 PM,,,100.093,,,,,
7631,10/23/19 10:19:18 PM,100.026,13.750,,-0.051,,,,
7632,10/23/19 10:19:38 PM,,,100.093,,,,,
7633,10/23/19 10:21:18 PM,100.026,13.750,,-0.050,,,,
7634,10/23/19 10:21:38 PM,,,100.089,,,,,
7635,10/23/19 10:23:18 PM,100.026,13.750,,-0.051,,,,
7636,10/23/19 10:23:38 PM,,,100.100,,,,,
7637,10/23/19 10:25:18 PM,100.026,13.750,,-0.051,,,,
7638,10/23/19 10:25:38 PM,,,100.100,,,,,
7639,10/23/19 10:27:18 PM,100.049,13.750,,-0.049,,,,
7640,10/23/19 10:27:38 PM,,,100.100,,,,,
7641,10/23/19 10:29:18 PM,100.037,13.750,,-0.050,,,,
7642,10/23/19 10:29:38 PM,,,100.100,,,,,
7643,10/23/19 10:31:18 PM,100.037,13.750,,-0.050,,,,
7644,10/23/19 10:31:38 PM,,,100.100,,,,,
7645,10/23/19 10:33:18 PM,100.037,13.750,,-0.050,,,,
7646,10/23/19 10:33:38 PM,,,100.100,,,,,
7647,10/23/19 10:35:18 PM,100.049,13.750,,-0.049,,,,
7648,10/23/19 10:35:38 PM,,,100.100,,,,,
7649,10/23/19 10:37:18 PM,100.034,13.654,,-0.051,,,,
7650,10/23/19 10:37:38 PM,,,100.100,,,,,
7651,10/23/19 10:39:18 PM,100.034,13.654,,-0.050,,,,
7652,10/23/19 10:39:38 PM,,,100.096,,,,,
7653,10/23/19 10:41:18 PM,100.046,13.654,,-0.049,,,,
7654,10/23/19 10:41:38 PM,,,100.096,,,,,
7655,10/23/19 10:43:18 PM,100.034,13.654,,-0.051,,,,
7656,10/23/19 10:43:38 PM,,,100.107,,,,,
7657,10/23/19 10:45:18 PM,100.034,13.654,,-0.050,,,,
7658,10/23/19 10:45:38 PM,,,100.096,,,,,
7659,10/23/19 10:47:18 PM,100.046,13.654,,-0.050,,,,
7660,10/23/19 10:47:38 PM,,,100.107,,,,,
7661,10/23/19 10:49:18 PM,100.031,13.558,,-0.051,,,,
7662,10/23/19 10:49:38 PM,,,100.096,,,,,
7663,10/23/19 10:51:18 PM,100.054,13.558,,-0.049,,,,
7664,10/23/19 10:51:38 PM,,,100.107,,,,,
7665,10/23/19 10:53:18 PM,100.054,13.558,,-0.047,,,,
7666,10/23/19 10:53:38 PM,,,100.074,,,,,
7667,10/23/19 10:55:18 PM,100.054,13.558,,-0.047,,,,
7668,10/23/19 10:55:38 PM,,,100.085,,,,,
7669,10/23/19 10:57:18 PM,100.031,13.558,,-0.049,,,,
7670,10/23/19 10:57:38 PM,,,100.085,,,,,
7671,10/23/19 10:59:18 PM,100.043,13.558,,-0.049,,,,
7672,10/23/19 10:59:38 PM,,,100.096,,,,,
7673,10/23/19 11:01:18 PM,100.031,13.558,,-0.050,,,,
7674,10/23/19 11:01:38 PM,,,100.092,,,,,
7675,10/23/19 11:03:18 PM,100.031,13.558,,-0.050,,,,
7676,10/23/19 11:03:38 PM,,,100.092,,,,,
7677,10/23/19 11:05:18 PM,100.039,13.461,,-0.049,,,,
7678,10/23/19 11:05:38 PM,,,100.092,,,,,
7679,10/23/19 11:07:18 PM,100.028,13.461,,-0.050,,,,
7680,10/23/19 11:07:38 PM,,,100.081,,,,,
7681,10/23/19 11:09:18 PM,100.016,13.461,,-0.051,,,,
7682,10/23/19 11:09:38 PM,,,100.081,,,,,
7683,10/23/19 11:11:18 PM,100.028,13.461,,-0.050,,,,
7684,10/23/19 11:11:38 PM,,,100.092,,,,,
7685,10/23/19 11:13:18 PM,100.028,13.461,,-0.050,,,,
7686,10/23/19 11:13:38 PM,,,100.081,,,,,
7687,10/23/19 11:15:18 PM,100.039,13.461,,-0.049,,,,
7688,10/23/19 11:15:38 PM,,,100.092,,,,,
7689,10/23/19 11:17:18 PM,100.024,13.365,,-0.051,,,,
7690,10/23/19 11:17:38 PM,,,100.092,,,,,
7691,10/23/19 11:19:18 PM,100.013,13.365,,-0.052,,,,
7692,10/23/19 11:19:38 PM,,,100.092,,,,,
7693,10/23/19 11:21:18 PM,100.036,13.365,,-0.050,,,,
7694,10/23/19 11:21:38 PM,,,100.092,,,,,
7695,10/23/19 11:23:18 PM,100.036,13.365,,-0.049,,,,
7696,10/23/19 11:23:38 PM,,,100.088,,,,,
7697,10/23/19 11:25:18 PM,100.024,13.365,,-0.050,,,,
7698,10/23/19 11:25:38 PM,,,100.088,,,,,
7699,10/23/19 11:27:18 PM,100.036,13.365,,-0.048,,,,
7700,10/23/19 11:27:38 PM,,,100.077,,,,,
7701,10/23/19 11:29:18 PM,100.024,13.365,,-0.049,,,,
7702,10/23/19 11:29:38 PM,,,100.077,,,,,
7703,10/23/19 11:31:18 PM,100.024,13.365,,-0.050,,,,
7704,10/23/19 11:31:38 PM,,,100.088,,,,,
7705,10/23/19 11:33:18 PM,100.036,13.365,,-0.048,,,,
7706,10/23/19 11:33:38 PM,,,100.077,,,,,
7707,10/23/19 11:35:18 PM,100.021,13.269,,-0.049,,,,
7708,10/23/19 11:35:38 PM,,,100.066,,,,,
7709,10/23/19 11:37:18 PM,100.009,13.269,,-0.050,,,,
7710,10/23/19 11:37:38 PM,,,100.066,,,,,
7711,10/23/19 11:39:18 PM,100.009,13.269,,-0.051,,,,
7712,10/23/19 11:39:38 PM,,,100.077,,,,,
7713,10/23/19 11:41:18 PM,100.044,13.269,,-0.047,,,,
7714,10/23/19 11:41:38 PM,,,100.077,,,,,
7715,10/23/19 11:43:18 PM,100.006,13.173,,-0.052,,,,
7716,10/23/19 11:43:38 PM,,,100.088,,,,,
7717,10/23/19 11:45:18 PM,100.018,13.173,,-0.050,,,,
7718,10/23/19 11:45:38 PM,,,100.073,,,,,
7719,10/23/19 11:47:18 PM,100.030,13.173,,-0.049,,,,
7720,10/23/19 11:47:38 PM,,,100.084,,,,,
7721,10/23/19 11:49:18 PM,100.018,13.173,,-0.051,,,,
7722,10/23/19 11:49:38 PM,,,100.084,,,,,
7723,10/23/19 11:51:18 PM,100.018,13.173,,-0.051,,,,
7724,10/23/19 11:51:38 PM,,,100.084,,,,,
7725,10/23/19 11:53:18 PM,100.015,13.076,,-0.051,,,,
7726,10/23/19 11:53:38 PM,,,100.084,,,,,
7727,10/23/19 11:55:18 PM,100.026,13.076,,-0.050,,,,
7728,10/23/19 11:55:38 PM,,,100.084,,,,,
7729,10/23/19 11:57:18 PM,100.038,13.076,,-0.050,,,,
7730,10/23/19 11:57:38 PM,,,100.095,,,,,
7731,10/23/19 11:59:18 PM,100.023,12.980,,-0.051,,,,
7732,10/23/19 11:59:38 PM,,,100.095,,,,,
7733,10/24/19 12:01:18 AM,100.023,12.980,,-0.051,,,,
7734,10/24/19 12:01:38 AM,,,100.095,,,,,
7735,10/24/19 12:03:18 AM,100.035,12.980,,-0.049,,,,
7736,10/24/19 12:03:38 AM,,,100.084,,,,,
7737,10/24/19 12:05:18 AM,100.023,12.980,,-0.049,,,,
7738,10/24/19 12:05:38 AM,,,100.073,,,,,
7739,10/24/19 12:07:18 AM,100.023,12.980,,-0.051,,,,
7740,10/24/19 12:07:38 AM,,,100.091,,,,,
7741,10/24/19 12:09:18 AM,100.023,12.980,,-0.051,,,,
7742,10/24/19 12:09:38 AM,,,100.091,,,,,
7743,10/24/19 12:11:18 AM,100.035,12.980,,-0.049,,,,
7744,10/24/19 12:11:38 AM,,,100.080,,,,,
7745,10/24/19 12:13:18 AM,100.023,12.980,,-0.051,,,,
7746,10/24/19 12:13:38 AM,,,100.091,,,,,
7747,10/24/19 12:15:18 AM,100.035,12.980,,-0.048,,,,
7748,10/24/19 12:15:38 AM,,,100.069,,,,,
7749,10/24/19 12:17:18 AM,100.023,12.980,,-0.050,,,,
7750,10/24/19 12:17:38 AM,,,100.080,,,,,
7751,10/24/19 12:19:18 AM,100.023,12.980,,-0.050,,,,
7752,10/24/19 12:19:38 AM,,,100.080,,,,,
7753,10/24/19 12:21:18 AM,100.023,12.980,,-0.050,,,,
7754,10/24/19 12:21:38 AM,,,100.080,,,,,
7755,10/24/19 12:23:18 AM,100.023,12.980,,-0.049,,,,
7756,10/24/19 12:23:38 AM,,,100.069,,,,,
7757,10/24/19 12:25:18 AM,100.023,12.980,,-0.049,,,,
7758,10/24/19 12:25:38 AM,,,100.069,,,,,
7759,10/24/19 12:27:18 AM,100.023,12.980,,-0.050,,,,
7760,10/24/19 12:27:38 AM,,,100.080,,,,,
7761,10/24/19 12:29:18 AM,100.008,12.883,,-0.051,,,,
7762,10/24/19 12:29:38 AM,,,100.080,,,,,
7763,10/24/19 12:31:18 AM,100.008,12.883,,-0.051,,,,
7764,10/24/19 12:31:38 AM,,,100.076,,,,,
7765,10/24/19 12:33:18 AM,100.008,12.883,,-0.050,,,,
7766,10/24/19 12:33:38 AM,,,100.066,,,,,
7767,10/24/19 12:35:18 AM,100.008,12.883,,-0.050,,,,
7768,10/24/19 12:35:38 AM,,,100.066,,,,,
7769,10/24/19 12:37:18 AM,100.008,12.883,,-0.049,,,,
7770,10/24/19 12:37:38 AM,,,100.055,,,,,
7771,10/24/19 12:39:18 AM,100.020,12.883,,-0.048,,,,
7772,10/24/19 12:39:38 AM,,,100.066,,,,,
7773,10/24/19 12:41:18 AM,100.020,12.883,,-0.049,,,,
7774,10/24/19 12:41:38 AM,,,100.066,,,,,
7775,10/24/19 12:43:18 AM,100.008,12.883,,-0.050,,,,
7776,10/24/19 12:43:38 AM,,,100.066,,,,,
7777,10/24/19 12:45:18 AM,100.008,12.883,,-0.050,,,,
7778,10/24/19 12:45:38 AM,,,100.066,,,,,
7779,10/24/19 12:47:18 AM,100.005,12.787,,-0.050,,,,
7780,10/24/19 12:47:38 AM,,,100.066,,,,,
7781,10/24/19 12:49:18 AM,100.005,12.787,,-0.050,,,,
7782,10/24/19 12:49:38 AM,,,100.066,,,,,
7783,10/24/19 12:51:18 AM,100.028,12.787,,-0.048,,,,
7784,10/24/19 12:51:38 AM,,,100.066,,,,,
7785,10/24/19 12:53:18 AM,100.013,12.690,,-0.049,,,,
7786,10/24/19 12:53:38 AM,,,100.062,,,,,
7787,10/24/19 12:55:18 AM,99.990,12.690,,-0.051,,,,
7788,10/24/19 12:55:38 AM,,,100.062,,,,,
7789,10/24/19 12:57:18 AM,99.990,12.690,,-0.053,,,,
7790,10/24/19 12:57:38 AM,,,100.084,,,,,
7791,10/24/19 12:59:18 AM,100.013,12.690,,-0.049,,,,
7792,10/24/19 12:59:38 AM,,,100.062,,,,,
7793,10/24/19 01:01:18 AM,100.013,12.690,,-0.049,,,,
7794,10/24/19 01:01:38 AM,,,100.062,,,,,
7795,10/24/19 01:03:18 AM,100.002,12.690,,-0.051,,,,
7796,10/24/19 01:03:38 AM,,,100.073,,,,,
7797,10/24/19 01:05:18 AM,100.002,12.690,,-0.050,,,,
7798,10/24/19 01:05:38 AM,,,100.062,,,,,
7799,10/24/19 01:07:18 AM,99.998,12.594,,-0.050,,,,
7800,10/24/19 01:07:38 AM,,,100.062,,,,,
7801,10/24/19 01:09:18 AM,99.987,12.594,,-0.052,,,,
7802,10/24/19 01:09:38 AM,,,100.062,,,,,
7803,10/24/19 01:11:18 AM,99.998,12.594,,-0.050,,,,
7804,10/24/19 01:11:38 AM,,,100.062,,,,,
7805,10/24/19 01:13:18 AM,100.007,12.497,,-0.050,,,,
7806,10/24/19 01:13:38 AM,,,100.062,,,,,
7807,10/24/19 01:15:18 AM,100.018,12.497,,-0.048,,,,
7808,10/24/19 01:15:38 AM,,,100.062,,,,,
7809,10/24/19 01:17:18 AM,100.007,12.497,,-0.050,,,,
7810,10/24/19 01:17:38 AM,,,100.062,,,,,
7811,10/24/19 01:19:18 AM,99.995,12.497,,-0.050,,,,
7812,10/24/19 01:19:38 AM,,,100.058,,,,,
7813,10/24/19 01:21:18 AM,100.007,12.497,,-0.050,,,,
7814,10/24/19 01:21:38 AM,,,100.069,,,,,
7815,10/24/19 01:23:18 AM,99.995,12.497,,-0.051,,,,
7816,10/24/19 01:23:38 AM,,,100.058,,,,,
7817,10/24/19 01:25:18 AM,99.983,12.497,,-0.052,,,,
7818,10/24/19 01:25:38 AM,,,100.058,,,,,
7819,10/24/19 01:27:18 AM,99.983,12.497,,-0.051,,,,
7820,10/24/19 01:27:38 AM,,,100.047,,,,,
7821,10/24/19 01:29:18 AM,99.995,12.497,,-0.049,,,,
7822,10/24/19 01:29:38 AM,,,100.047,,,,,
7823,10/24/19 01:31:18 AM,99.995,12.497,,-0.049,,,,
7824,10/24/19 01:31:38 AM,,,100.047,,,,,
7825,10/24/19 01:33:18 AM,99.983,12.497,,-0.050,,,,
7826,10/24/19 01:33:38 AM,,,100.047,,,,,
7827,10/24/19 01:35:18 AM,99.995,12.497,,-0.050,,,,
7828,10/24/19 01:35:38 AM,,,100.058,,,,,
7829,10/24/19 01:37:18 AM,100.003,12.401,,-0.050,,,,
7830,10/24/19 01:37:38 AM,,,100.058,,,,,
7831,10/24/19 01:39:18 AM,99.992,12.401,,-0.052,,,,
7832,10/24/19 01:39:38 AM,,,100.069,,,,,
7833,10/24/19 01:41:18 AM,100.015,12.401,,-0.049,,,,
7834,10/24/19 01:41:38 AM,,,100.058,,,,,
7835,10/24/19 01:43:18 AM,99.992,12.401,,-0.051,,,,
7836,10/24/19 01:43:38 AM,,,100.058,,,,,
7837,10/24/19 01:45:18 AM,99.992,12.401,,-0.049,,,,
7838,10/24/19 01:45:38 AM,,,100.043,,,,,
7839,10/24/19 01:47:18 AM,99.992,12.401,,-0.049,,,,
7840,10/24/19 01:47:38 AM,,,100.043,,,,,
7841,10/24/19 01:49:18 AM,100.000,12.304,,-0.049,,,,
7842,10/24/19 01:49:38 AM,,,100.054,,,,,
7843,10/24/19 01:51:18 AM,99.989,12.304,,-0.051,,,,
7844,10/24/19 01:51:38 AM,,,100.054,,,,,
7845,10/24/19 01:53:18 AM,100.000,12.304,,-0.049,,,,
7846,10/24/19 01:53:38 AM,,,100.054,,,,,
7847,10/24/19 01:55:18 AM,99.997,12.207,,-0.049,,,,
7848,10/24/19 01:55:38 AM,,,100.043,,,,,
7849,10/24/19 01:57:18 AM,99.974,12.207,,-0.052,,,,
7850,10/24/19 01:57:38 AM,,,100.054,,,,,
7851,10/24/19 01:59:18 AM,99.985,12.207,,-0.050,,,,
7852,10/24/19 01:59:38 AM,,,100.043,,,,,
7853,10/24/19 02:01:18 AM,99.989,12.304,,-0.049,,,,
7854,10/24/19 02:01:38 AM,,,100.032,,,,,
7855,10/24/19 02:03:18 AM,99.977,12.304,,-0.050,,,,
7856,10/24/19 02:03:38 AM,,,100.032,,,,,
7857,10/24/19 02:05:18 AM,99.985,12.207,,-0.049,,,,
7858,10/24/19 02:05:38 AM,,,100.032,,,,,
7859,10/24/19 02:07:18 AM,99.974,12.207,,-0.050,,,,
7860,10/24/19 02:07:38 AM,,,100.032,,,,,
7861,10/24/19 02:09:18 AM,99.962,12.207,,-0.051,,,,
7862,10/24/19 02:09:38 AM,,,100.032,,,,,
7863,10/24/19 02:11:18 AM,99.959,12.110,,-0.051,,,,
7864,10/24/19 02:11:38 AM,,,100.028,,,,,
7865,10/24/19 02:13:18 AM,99.970,12.110,,-0.051,,,,
7866,10/24/19 02:13:38 AM,,,100.039,,,,,
7867,10/24/19 02:15:18 AM,99.970,12.110,,-0.049,,,,
7868,10/24/19 02:15:38 AM,,,100.017,,,,,
7869,10/24/19 02:17:18 AM,99.982,12.110,,-0.049,,,,
7870,10/24/19 02:17:38 AM,,,100.039,,,,,
7871,10/24/19 02:19:18 AM,99.970,12.110,,-0.050,,,,
7872,10/24/19 02:19:38 AM,,,100.028,,,,,
7873,10/24/19 02:21:18 AM,99.967,12.013,,-0.050,,,,
7874,10/24/19 02:21:38 AM,,,100.028,,,,,
7875,10/24/19 02:23:18 AM,99.967,12.013,,-0.050,,,,
7876,10/24/19 02:23:38 AM,,,100.028,,,,,
7877,10/24/19 02:25:18 AM,99.979,12.013,,-0.049,,,,
7878,10/24/19 02:25:38 AM,,,100.028,,,,,
7879,10/24/19 02:27:18 AM,99.967,12.013,,-0.050,,,,
7880,10/24/19 02:27:38 AM,,,100.028,,,,,
7881,10/24/19 02:29:18 AM,99.967,12.013,,-0.050,,,,
7882,10/24/19 02:29:38 AM,,,100.028,,,,,
7883,10/24/19 02:31:18 AM,99.967,12.013,,-0.050,,,,
7884,10/24/19 02:31:38 AM,,,100.028,,,,,
7885,10/24/19 02:33:18 AM,99.979,12.013,,-0.049,,,,
7886,10/24/19 02:33:38 AM,,,100.024,,,,,
7887,10/24/19 02:35:18 AM,99.979,12.013,,-0.049,,,,
7888,10/24/19 02:35:38 AM,,,100.024,,,,,
7889,10/24/19 02:37:18 AM,99.952,11.916,,-0.052,,,,
7890,10/24/19 02:37:38 AM,,,100.035,,,,,
7891,10/24/19 02:39:18 AM,99.952,11.916,,-0.051,,,,
7892,10/24/19 02:39:38 AM,,,100.024,,,,,
7893,10/24/19 02:41:18 AM,99.952,11.916,,-0.051,,,,
7894,10/24/19 02:41:38 AM,,,100.024,,,,,
7895,10/24/19 02:43:18 AM,99.964,11.916,,-0.050,,,,
7896,10/24/19 02:43:38 AM,,,100.024,,,,,
7897,10/24/19 02:45:18 AM,99.952,11.916,,-0.051,,,,
7898,10/24/19 02:45:38 AM,,,100.024,,,,,
7899,10/24/19 02:47:18 AM,99.952,11.916,,-0.050,,,,
7900,10/24/19 02:47:38 AM,,,100.014,,,,,
7901,10/24/19 02:49:18 AM,99.976,11.916,,-0.049,,,,
7902,10/24/19 02:49:38 AM,,,100.024,,,,,
7903,10/24/19 02:51:18 AM,99.952,11.916,,-0.051,,,,
7904,10/24/19 02:51:38 AM,,,100.024,,,,,
7905,10/24/19 02:53:18 AM,99.941,11.916,,-0.052,,,,
7906,10/24/19 02:53:38 AM,,,100.024,,,,,
7907,10/24/19 02:55:18 AM,99.964,11.916,,-0.049,,,,
7908,10/24/19 02:55:38 AM,,,100.014,,,,,
7909,10/24/19 02:57:18 AM,99.952,11.916,,-0.050,,,,
7910,10/24/19 02:57:38 AM,,,100.014,,,,,
7911,10/24/19 02:59:18 AM,99.949,11.819,,-0.050,,,,
7912,10/24/19 02:59:38 AM,,,100.003,,,,,
7913,10/24/19 03:01:18 AM,99.949,11.819,,-0.051,,,,
7914,10/24/19 03:01:38 AM,,,100.021,,,,,
7915,10/24/19 03:03:18 AM,99.949,11.819,,-0.052,,,,
7916,10/24/19 03:03:38 AM,,,100.032,,,,,
7917,10/24/19 03:05:18 AM,99.937,11.819,,-0.053,,,,
7918,10/24/19 03:05:38 AM,,,100.021,,,,,
7919,10/24/19 03:07:18 AM,99.949,11.819,,-0.050,,,,
7920,10/24/19 03:07:38 AM,,,100.010,,,,,
7921,10/24/19 03:09:18 AM,99.937,11.819,,-0.052,,,,
7922,10/24/19 03:09:38 AM,,,100.021,,,,,
7923,10/24/19 03:11:18 AM,99.949,11.819,,-0.050,,,,
7924,10/24/19 03:11:38 AM,,,100.010,,,,,
7925,10/24/19 03:13:18 AM,99.946,11.722,,-0.050,,,,
7926,10/24/19 03:13:38 AM,,,100.010,,,,,
7927,10/24/19 03:15:18 AM,99.934,11.722,,-0.053,,,,
7928,10/24/19 03:15:38 AM,,,100.021,,,,,
7929,10/24/19 03:17:18 AM,99.957,11.722,,-0.050,,,,
7930,10/24/19 03:17:38 AM,,,100.021,,,,,
7931,10/24/19 03:19:18 AM,99.946,11.722,,-0.051,,,,
7932,10/24/19 03:19:38 AM,,,100.010,,,,,
7933,10/24/19 03:21:18 AM,99.969,11.722,,-0.049,,,,
7934,10/24/19 03:21:38 AM,,,100.021,,,,,
7935,10/24/19 03:23:18 AM,99.957,11.722,,-0.050,,,,
7936,10/24/19 03:23:38 AM,,,100.021,,,,,
7937,10/24/19 03:25:18 AM,99.957,11.722,,-0.050,,,,
7938,10/24/19 03:25:38 AM,,,100.021,,,,,
7939,10/24/19 03:27:18 AM,99.954,11.625,,-0.051,,,,
7940,10/24/19 03:27:38 AM,,,100.028,,,,,
7941,10/24/19 03:29:18 AM,99.954,11.625,,-0.050,,,,
7942,10/24/19 03:29:38 AM,,,100.006,,,,,
7943,10/24/19 03:31:18 AM,99.966,11.625,,-0.050,,,,
7944,10/24/19 03:31:38 AM,,,100.028,,,,,
7945,10/24/19 03:33:18 AM,99.966,11.625,,-0.049,,,,
7946,10/24/19 03:33:38 AM,,,100.017,,,,,
7947,10/24/19 03:35:18 AM,99.966,11.625,,-0.051,,,,
7948,10/24/19 03:35:38 AM,,,100.039,,,,,
7949,10/24/19 03:37:18 AM,99.966,11.625,,-0.050,,,,
7950,10/24/19 03:37:38 AM,,,100.017,,,,,
7951,10/24/19 03:39:18 AM,99.954,11.625,,-0.051,,,,
7952,10/24/19 03:39:38 AM,,,100.028,,,,,
7953,10/24/19 03:41:18 AM,99.954,11.625,,-0.052,,,,
7954,10/24/19 03:41:38 AM,,,100.039,,,,,
7955,10/24/19 03:43:18 AM,99.954,11.625,,-0.052,,,,
7956,10/24/19 03:43:38 AM,,,100.028,,,,,
7957,10/24/19 03:45:18 AM,99.966,11.625,,-0.051,,,,
7958,10/24/19 03:45:38 AM,,,100.039,,,,,
7959,10/24/19 03:47:18 AM,99.954,11.625,,-0.053,,,,
7960,10/24/19 03:47:38 AM,,,100.039,,,,,
7961,10/24/19 03:49:18 AM,99.966,11.625,,-0.051,,,,
7962,10/24/19 03:49:38 AM,,,100.039,,,,,
7963,10/24/19 03:51:18 AM,99.954,11.625,,-0.053,,,,
7964,10/24/19 03:51:38 AM,,,100.049,,,,,
7965,10/24/19 03:53:18 AM,99.966,11.625,,-0.051,,,,
7966,10/24/19 03:53:38 AM,,,100.028,,,,,
7967,10/24/19 03:55:18 AM,99.954,11.625,,-0.052,,,,
7968,10/24/19 03:55:38 AM,,,100.035,,,,,
7969,10/24/19 03:57:18 AM,99.977,11.625,,-0.051,,,,
7970,10/24/19 03:57:38 AM,,,100.046,,,,,
7971,10/24/19 03:59:18 AM,99.963,11.528,,-0.051,,,,
7972,10/24/19 03:59:38 AM,,,100.035,,,,,
7973,10/24/19 04:01:18 AM,99.951,11.528,,-0.053,,,,
7974,10/24/19 04:01:38 AM,,,100.035,,,,,
7975,10/24/19 04:03:18 AM,99.974,11.528,,-0.050,,,,
7976,10/24/19 04:03:38 AM,,,100.035,,,,,
7977,10/24/19 04:05:18 AM,99.986,11.528,,-0.048,,,,
7978,10/24/19 04:05:38 AM,,,100.024,,,,,
7979,10/24/19 04:07:18 AM,99.959,11.431,,-0.052,,,,
7980,10/24/19 04:07:38 AM,,,100.035,,,,,
7981,10/24/19 04:09:18 AM,100.006,11.431,,-0.047,,,,
7982,10/24/19 04:09:38 AM,,,100.035,,,,,
7983,10/24/19 04:11:18 AM,99.983,11.431,,-0.048,,,,
7984,10/24/19 04:11:38 AM,,,100.024,,,,,
7985,10/24/19 04:13:18 AM,99.959,11.431,,-0.052,,,,
7986,10/24/19 04:13:38 AM,,,100.035,,,,,
7987,10/24/19 04:15:18 AM,99.971,11.431,,-0.050,,,,
7988,10/24/19 04:15:38 AM,,,100.035,,,,,
7989,10/24/19 04:17:18 AM,99.971,11.431,,-0.051,,,,
7990,10/24/19 04:17:38 AM,,,100.046,,,,,
7991,10/24/19 04:19:18 AM,99.974,11.528,,-0.051,,,,
7992,10/24/19 04:19:38 AM,,,100.046,,,,,
7993,10/24/19 04:21:18 AM,100.009,11.528,,-0.047,,,,
7994,10/24/19 04:21:38 AM,,,100.035,,,,,
7995,10/24/19 04:23:18 AM,99.974,11.528,,-0.049,,,,
7996,10/24/19 04:23:38 AM,,,100.024,,,,,
7997,10/24/19 04:25:18 AM,99.986,11.528,,-0.049,,,,
7998,10/24/19 04:25:38 AM,,,100.035,,,,,
7999,10/24/19 04:27:18 AM,99.986,11.528,,-0.051,,,,
8000,10/24/19 04:27:38 AM,,,100.056,,,,,
8001,10/24/19 04:29:18 AM,99.963,11.528,,-0.053,,,,
8002,10/24/19 04:29:38 AM,,,100.046,,,,,
8003,10/24/19 04:31:18 AM,99.986,11.528,,-0.050,,,,
8004,10/24/19 04:31:38 AM,,,100.042,,,,,
8005,10/24/19 04:33:18 AM,99.998,11.528,,-0.048,,,,
8006,10/24/19 04:33:38 AM,,,100.042,,,,,
8007,10/24/19 04:35:18 AM,99.998,11.528,,-0.049,,,,
8008,10/24/19 04:35:38 AM,,,100.053,,,,,
8009,10/24/19 04:37:18 AM,99.998,11.528,,-0.050,,,,
8010,10/24/19 04:37:38 AM,,,100.053,,,,,
8011,10/24/19 04:39:18 AM,99.986,11.528,,-0.051,,,,
8012,10/24/19 04:39:38 AM,,,100.053,,,,,
8013,10/24/19 04:41:18 AM,99.986,11.528,,-0.051,,,,
8014,10/24/19 04:41:38 AM,,,100.053,,,,,
8015,10/24/19 04:43:18 AM,100.021,11.528,,-0.046,,,,
8016,10/24/19 04:43:38 AM,,,100.042,,,,,
8017,10/24/19 04:45:18 AM,100.009,11.528,,-0.048,,,,
8018,10/24/19 04:45:38 AM,,,100.053,,,,,
8019,10/24/19 04:47:18 AM,99.974,11.528,,-0.051,,,,
8020,10/24/19 04:47:38 AM,,,100.042,,,,,
8021,10/24/19 04:49:18 AM,100.021,11.528,,-0.047,,,,
8022,10/24/19 04:49:38 AM,,,100.053,,,,,
8023,10/24/19 04:51:18 AM,100.021,11.528,,-0.047,,,,
8024,10/24/19 04:51:38 AM,,,100.053,,,,,
8025,10/24/19 04:53:18 AM,100.009,11.528,,-0.048,,,,
8026,10/24/19 04:53:38 AM,,,100.053,,,,,
8027,10/24/19 04:55:18 AM,100.009,11.528,,-0.050,,,,
8028,10/24/19 04:55:38 AM,,,100.074,,,,,
8029,10/24/19 04:57:18 AM,100.009,11.528,,-0.049,,,,
8030,10/24/19 04:57:38 AM,,,100.053,,,,,
8031,10/24/19 04:59:18 AM,100.032,11.528,,-0.046,,,,
8032,10/24/19 04:59:38 AM,,,100.053,,,,,
8033,10/24/19 05:01:18 AM,100.032,11.528,,-0.046,,,,
8034,10/24/19 05:01:38 AM,,,100.053,,,,,
8035,10/24/19 05:03:18 AM,100.021,11.528,,-0.047,,,,
8036,10/24/19 05:03:38 AM,,,100.053,,,,,
8037,10/24/19 05:05:18 AM,99.998,11.528,,-0.050,,,,
8038,10/24/19 05:05:38 AM,,,100.060,,,,,
8039,10/24/19 05:07:18 AM,100.021,11.528,,-0.048,,,,
8040,10/24/19 05:07:38 AM,,,100.060,,,,,
8041,10/24/19 05:09:18 AM,100.012,11.625,,-0.050,,,,
8042,10/24/19 05:09:38 AM,,,100.071,,,,,
8043,10/24/19 05:11:18 AM,100.036,11.625,,-0.048,,,,
8044,10/24/19 05:11:38 AM,,,100.071,,,,,
8045,10/24/19 05:13:18 AM,100.012,11.625,,-0.050,,,,
8046,10/24/19 05:13:38 AM,,,100.071,,,,,
8047,10/24/19 05:15:18 AM,100.021,11.528,,-0.050,,,,
8048,10/24/19 05:15:38 AM,,,100.081,,,,,
8049,10/24/19 05:17:18 AM,100.009,11.528,,-0.050,,,,
8050,10/24/19 05:17:38 AM,,,100.071,,,,,
8051,10/24/19 05:19:18 AM,100.021,11.528,,-0.050,,,,
8052,10/24/19 05:19:38 AM,,,100.081,,,,,
8053,10/24/19 05:21:18 AM,100.032,11.528,,-0.049,,,,
8054,10/24/19 05:21:38 AM,,,100.081,,,,,
8055,10/24/19 05:23:18 AM,100.032,11.528,,-0.049,,,,
8056,10/24/19 05:23:38 AM,,,100.081,,,,,
8057,10/24/19 05:25:18 AM,100.021,11.528,,-0.051,,,,
8058,10/24/19 05:25:38 AM,,,100.092,,,,,
8059,10/24/19 05:27:18 AM,100.021,11.528,,-0.051,,,,
8060,10/24/19 05:27:38 AM,,,100.092,,,,,
8061,10/24/19 05:29:18 AM,100.021,11.528,,-0.050,,,,
8062,10/24/19 05:29:38 AM,,,100.081,,,,,
8063,10/24/19 05:31:18 AM,100.029,11.431,,-0.050,,,,
8064,10/24/19 05:31:38 AM,,,100.092,,,,,
8065,10/24/19 05:33:18 AM,100.041,11.431,,-0.049,,,,
8066,10/24/19 05:33:38 AM,,,100.092,,,,,
8067,10/24/19 05:35:18 AM,100.041,11.431,,-0.048,,,,
8068,10/24/19 05:35:38 AM,,,100.081,,,,,
8069,10/24/19 05:37:18 AM,100.053,11.431,,-0.046,,,,
8070,10/24/19 05:37:38 AM,,,100.071,,,,,
8071,10/24/19 05:39:18 AM,100.053,11.431,,-0.048,,,,
8072,10/24/19 05:39:38 AM,,,100.092,,,,,
8073,10/24/19 05:41:18 AM,100.029,11.431,,-0.049,,,,
8074,10/24/19 05:41:38 AM,,,100.081,,,,,
8075,10/24/19 05:43:18 AM,100.049,11.334,,-0.047,,,,
8076,10/24/19 05:43:38 AM,,,100.081,,,,,
8077,10/24/19 05:45:18 AM,100.038,11.334,,-0.048,,,,
8078,10/24/19 05:45:38 AM,,,100.081,,,,,
8079,10/24/19 05:47:18 AM,100.049,11.334,,-0.047,,,,
8080,10/24/19 05:47:38 AM,,,100.078,,,,,
8081,10/24/19 05:49:18 AM,100.049,11.334,,-0.046,,,,
8082,10/24/19 05:49:38 AM,,,100.067,,,,,
8083,10/24/19 05:51:18 AM,100.038,11.334,,-0.047,,,,
8084,10/24/19 05:51:38 AM,,,100.067,,,,,
8085,10/24/19 05:53:18 AM,100.053,11.431,,-0.046,,,,
8086,10/24/19 05:53:38 AM,,,100.078,,,,,
8087,10/24/19 05:55:18 AM,100.064,11.431,,-0.045,,,,
8088,10/24/19 05:55:38 AM,,,100.078,,,,,
8089,10/24/19 05:57:18 AM,100.053,11.431,,-0.047,,,,
8090,10/24/19 05:57:38 AM,,,100.088,,,,,
8091,10/24/19 05:59:18 AM,100.038,11.334,,-0.048,,,,
8092,10/24/19 05:59:38 AM,,,100.078,,,,,
8093,10/24/19 06:01:18 AM,100.038,11.334,,-0.049,,,,
8094,10/24/19 06:01:38 AM,,,100.088,,,,,
8095,10/24/19 06:03:18 AM,100.053,11.431,,-0.048,,,,
8096,10/24/19 06:03:38 AM,,,100.088,,,,,
8097,10/24/19 06:05:18 AM,100.041,11.431,,-0.049,,,,
8098,10/24/19 06:05:38 AM,,,100.088,,,,,
8099,10/24/19 06:07:18 AM,100.064,11.431,,-0.046,,,,
8100,10/24/19 06:07:38 AM,,,100.088,,,,,
8101,10/24/19 06:09:18 AM,100.053,11.431,,-0.048,,,,
8102,10/24/19 06:09:38 AM,,,100.099,,,,,
8103,10/24/19 06:11:18 AM,100.053,11.431,,-0.048,,,,
8104,10/24/19 06:11:38 AM,,,100.088,,,,,
8105,10/24/19 06:13:18 AM,100.044,11.528,,-0.049,,,,
8106,10/24/19 06:13:38 AM,,,100.099,,,,,
8107,10/24/19 06:15:18 AM,100.044,11.528,,-0.050,,,,
8108,10/24/19 06:15:38 AM,,,100.110,,,,,
8109,10/24/19 06:17:18 AM,100.079,11.528,,-0.047,,,,
8110,10/24/19 06:17:38 AM,,,100.110,,,,,
8111,10/24/19 06:19:18 AM,100.056,11.528,,-0.049,,,,
8112,10/24/19 06:19:38 AM,,,100.099,,,,,
8113,10/24/19 06:21:18 AM,100.067,11.528,,-0.049,,,,
8114,10/24/19 06:21:38 AM,,,100.121,,,,,
8115,10/24/19 06:23:18 AM,100.071,11.625,,-0.048,,,,
8116,10/24/19 06:23:38 AM,,,100.106,,,,,
8117,10/24/19 06:25:18 AM,100.082,11.625,,-0.047,,,,
8118,10/24/19 06:25:38 AM,,,100.117,,,,,
8119,10/24/19 06:27:18 AM,100.071,11.625,,-0.048,,,,
8120,10/24/19 06:27:38 AM,,,100.106,,,,,
8121,10/24/19 06:29:18 AM,100.071,11.625,,-0.048,,,,
8122,10/24/19 06:29:38 AM,,,100.117,,,,,
8123,10/24/19 06:31:18 AM,100.086,11.722,,-0.047,,,,
8124,10/24/19 06:31:38 AM,,,100.117,,,,,
8125,10/24/19 06:33:18 AM,100.097,11.722,,-0.047,,,,
8126,10/24/19 06:33:38 AM,,,100.128,,,,,
8127,10/24/19 06:35:18 AM,100.074,11.722,,-0.048,,,,
8128,10/24/19 06:35:38 AM,,,100.106,,,,,
8129,10/24/19 06:37:18 AM,100.089,11.819,,-0.047,,,,
8130,10/24/19 06:37:38 AM,,,100.117,,,,,
8131,10/24/19 06:39:18 AM,100.077,11.819,,-0.049,,,,
8132,10/24/19 06:39:38 AM,,,100.128,,,,,
8133,10/24/19 06:41:18 AM,100.089,11.819,,-0.047,,,,
8134,10/24/19 06:41:38 AM,,,100.117,,,,,
8135,10/24/19 06:43:18 AM,100.092,11.916,,-0.047,,,,
8136,10/24/19 06:43:38 AM,,,100.128,,,,,
8137,10/24/19 06:45:18 AM,100.092,11.916,,-0.048,,,,
8138,10/24/19 06:45:38 AM,,,100.128,,,,,
8139,10/24/19 06:47:18 AM,100.107,12.013,,-0.045,,,,
8140,10/24/19 06:47:38 AM,,,100.117,,,,,
8141,10/24/19 06:49:18 AM,100.084,12.013,,-0.047,,,,
8142,10/24/19 06:49:38 AM,,,100.117,,,,,
8143,10/24/19 06:51:18 AM,100.095,12.013,,-0.047,,,,
8144,10/24/19 06:51:38 AM,,,100.124,,,,,
8145,10/24/19 06:53:18 AM,100.087,12.110,,-0.048,,,,
8146,10/24/19 06:53:38 AM,,,100.124,,,,,
8147,10/24/19 06:55:18 AM,100.087,12.110,,-0.047,,,,
8148,10/24/19 06:55:38 AM,,,100.113,,,,,
8149,10/24/19 06:57:18 AM,100.087,12.110,,-0.048,,,,
8150,10/24/19 06:57:38 AM,,,100.124,,,,,
8151,10/24/19 06:59:18 AM,100.079,12.207,,-0.049,,,,
8152,10/24/19 06:59:38 AM,,,100.124,,,,,
8153,10/24/19 07:01:18 AM,100.090,12.207,,-0.047,,,,
8154,10/24/19 07:01:38 AM,,,100.124,,,,,
8155,10/24/19 07:03:18 AM,100.090,12.207,,-0.047,,,,
8156,10/24/19 07:03:38 AM,,,100.124,,,,,
8157,10/24/19 07:05:18 AM,100.082,12.304,,-0.050,,,,
8158,10/24/19 07:05:38 AM,,,100.146,,,,,
8159,10/24/19 07:07:18 AM,100.082,12.304,,-0.049,,,,
8160,10/24/19 07:07:38 AM,,,100.124,,,,,
8161,10/24/19 07:09:18 AM,100.085,12.401,,-0.049,,,,
8162,10/24/19 07:09:38 AM,,,100.135,,,,,
8163,10/24/19 07:11:18 AM,100.108,12.401,,-0.047,,,,
8164,10/24/19 07:11:38 AM,,,100.135,,,,,
8165,10/24/19 07:13:18 AM,100.112,12.497,,-0.045,,,,
8166,10/24/19 07:13:38 AM,,,100.124,,,,,
8167,10/24/19 07:15:18 AM,100.100,12.497,,-0.047,,,,
8168,10/24/19 07:15:38 AM,,,100.135,,,,,
8169,10/24/19 07:17:18 AM,100.092,12.594,,-0.048,,,,
8170,10/24/19 07:17:38 AM,,,100.131,,,,,
8171,10/24/19 07:19:18 AM,100.107,12.690,,-0.045,,,,
8172,10/24/19 07:19:38 AM,,,100.110,,,,,
8173,10/24/19 07:21:18 AM,100.075,12.787,,-0.049,,,,
8174,10/24/19 07:21:38 AM,,,100.131,,,,,
8175,10/24/19 07:23:18 AM,100.101,12.883,,-0.047,,,,
8176,10/24/19 07:23:38 AM,,,100.131,,,,,
8177,10/24/19 07:25:18 AM,100.093,12.980,,-0.048,,,,
8178,10/24/19 07:25:38 AM,,,100.138,,,,,
8179,10/24/19 07:27:18 AM,100.108,13.076,,-0.048,,,,
8180,10/24/19 07:27:38 AM,,,100.149,,,,,
8181,10/24/19 07:29:18 AM,100.099,13.173,,-0.049,,,,
8182,10/24/19 07:29:38 AM,,,100.149,,,,,
8183,10/24/19 07:31:18 AM,100.091,13.269,,-0.050,,,,
8184,10/24/19 07:31:38 AM,,,100.149,,,,,
8185,10/24/19 07:33:18 AM,100.118,13.365,,-0.046,,,,
8186,10/24/19 07:33:38 AM,,,100.138,,,,,
8187,10/24/19 07:35:18 AM,100.113,13.558,,-0.046,,,,
8188,10/24/19 07:35:38 AM,,,100.138,,,,,
8189,10/24/19 07:37:18 AM,100.127,13.654,,-0.046,,,,
8190,10/24/19 07:37:38 AM,,,100.149,,,,,
8191,10/24/19 07:39:18 AM,100.111,13.846,,-0.048,,,,
8192,10/24/19 07:39:38 AM,,,100.149,,,,,
8193,10/24/19 07:41:18 AM,100.117,14.038,,-0.048,,,,
8194,10/24/19 07:41:38 AM,,,100.160,,,,,
8195,10/24/19 07:43:18 AM,100.120,14.134,,-0.047,,,,
8196,10/24/19 07:43:38 AM,,,100.149,,,,,
8197,10/24/19 07:45:18 AM,100.124,14.230,,-0.046,,,,
8198,10/24/19 07:45:38 AM,,,100.138,,,,,
8199,10/24/19 07:47:18 AM,100.142,14.421,,-0.045,,,,
8200,10/24/19 07:47:38 AM,,,100.160,,,,,
8201,10/24/19 07:49:18 AM,100.133,14.517,,-0.047,,,,
8202,10/24/19 07:49:38 AM,,,100.160,,,,,
8203,10/24/19 07:51:18 AM,100.148,14.613,,-0.046,,,,
8204,10/24/19 07:51:38 AM,,,100.164,,,,,
8205,10/24/19 07:53:18 AM,100.137,14.613,,-0.049,,,,
8206,10/24/19 07:53:38 AM,,,100.186,,,,,
8207,10/24/19 07:55:18 AM,100.152,14.709,,-0.046,,,,
8208,10/24/19 07:55:38 AM,,,100.164,,,,,
8209,10/24/19 07:57:18 AM,100.132,14.804,,-0.048,,,,
8210,10/24/19 07:57:38 AM,,,100.168,,,,,
8211,10/24/19 07:59:18 AM,100.135,14.900,,-0.046,,,,
8212,10/24/19 07:59:38 AM,,,100.157,,,,,
8213,10/24/19 08:01:18 AM,100.146,14.900,,-0.046,,,,
8214,10/24/19 08:01:38 AM,,,100.168,,,,,
8215,10/24/19 08:03:18 AM,100.150,14.996,,-0.046,,,,
8216,10/24/19 08:03:38 AM,,,100.172,,,,,
8217,10/24/19 08:05:18 AM,100.161,14.996,,-0.044,,,,
8218,10/24/19 08:05:38 AM,,,100.165,,,,,
8219,10/24/19 08:07:18 AM,100.138,14.996,,-0.047,,,,
8220,10/24/19 08:07:38 AM,,,100.165,,,,,
8221,10/24/19 08:09:18 AM,100.130,15.091,,-0.048,,,,
8222,10/24/19 08:09:38 AM,,,100.169,,,,,
8223,10/24/19 08:11:18 AM,100.130,15.091,,-0.049,,,,
8224,10/24/19 08:11:38 AM,,,100.179,,,,,
8225,10/24/19 08:13:18 AM,100.153,15.091,,-0.048,,,,
8226,10/24/19 08:13:38 AM,,,100.194,,,,,
8227,10/24/19 08:15:18 AM,100.156,15.187,,-0.046,,,,
8228,10/24/19 08:15:38 AM,,,100.172,,,,,
8229,10/24/19 08:17:18 AM,100.168,15.187,,-0.046,,,,
8230,10/24/19 08:17:38 AM,,,100.187,,,,,
8231,10/24/19 08:19:18 AM,100.156,15.187,,-0.045,,,,
8232,10/24/19 08:19:38 AM,,,100.165,,,,,
8233,10/24/19 08:21:18 AM,100.159,15.282,,-0.047,,,,
8234,10/24/19 08:21:38 AM,,,100.191,,,,,
8235,10/24/19 08:23:18 AM,100.159,15.282,,-0.047,,,,
8236,10/24/19 08:23:38 AM,,,100.191,,,,,
8237,10/24/19 08:25:18 AM,100.151,15.378,,-0.047,,,,
8238,10/24/19 08:25:38 AM,,,100.184,,,,,
8239,10/24/19 08:27:18 AM,100.163,15.378,,-0.047,,,,
8240,10/24/19 08:27:38 AM,,,100.195,,,,,
8241,10/24/19 08:29:18 AM,100.166,15.473,,-0.046,,,,
8242,10/24/19 08:29:38 AM,,,100.188,,,,,
8243,10/24/19 08:31:18 AM,100.158,15.569,,-0.048,,,,
8244,10/24/19 08:31:38 AM,,,100.199,,,,,
8245,10/24/19 08:33:18 AM,100.161,15.664,,-0.047,,,,
8246,10/24/19 08:33:38 AM,,,100.188,,,,,
8247,10/24/19 08:35:18 AM,100.149,15.664,,-0.048,,,,
8248,10/24/19 08:35:38 AM,,,100.192,,,,,
8249,10/24/19 08:37:18 AM,100.141,15.760,,-0.048,,,,
8250,10/24/19 08:37:38 AM,,,100.181,,,,,
8251,10/24/19 08:39:18 AM,100.159,15.951,,-0.048,,,,
8252,10/24/19 08:39:38 AM,,,100.206,,,,,
8253,10/24/19 08:41:18 AM,100.162,16.046,,-0.048,,,,
8254,10/24/19 08:41:38 AM,,,100.196,,,,,
8255,10/24/19 08:43:18 AM,100.154,16.141,,-0.048,,,,
8256,10/24/19 08:43:38 AM,,,100.189,,,,,
8257,10/24/19 08:45:18 AM,100.169,16.237,,-0.046,,,,
8258,10/24/19 08:45:38 AM,,,100.189,,,,,
8259,10/24/19 08:47:18 AM,100.137,16.332,,-0.050,,,,
8260,10/24/19 08:47:38 AM,,,100.199,,,,,
8261,10/24/19 08:49:18 AM,100.155,16.523,,-0.048,,,,
8262,10/24/19 08:49:38 AM,,,100.192,,,,,
8263,10/24/19 08:51:18 AM,100.170,16.618,,-0.046,,,,
8264,10/24/19 08:51:38 AM,,,100.192,,,,,
8265,10/24/19 08:53:18 AM,100.150,16.713,,-0.048,,,,
8266,10/24/19 08:53:38 AM,,,100.185,,,,,
8267,10/24/19 08:55:18 AM,100.165,16.808,,-0.046,,,,
8268,10/24/19 08:55:38 AM,,,100.185,,,,,
8269,10/24/19 08:57:18 AM,100.133,16.903,,-0.049,,,,
8270,10/24/19 08:57:38 AM,,,100.178,,,,,
8271,10/24/19 08:59:18 AM,100.145,16.903,,-0.048,,,,
8272,10/24/19 08:59:38 AM,,,100.189,,,,,
8273,10/24/19 09:01:18 AM,100.148,16.999,,-0.047,,,,
8274,10/24/19 09:01:38 AM,,,100.178,,,,,
8275,10/24/19 09:03:18 AM,100.152,17.094,,-0.047,,,,
8276,10/24/19 09:03:38 AM,,,100.182,,,,,
8277,10/24/19 09:05:18 AM,100.152,17.094,,-0.047,,,,
8278,10/24/19 09:05:38 AM,,,100.182,,,,,
8279,10/24/19 09:07:18 AM,100.143,17.189,,-0.047,,,,
8280,10/24/19 09:07:38 AM,,,100.171,,,,,
8281,10/24/19 09:09:18 AM,100.147,17.284,,-0.047,,,,
8282,10/24/19 09:09:38 AM,,,100.175,,,,,
8283,10/24/19 09:11:18 AM,100.150,17.379,,-0.048,,,,
8284,10/24/19 09:11:38 AM,,,100.197,,,,,
8285,10/24/19 09:13:18 AM,100.150,17.379,,-0.048,,,,
8286,10/24/19 09:13:38 AM,,,100.186,,,,,
8287,10/24/19 09:15:18 AM,100.141,17.475,,-0.049,,,,
8288,10/24/19 09:15:38 AM,,,100.190,,,,,
8289,10/24/19 09:17:18 AM,100.153,17.475,,-0.047,,,,
8290,10/24/19 09:17:38 AM,,,100.179,,,,,
8291,10/24/19 09:19:18 AM,100.156,17.570,,-0.048,,,,
8292,10/24/19 09:19:38 AM,,,100.201,,,,,
8293,10/24/19 09:21:18 AM,100.168,17.570,,-0.047,,,,
8294,10/24/19 09:21:38 AM,,,100.201,,,,,
8295,10/24/19 09:23:18 AM,100.148,17.665,,-0.049,,,,
8296,10/24/19 09:23:38 AM,,,100.194,,,,,
8297,10/24/19 09:25:18 AM,100.148,17.665,,-0.050,,,,
8298,10/24/19 09:25:38 AM,,,100.205,,,,,
8299,10/24/19 09:27:18 AM,100.175,17.760,,-0.048,,,,
8300,10/24/19 09:27:38 AM,,,100.216,,,,,
8301,10/24/19 09:29:18 AM,100.163,17.760,,-0.049,,,,
8302,10/24/19 09:29:38 AM,,,100.209,,,,,
8303,10/24/19 09:31:18 AM,100.155,17.855,,-0.049,,,,
8304,10/24/19 09:31:38 AM,,,100.209,,,,,
8305,10/24/19 09:33:18 AM,100.170,17.950,,-0.047,,,,
8306,10/24/19 09:33:38 AM,,,100.198,,,,,
8307,10/24/19 09:35:18 AM,100.161,18.045,,-0.048,,,,
8308,10/24/19 09:35:38 AM,,,100.198,,,,,
8309,10/24/19 09:37:18 AM,100.153,18.140,,-0.050,,,,
8310,10/24/19 09:37:38 AM,,,100.213,,,,,
8311,10/24/19 09:39:18 AM,100.159,18.331,,-0.049,,,,
8312,10/24/19 09:39:38 AM,,,100.202,,,,,
8313,10/24/19 09:41:18 AM,100.169,18.616,,-0.048,,,,
8314,10/24/19 09:41:38 AM,,,100.213,,,,,
8315,10/24/19 09:43:18 AM,100.164,18.806,,-0.048,,,,
8316,10/24/19 09:43:38 AM,,,100.202,,,,,
8317,10/24/19 09:45:18 AM,100.186,19.092,,-0.045,,,,
8318,10/24/19 09:45:38 AM,,,100.195,,,,,
8319,10/24/19 09:47:18 AM,100.181,19.282,,-0.045,,,,
8320,10/24/19 09:47:38 AM,,,100.195,,,,,
8321,10/24/19 09:49:18 AM,100.167,19.567,,-0.047,,,,
8322,10/24/19 09:49:38 AM,,,100.195,,,,,
8323,10/24/19 09:51:18 AM,100.174,19.758,,-0.048,,,,
8324,10/24/19 09:51:38 AM,,,100.216,,,,,
8325,10/24/19 09:53:18 AM,100.169,19.948,,-0.046,,,,
8326,10/24/19 09:53:38 AM,,,100.184,,,,,
8327,10/24/19 09:55:18 AM,100.187,20.138,,-0.045,,,,
8328,10/24/19 09:55:38 AM,,,100.199,,,,,
8329,10/24/19 09:57:18 AM,100.167,20.234,,-0.047,,,,
8330,10/24/19 09:57:38 AM,,,100.199,,,,,
8331,10/24/19 09:59:18 AM,100.174,20.424,,-0.045,,,,
8332,10/24/19 09:59:38 AM,,,100.177,,,,,
8333,10/24/19 10:01:18 AM,100.189,20.519,,-0.044,,,,
8334,10/24/19 10:01:38 AM,,,100.188,,,,,
8335,10/24/19 10:03:18 AM,100.184,20.710,,-0.044,,,,
8336,10/24/19 10:03:38 AM,,,100.188,,,,,
8337,10/24/19 10:05:18 AM,100.179,20.901,,-0.046,,,,
8338,10/24/19 10:05:38 AM,,,100.202,,,,,
8339,10/24/19 10:07:18 AM,100.171,20.996,,-0.045,,,,
8340,10/24/19 10:07:38 AM,,,100.181,,,,,
8341,10/24/19 10:09:18 AM,100.177,21.187,,-0.046,,,,
8342,10/24/19 10:09:38 AM,,,100.202,,,,,
8343,10/24/19 10:11:18 AM,100.181,21.282,,-0.045,,,,
8344,10/24/19 10:11:38 AM,,,100.192,,,,,
8345,10/24/19 10:13:18 AM,100.176,21.473,,-0.046,,,,
8346,10/24/19 10:13:38 AM,,,100.192,,,,,
8347,10/24/19 10:15:18 AM,100.179,21.569,,-0.045,,,,
8348,10/24/19 10:15:38 AM,,,100.192,,,,,
8349,10/24/19 10:17:18 AM,100.171,21.664,,-0.047,,,,
8350,10/24/19 10:17:38 AM,,,100.202,,,,,
8351,10/24/19 10:19:18 AM,100.174,21.760,,-0.046,,,,
8352,10/24/19 10:19:38 AM,,,100.195,,,,,
8353,10/24/19 10:21:18 AM,100.189,21.855,,-0.045,,,,
8354,10/24/19 10:21:38 AM,,,100.195,,,,,
8355,10/24/19 10:23:18 AM,100.196,22.046,,-0.044,,,,
8356,10/24/19 10:23:38 AM,,,100.195,,,,,
8357,10/24/19 10:25:18 AM,100.188,22.142,,-0.045,,,,
8358,10/24/19 10:25:38 AM,,,100.195,,,,,
8359,10/24/19 10:27:18 AM,100.191,22.238,,-0.045,,,,
8360,10/24/19 10:27:38 AM,,,100.206,,,,,
8361,10/24/19 10:29:18 AM,100.206,22.333,,-0.044,,,,
8362,10/24/19 10:29:38 AM,,,100.206,,,,,
8363,10/24/19 10:31:18 AM,100.213,22.525,,-0.042,,,,
8364,10/24/19 10:31:38 AM,,,100.195,,,,,
8365,10/24/19 10:33:18 AM,100.205,22.621,,-0.042,,,,
8366,10/24/19 10:33:38 AM,,,100.185,,,,,
8367,10/24/19 10:35:18 AM,100.205,22.621,,-0.044,,,,
8368,10/24/19 10:35:38 AM,,,100.210,,,,,
8369,10/24/19 10:37:18 AM,100.196,22.717,,-0.045,,,,
8370,10/24/19 10:37:38 AM,,,100.210,,,,,
8371,10/24/19 10:39:18 AM,100.200,22.812,,-0.044,,,,
8372,10/24/19 10:39:38 AM,,,100.199,,,,,
8373,10/24/19 10:41:18 AM,100.203,22.908,,-0.043,,,,
8374,10/24/19 10:41:38 AM,,,100.188,,,,,
8375,10/24/19 10:43:18 AM,100.206,23.004,,-0.042,,,,
8376,10/24/19 10:43:38 AM,,,100.188,,,,,
8377,10/24/19 10:45:18 AM,100.206,23.004,,-0.043,,,,
8378,10/24/19 10:45:38 AM,,,100.199,,,,,
8379,10/24/19 10:47:18 AM,100.206,23.004,,-0.042,,,,
8380,10/24/19 10:47:38 AM,,,100.188,,,,,
8381,10/24/19 10:49:18 AM,100.186,23.100,,-0.045,,,,
8382,10/24/19 10:49:38 AM,,,100.199,,,,,
8383,10/24/19 10:51:18 AM,100.210,23.100,,-0.042,,,,
8384,10/24/19 10:51:38 AM,,,100.192,,,,,
8385,10/24/19 10:53:18 AM,100.198,23.100,,-0.043,,,,
8386,10/24/19 10:53:38 AM,,,100.192,,,,,
8387,10/24/19 10:55:18 AM,100.190,23.196,,-0.044,,,,
8388,10/24/19 10:55:38 AM,,,100.192,,,,,
8389,10/24/19 10:57:18 AM,100.190,23.196,,-0.044,,,,
8390,10/24/19 10:57:38 AM,,,100.192,,,,,
8391,10/24/19 10:59:18 AM,100.202,23.196,,-0.043,,,,
8392,10/24/19 10:59:38 AM,,,100.192,,,,,
8393,10/24/19 11:01:18 AM,100.190,23.196,,-0.043,,,,
8394,10/24/19 11:01:38 AM,,,100.181,,,,,
8395,10/24/19 11:03:18 AM,100.202,23.196,,-0.042,,,,
8396,10/24/19 11:03:38 AM,,,100.181,,,,,
8397,10/24/19 11:05:18 AM,100.202,23.196,,-0.042,,,,
8398,10/24/19 11:05:38 AM,,,100.181,,,,,
8399,10/24/19 11:07:18 AM,100.190,23.196,,-0.044,,,,
8400,10/24/19 11:07:38 AM,,,100.196,,,,,
8401,10/24/19 11:09:18 AM,100.190,23.196,,-0.043,,,,
8402,10/24/19 11:09:38 AM,,,100.174,,,,,
8403,10/24/19 11:11:18 AM,100.193,23.292,,-0.042,,,,
8404,10/24/19 11:11:38 AM,,,100.174,,,,,
8405,10/24/19 11:13:18 AM,100.178,23.196,,-0.044,,,,
8406,10/24/19 11:13:38 AM,,,100.174,,,,,
8407,10/24/19 11:15:18 AM,100.190,23.196,,-0.043,,,,
8408,10/24/19 11:15:38 AM,,,100.185,,,,,
8409,10/24/19 11:17:18 AM,100.202,23.196,,-0.041,,,,
8410,10/24/19 11:17:38 AM,,,100.174,,,,,
8411,10/24/19 11:19:18 AM,100.205,23.292,,-0.042,,,,
8412,10/24/19 11:19:38 AM,,,100.185,,,,,
8413,10/24/19 11:21:18 AM,100.197,23.388,,-0.043,,,,
8414,10/24/19 11:21:38 AM,,,100.185,,,,,
8415,10/24/19 11:23:18 AM,100.193,23.292,,-0.043,,,,
8416,10/24/19 11:23:38 AM,,,100.185,,,,,
8417,10/24/19 11:25:18 AM,100.205,23.292,,-0.043,,,,
8418,10/24/19 11:25:38 AM,,,100.196,,,,,
8419,10/24/19 11:27:18 AM,100.205,23.292,,-0.042,,,,
8420,10/24/19 11:27:38 AM,,,100.189,,,,,
8421,10/24/19 11:29:18 AM,100.185,23.388,,-0.043,,,,
8422,10/24/19 11:29:38 AM,,,100.178,,,,,
8423,10/24/19 11:31:18 AM,100.188,23.484,,-0.043,,,,
8424,10/24/19 11:31:38 AM,,,100.178,,,,,
8425,10/24/19 11:33:18 AM,100.192,23.581,,-0.042,,,,
8426,10/24/19 11:33:38 AM,,,100.167,,,,,
8427,10/24/19 11:35:18 AM,100.192,23.581,,-0.041,,,,
8428,10/24/19 11:35:38 AM,,,100.167,,,,,
8429,10/24/19 11:37:18 AM,100.195,23.677,,-0.042,,,,
8430,10/24/19 11:37:38 AM,,,100.178,,,,,
8431,10/24/19 11:39:18 AM,100.187,23.773,,-0.043,,,,
8432,10/24/19 11:39:38 AM,,,100.178,,,,,
8433,10/24/19 11:41:18 AM,100.187,23.773,,-0.042,,,,
8434,10/24/19 11:41:38 AM,,,100.167,,,,,
8435,10/24/19 11:43:18 AM,100.190,23.869,,-0.041,,,,
8436,10/24/19 11:43:38 AM,,,100.157,,,,,
8437,10/24/19 11:45:18 AM,100.190,23.869,,-0.041,,,,
8438,10/24/19 11:45:38 AM,,,100.157,,,,,
8439,10/24/19 11:47:18 AM,100.167,23.869,,-0.044,,,,
8440,10/24/19 11:47:38 AM,,,100.167,,,,,
8441,10/24/19 11:49:18 AM,100.190,23.869,,-0.042,,,,
8442,10/24/19 11:49:38 AM,,,100.167,,,,,
8443,10/24/19 11:51:18 AM,100.159,23.966,,-0.045,,,,
8444,10/24/19 11:51:38 AM,,,100.171,,,,,
8445,10/24/19 11:53:18 AM,100.170,23.966,,-0.042,,,,
8446,10/24/19 11:53:38 AM,,,100.150,,,,,
8447,10/24/19 11:55:18 AM,100.170,23.966,,-0.045,,,,
8448,10/24/19 11:55:38 AM,,,100.182,,,,,
8449,10/24/19 11:57:18 AM,100.162,24.062,,-0.044,,,,
8450,10/24/19 11:57:38 AM,,,100.160,,,,,
8451,10/24/19 11:59:18 AM,100.150,24.062,,-0.044,,,,
8452,10/24/19 11:59:38 AM,,,100.150,,,,,
8453,10/24/19 12:01:18 PM,100.166,24.158,,-0.042,,,,
8454,10/24/19 12:01:38 PM,,,100.150,,,,,
8455,10/24/19 12:03:18 PM,100.177,24.158,,-0.041,,,,
8456,10/24/19 12:03:38 PM,,,100.150,,,,,
8457,10/24/19 12:05:18 PM,100.154,24.158,,-0.043,,,,
8458,10/24/19 12:05:38 PM,,,100.139,,,,,
8459,10/24/19 12:07:18 PM,100.154,24.158,,-0.043,,,,
8460,10/24/19 12:07:38 PM,,,100.150,,,,,
8461,10/24/19 12:09:18 PM,100.169,24.255,,-0.041,,,,
8462,10/24/19 12:09:38 PM,,,100.139,,,,,
8463,10/24/19 12:11:18 PM,100.192,24.255,,-0.039,,,,
8464,10/24/19 12:11:38 PM,,,100.150,,,,,
8465,10/24/19 12:13:18 PM,100.184,24.351,,-0.041,,,,
8466,10/24/19 12:13:38 PM,,,100.153,,,,,
8467,10/24/19 12:15:18 PM,100.176,24.448,,-0.043,,,,
8468,10/24/19 12:15:38 PM,,,100.164,,,,,
8469,10/24/19 12:17:18 PM,100.179,24.545,,-0.041,,,,
8470,10/24/19 12:17:38 PM,,,100.153,,,,,
8471,10/24/19 12:19:18 PM,100.179,24.545,,-0.042,,,,
8472,10/24/19 12:19:38 PM,,,100.164,,,,,
8473,10/24/19 12:21:18 PM,100.183,24.641,,-0.041,,,,
8474,10/24/19 12:21:38 PM,,,100.153,,,,,
8475,10/24/19 12:23:18 PM,100.198,24.738,,-0.038,,,,
8476,10/24/19 12:23:38 PM,,,100.143,,,,,
8477,10/24/19 12:25:18 PM,100.175,24.738,,-0.042,,,,
8478,10/24/19 12:25:38 PM,,,100.153,,,,,
8479,10/24/19 12:27:18 PM,100.178,24.835,,-0.041,,,,
8480,10/24/19 12:27:38 PM,,,100.153,,,,,
8481,10/24/19 12:29:18 PM,100.178,24.835,,-0.041,,,,
8482,10/24/19 12:29:38 PM,,,100.153,,,,,
8483,10/24/19 12:31:18 PM,100.166,24.835,,-0.043,,,,
8484,10/24/19 12:31:38 PM,,,100.153,,,,,
8485,10/24/19 12:33:18 PM,100.181,24.931,,-0.040,,,,
8486,10/24/19 12:33:38 PM,,,100.143,,,,,
8487,10/24/19 12:35:18 PM,100.170,24.931,,-0.041,,,,
8488,10/24/19 12:35:38 PM,,,100.146,,,,,
8489,10/24/19 12:37:18 PM,100.181,24.931,,-0.040,,,,
8490,10/24/19 12:37:38 PM,,,100.136,,,,,
8491,10/24/19 12:39:18 PM,100.173,25.028,,-0.040,,,,
8492,10/24/19 12:39:38 PM,,,100.136,,,,,
8493,10/24/19 12:41:18 PM,100.177,25.125,,-0.040,,,,
8494,10/24/19 12:41:38 PM,,,100.136,,,,,
8495,10/24/19 12:43:18 PM,100.180,25.222,,-0.039,,,,
8496,10/24/19 12:43:38 PM,,,100.136,,,,,
8497,10/24/19 12:45:18 PM,100.195,25.319,,-0.040,,,,
8498,10/24/19 12:45:38 PM,,,100.157,,,,,
8499,10/24/19 12:47:18 PM,100.187,25.416,,-0.040,,,,
8500,10/24/19 12:47:38 PM,,,100.146,,,,,
8501,10/24/19 12:49:18 PM,100.191,25.513,,-0.038,,,,
8502,10/24/19 12:49:38 PM,,,100.136,,,,,
8503,10/24/19 12:51:18 PM,100.171,25.610,,-0.040,,,,
8504,10/24/19 12:51:38 PM,,,100.136,,,,,
8505,10/24/19 12:53:18 PM,100.174,25.708,,-0.040,,,,
8506,10/24/19 12:53:38 PM,,,100.136,,,,,
8507,10/24/19 12:55:18 PM,100.166,25.805,,-0.042,,,,
8508,10/24/19 12:55:38 PM,,,100.146,,,,,
8509,10/24/19 12:57:18 PM,100.178,25.805,,-0.039,,,,
8510,10/24/19 12:57:38 PM,,,100.129,,,,,
8511,10/24/19 12:59:18 PM,100.169,25.902,,-0.040,,,,
8512,10/24/19 12:59:38 PM,,,100.129,,,,,
8513,10/24/19 01:01:18 PM,100.169,25.902,,-0.039,,,,
8514,10/24/19 01:01:38 PM,,,100.118,,,,,
8515,10/24/19 01:03:18 PM,100.169,25.902,,-0.040,,,,
8516,10/24/19 01:03:38 PM,,,100.129,,,,,
8517,10/24/19 01:05:18 PM,100.173,26.000,,-0.040,,,,
8518,10/24/19 01:05:38 PM,,,100.139,,,,,
8519,10/24/19 01:07:18 PM,100.165,26.097,,-0.041,,,,
8520,10/24/19 01:07:38 PM,,,100.139,,,,,
8521,10/24/19 01:09:18 PM,100.180,26.195,,-0.039,,,,
8522,10/24/19 01:09:38 PM,,,100.129,,,,,
8523,10/24/19 01:11:18 PM,100.172,26.292,,-0.040,,,,
8524,10/24/19 01:11:38 PM,,,100.129,,,,,
8525,10/24/19 01:13:18 PM,100.179,26.488,,-0.037,,,,
8526,10/24/19 01:13:38 PM,,,100.111,,,,,
8527,10/24/19 01:15:18 PM,100.171,26.585,,-0.039,,,,
8528,10/24/19 01:15:38 PM,,,100.122,,,,,
8529,10/24/19 01:17:18 PM,100.174,26.683,,-0.040,,,,
8530,10/24/19 01:17:38 PM,,,100.133,,,,,
8531,10/24/19 01:19:18 PM,100.143,26.781,,-0.040,,,,
8532,10/24/19 01:19:38 PM,,,100.100,,,,,
8533,10/24/19 01:21:18 PM,100.123,26.879,,-0.042,,,,
8534,10/24/19 01:21:38 PM,,,100.100,,,,,
8535,10/24/19 01:23:18 PM,100.153,27.075,,-0.038,,,,
8536,10/24/19 01:23:38 PM,,,100.089,,,,,
8537,10/24/19 01:25:18 PM,100.133,27.173,,-0.039,,,,
8538,10/24/19 01:25:38 PM,,,100.089,,,,,
8539,10/24/19 01:27:18 PM,100.145,27.173,,-0.039,,,,
8540,10/24/19 01:27:38 PM,,,100.100,,,,,
8541,10/24/19 01:29:18 PM,100.165,27.075,,-0.037,,,,
8542,10/24/19 01:29:38 PM,,,100.093,,,,,
8543,10/24/19 01:31:18 PM,100.150,26.977,,-0.037,,,,
8544,10/24/19 01:31:38 PM,,,100.082,,,,,
8545,10/24/19 01:33:18 PM,100.134,26.879,,-0.039,,,,
8546,10/24/19 01:33:38 PM,,,100.082,,,,,
8547,10/24/19 01:35:18 PM,100.143,26.781,,-0.037,,,,
8548,10/24/19 01:35:38 PM,,,100.071,,,,,
8549,10/24/19 01:37:18 PM,100.143,26.781,,-0.039,,,,
8550,10/24/19 01:37:38 PM,,,100.104,,,,,
8551,10/24/19 01:39:18 PM,100.147,26.585,,-0.038,,,,
8552,10/24/19 01:39:38 PM,,,100.082,,,,,
8553,10/24/19 01:41:18 PM,100.137,26.292,,-0.039,,,,
8554,10/24/19 01:41:38 PM,,,100.093,,,,,
8555,10/24/19 01:43:18 PM,100.130,26.097,,-0.039,,,,
8556,10/24/19 01:43:38 PM,,,100.082,,,,,
8557,10/24/19 01:45:18 PM,100.150,26.000,,-0.037,,,,
8558,10/24/19 01:45:38 PM,,,100.082,,,,,
8559,10/24/19 01:47:18 PM,100.150,26.000,,-0.037,,,,
8560,10/24/19 01:47:38 PM,,,100.086,,,,,
8561,10/24/19 01:49:18 PM,100.130,26.097,,-0.039,,,,
8562,10/24/19 01:49:38 PM,,,100.075,,,,,
8563,10/24/19 01:51:18 PM,100.152,26.390,,-0.036,,,,
8564,10/24/19 01:51:38 PM,,,100.075,,,,,
8565,10/24/19 01:53:18 PM,100.127,26.683,,-0.038,,,,
8566,10/24/19 01:53:38 PM,,,100.064,,,,,
8567,10/24/19 01:55:18 PM,100.138,26.977,,-0.038,,,,
8568,10/24/19 01:55:38 PM,,,100.086,,,,,
8569,10/24/19 01:57:18 PM,100.133,27.173,,-0.039,,,,
8570,10/24/19 01:57:38 PM,,,100.086,,,,,
8571,10/24/19 01:59:18 PM,100.137,27.272,,-0.039,,,,
8572,10/24/19 01:59:38 PM,,,100.086,,,,,
8573,10/24/19 02:01:18 PM,100.132,27.468,,-0.040,,,,
8574,10/24/19 02:01:38 PM,,,100.090,,,,,
8575,10/24/19 02:03:18 PM,100.131,27.764,,-0.039,,,,
8576,10/24/19 02:03:38 PM,,,100.079,,,,,
8577,10/24/19 02:05:18 PM,100.150,27.961,,-0.037,,,,
8578,10/24/19 02:05:38 PM,,,100.079,,,,,
8579,10/24/19 02:07:18 PM,100.161,28.258,,-0.036,,,,
8580,10/24/19 02:07:38 PM,,,100.090,,,,,
8581,10/24/19 02:09:18 PM,100.153,28.357,,-0.037,,,,
8582,10/24/19 02:09:38 PM,,,100.079,,,,,
8583,10/24/19 02:11:18 PM,100.148,28.555,,-0.037,,,,
8584,10/24/19 02:11:38 PM,,,100.079,,,,,
8585,10/24/19 02:13:18 PM,100.132,28.754,,-0.039,,,,
8586,10/24/19 02:13:38 PM,,,100.079,,,,,
8587,10/24/19 02:15:18 PM,100.163,28.953,,-0.035,,,,
8588,10/24/19 02:15:38 PM,,,100.079,,,,,
8589,10/24/19 02:17:18 PM,100.155,29.053,,-0.036,,,,
8590,10/24/19 02:17:38 PM,,,100.083,,,,,
8591,10/24/19 02:19:18 PM,100.170,29.152,,-0.036,,,,
8592,10/24/19 02:19:38 PM,,,100.094,,,,,
8593,10/24/19 02:21:18 PM,100.174,29.252,,-0.035,,,,
8594,10/24/19 02:21:38 PM,,,100.083,,,,,
8595,10/24/19 02:23:18 PM,100.189,29.352,,-0.032,,,,
8596,10/24/19 02:23:38 PM,,,100.072,,,,,
8597,10/24/19 02:25:18 PM,100.173,29.552,,-0.035,,,,
8598,10/24/19 02:25:38 PM,,,100.083,,,,,
8599,10/24/19 02:27:18 PM,100.165,29.652,,-0.035,,,,
8600,10/24/19 02:27:38 PM,,,100.072,,,,,
8601,10/24/19 02:29:18 PM,100.157,29.752,,-0.035,,,,
8602,10/24/19 02:29:38 PM,,,100.065,,,,,
8603,10/24/19 02:31:18 PM,100.149,29.853,,-0.037,,,,
8604,10/24/19 02:31:38 PM,,,100.087,,,,,
8605,10/24/19 02:33:18 PM,100.152,29.953,,-0.034,,,,
8606,10/24/19 02:33:38 PM,,,100.054,,,,,
8607,10/24/19 02:35:18 PM,100.160,30.154,,-0.035,,,,
8608,10/24/19 02:35:38 PM,,,100.076,,,,,
8609,10/24/19 02:37:18 PM,100.164,30.255,,-0.032,,,,
8610,10/24/19 02:37:38 PM,,,100.043,,,,,
8611,10/24/19 02:39:18 PM,100.159,30.457,,-0.033,,,,
8612,10/24/19 02:39:38 PM,,,100.054,,,,,
8613,10/24/19 02:41:18 PM,100.140,30.558,,-0.035,,,,
8614,10/24/19 02:41:38 PM,,,100.058,,,,,
8615,10/24/19 02:43:18 PM,100.140,30.558,,-0.035,,,,
8616,10/24/19 02:43:38 PM,,,100.047,,,,,
8617,10/24/19 02:45:18 PM,100.155,30.659,,-0.032,,,,
8618,10/24/19 02:45:38 PM,,,100.036,,,,,
8619,10/24/19 02:47:18 PM,100.147,30.760,,-0.033,,,,
8620,10/24/19 02:47:38 PM,,,100.036,,,,,
8621,10/24/19 02:49:18 PM,100.139,30.862,,-0.033,,,,
8622,10/24/19 02:49:38 PM,,,100.036,,,,,
8623,10/24/19 02:51:18 PM,100.143,30.963,,-0.033,,,,
8624,10/24/19 02:51:38 PM,,,100.036,,,,,
8625,10/24/19 02:53:18 PM,100.138,31.166,,-0.033,,,,
8626,10/24/19 02:53:38 PM,,,100.025,,,,,
8627,10/24/19 02:55:18 PM,100.138,31.166,,-0.034,,,,
8628,10/24/19 02:55:38 PM,,,100.040,,,,,
8629,10/24/19 02:57:18 PM,100.107,31.268,,-0.037,,,,
8630,10/24/19 02:57:38 PM,,,100.040,,,,,
8631,10/24/19 02:59:18 PM,100.146,31.370,,-0.032,,,,
8632,10/24/19 02:59:38 PM,,,100.029,,,,,
8633,10/24/19 03:01:18 PM,100.126,31.472,,-0.034,,,,
8634,10/24/19 03:01:38 PM,,,100.029,,,,,
8635,10/24/19 03:03:18 PM,100.130,31.574,,-0.034,,,,
8636,10/24/19 03:03:38 PM,,,100.029,,,,,
8637,10/24/19 03:05:18 PM,100.110,31.676,,-0.035,,,,
8638,10/24/19 03:05:38 PM,,,100.018,,,,,
8639,10/24/19 03:07:18 PM,100.122,31.676,,-0.033,,,,
8640,10/24/19 03:07:38 PM,,,100.011,,,,,
8641,10/24/19 03:09:18 PM,100.134,31.676,,-0.032,,,,
8642,10/24/19 03:09:38 PM,,,100.022,,,,,
8643,10/24/19 03:11:18 PM,100.122,31.676,,-0.035,,,,
8644,10/24/19 03:11:38 PM,,,100.033,,,,,
8645,10/24/19 03:13:18 PM,100.134,31.676,,-0.034,,,,
8646,10/24/19 03:13:38 PM,,,100.033,,,,,
8647,10/24/19 03:15:18 PM,100.149,31.778,,-0.031,,,,
8648,10/24/19 03:15:38 PM,,,100.022,,,,,
8649,10/24/19 03:17:18 PM,100.114,31.778,,-0.035,,,,
8650,10/24/19 03:17:38 PM,,,100.022,,,,,
8651,10/24/19 03:19:18 PM,100.141,31.880,,-0.033,,,,
8652,10/24/19 03:19:38 PM,,,100.033,,,,,
8653,10/24/19 03:21:18 PM,100.122,31.983,,-0.033,,,,
8654,10/24/19 03:21:38 PM,,,100.015,,,,,
8655,10/24/19 03:23:18 PM,100.133,31.983,,-0.032,,,,
8656,10/24/19 03:23:38 PM,,,100.015,,,,,
8657,10/24/19 03:25:18 PM,100.110,31.983,,-0.034,,,,
8658,10/24/19 03:25:38 PM,,,100.015,,,,,
8659,10/24/19 03:27:18 PM,100.106,31.880,,-0.036,,,,
8660,10/24/19 03:27:38 PM,,,100.026,,,,,
8661,10/24/19 03:29:18 PM,100.118,31.880,,-0.035,,,,
8662,10/24/19 03:29:38 PM,,,100.037,,,,,
8663,10/24/19 03:31:18 PM,100.126,31.778,,-0.035,,,,
8664,10/24/19 03:31:38 PM,,,100.037,,,,,
8665,10/24/19 03:33:18 PM,100.102,31.778,,-0.037,,,,
8666,10/24/19 03:33:38 PM,,,100.037,,,,,
8667,10/24/19 03:35:18 PM,100.114,31.778,,-0.035,,,,
8668,10/24/19 03:35:38 PM,,,100.026,,,,,
8669,10/24/19 03:37:18 PM,100.126,31.778,,-0.034,,,,
8670,10/24/19 03:37:38 PM,,,100.026,,,,,
8671,10/24/19 03:39:18 PM,100.134,31.676,,-0.032,,,,
8672,10/24/19 03:39:38 PM,,,100.019,,,,,
8673,10/24/19 03:41:18 PM,100.138,31.778,,-0.032,,,,
8674,10/24/19 03:41:38 PM,,,100.019,,,,,
8675,10/24/19 03:43:18 PM,100.141,31.880,,-0.031,,,,
8676,10/24/19 03:43:38 PM,,,100.019,,,,,
8677,10/24/19 03:45:18 PM,100.145,31.983,,-0.032,,,,
8678,10/24/19 03:45:38 PM,,,100.030,,,,,
8679,10/24/19 03:47:18 PM,100.137,32.086,,-0.032,,,,
8680,10/24/19 03:47:38 PM,,,100.019,,,,,
8681,10/24/19 03:49:18 PM,100.129,32.188,,-0.032,,,,
8682,10/24/19 03:49:38 PM,,,100.008,,,,,
8683,10/24/19 03:51:18 PM,100.145,32.291,,-0.031,,,,
8684,10/24/19 03:51:38 PM,,,100.019,,,,,
8685,10/24/19 03:53:18 PM,100.133,32.291,,-0.032,,,,
8686,10/24/19 03:53:38 PM,,,100.019,,,,,
8687,10/24/19 03:55:18 PM,100.145,32.291,,-0.030,,,,
8688,10/24/19 03:55:38 PM,,,100.012,,,,,
8689,10/24/19 03:57:18 PM,100.125,32.394,,-0.032,,,,
8690,10/24/19 03:57:38 PM,,,100.012,,,,,
8691,10/24/19 03:59:18 PM,100.137,32.394,,-0.032,,,,
8692,10/24/19 03:59:38 PM,,,100.023,,,,,
8693,10/24/19 04:01:18 PM,100.129,32.497,,-0.033,,,,
8694,10/24/19 04:01:38 PM,,,100.023,,,,,
8695,10/24/19 04:03:18 PM,100.105,32.497,,-0.034,,,,
8696,10/24/19 04:03:38 PM,,,100.001,,,,,
8697,10/24/19 04:05:18 PM,100.121,32.600,,-0.033,,,,
8698,10/24/19 04:05:38 PM,,,100.012,,,,,
8699,10/24/19 04:07:18 PM,100.109,32.600,,-0.034,,,,
8700,10/24/19 04:07:38 PM,,,100.012,,,,,
8701,10/24/19 04:09:18 PM,100.125,32.704,,-0.032,,,,
8702,10/24/19 04:09:38 PM,,,100.012,,,,,
8703,10/24/19 04:11:18 PM,100.113,32.704,,-0.033,,,,
8704,10/24/19 04:11:38 PM,,,100.001,,,,,
8705,10/24/19 04:13:18 PM,100.125,32.704,,-0.033,,,,
8706,10/24/19 04:13:38 PM,,,100.016,,,,,
8707,10/24/19 04:15:18 PM,100.105,32.807,,-0.033,,,,
8708,10/24/19 04:15:38 PM,,,99.994,,,,,
8709,10/24/19 04:17:18 PM,100.101,32.704,,-0.035,,,,
8710,10/24/19 04:17:38 PM,,,100.016,,,,,
8711,10/24/19 04:19:18 PM,100.090,32.704,,-0.035,,,,
8712,10/24/19 04:19:38 PM,,,100.005,,,,,
8713,10/24/19 04:21:18 PM,100.121,32.600,,-0.032,,,,
8714,10/24/19 04:21:38 PM,,,100.005,,,,,
8715,10/24/19 04:23:18 PM,100.117,32.497,,-0.032,,,,
8716,10/24/19 04:23:38 PM,,,100.005,,,,,
8717,10/24/19 04:25:18 PM,100.117,32.497,,-0.033,,,,
8718,10/24/19 04:25:38 PM,,,100.016,,,,,
8719,10/24/19 04:27:18 PM,100.105,32.497,,-0.035,,,,
8720,10/24/19 04:27:38 PM,,,100.016,,,,,
8721,10/24/19 04:29:18 PM,100.117,32.497,,-0.033,,,,
8722,10/24/19 04:29:38 PM,,,100.005,,,,,
8723,10/24/19 04:31:18 PM,100.105,32.497,,-0.035,,,,
8724,10/24/19 04:31:38 PM,,,100.020,,,,,
8725,10/24/19 04:33:18 PM,100.117,32.497,,-0.033,,,,
8726,10/24/19 04:33:38 PM,,,100.009,,,,,
8727,10/24/19 04:35:18 PM,100.117,32.497,,-0.033,,,,
8728,10/24/19 04:35:38 PM,,,100.009,,,,,
8729,10/24/19 04:37:18 PM,100.102,32.394,,-0.033,,,,
8730,10/24/19 04:37:38 PM,,,99.987,,,,,
8731,10/24/19 04:39:18 PM,100.117,32.497,,-0.032,,,,
8732,10/24/19 04:39:38 PM,,,99.998,,,,,
8733,10/24/19 04:41:18 PM,100.105,32.497,,-0.032,,,,
8734,10/24/19 04:41:38 PM,,,99.987,,,,,
8735,10/24/19 04:43:18 PM,100.121,32.600,,-0.031,,,,
8736,10/24/19 04:43:38 PM,,,99.998,,,,,
8737,10/24/19 04:45:18 PM,100.109,32.600,,-0.033,,,,
8738,10/24/19 04:45:38 PM,,,99.998,,,,,
8739,10/24/19 04:47:18 PM,100.137,32.704,,-0.030,,,,
8740,10/24/19 04:47:38 PM,,,100.002,,,,,
8741,10/24/19 04:49:18 PM,100.125,32.704,,-0.030,,,,
8742,10/24/19 04:49:38 PM,,,99.991,,,,,
8743,10/24/19 04:51:18 PM,100.109,32.600,,-0.034,,,,
8744,10/24/19 04:51:38 PM,,,100.013,,,,,
8745,10/24/19 04:53:18 PM,100.117,32.497,,-0.032,,,,
8746,10/24/19 04:53:38 PM,,,100.002,,,,,
8747,10/24/19 04:55:18 PM,100.113,32.394,,-0.032,,,,
8748,10/24/19 04:55:38 PM,,,99.991,,,,,
8749,10/24/19 04:57:18 PM,100.125,32.394,,-0.032,,,,
8750,10/24/19 04:57:38 PM,,,100.013,,,,,
8751,10/24/19 04:59:18 PM,100.113,32.394,,-0.034,,,,
8752,10/24/19 04:59:38 PM,,,100.013,,,,,
8753,10/24/19 05:01:18 PM,100.121,32.291,,-0.032,,,,
8754,10/24/19 05:01:38 PM,,,100.006,,,,,
8755,10/24/19 05:03:18 PM,100.102,32.086,,-0.033,,,,
8756,10/24/19 05:03:38 PM,,,99.995,,,,,
8757,10/24/19 05:05:18 PM,100.110,31.983,,-0.032,,,,
8758,10/24/19 05:05:38 PM,,,99.995,,,,,
8759,10/24/19 05:07:18 PM,100.110,31.983,,-0.033,,,,
8760,10/24/19 05:07:38 PM,,,100.006,,,,,
8761,10/24/19 05:09:18 PM,100.098,31.983,,-0.035,,,,
8762,10/24/19 05:09:38 PM,,,100.006,,,,,
8763,10/24/19 05:11:18 PM,100.110,31.983,,-0.033,,,,
8764,10/24/19 05:11:38 PM,,,100.006,,,,,
8765,10/24/19 05:13:18 PM,100.098,31.983,,-0.035,,,,
8766,10/24/19 05:13:38 PM,,,100.017,,,,,
8767,10/24/19 05:15:18 PM,100.094,31.880,,-0.035,,,,
8768,10/24/19 05:15:38 PM,,,100.006,,,,,
8769,10/24/19 05:17:18 PM,100.118,31.880,,-0.033,,,,
8770,10/24/19 05:17:38 PM,,,100.017,,,,,
8771,10/24/19 05:19:18 PM,100.118,31.880,,-0.034,,,,
8772,10/24/19 05:19:38 PM,,,100.017,,,,,
8773,10/24/19 05:21:18 PM,100.102,31.778,,-0.036,,,,
8774,10/24/19 05:21:38 PM,,,100.021,,,,,
8775,10/24/19 05:23:18 PM,100.114,31.778,,-0.034,,,,
8776,10/24/19 05:23:38 PM,,,100.021,,,,,
8777,10/24/19 05:25:18 PM,100.099,31.676,,-0.035,,,,
8778,10/24/19 05:25:38 PM,,,100.010,,,,,
8779,10/24/19 05:27:18 PM,100.079,31.472,,-0.037,,,,
8780,10/24/19 05:27:38 PM,,,100.010,,,,,
8781,10/24/19 05:29:18 PM,100.087,31.370,,-0.037,,,,
8782,10/24/19 05:29:38 PM,,,100.021,,,,,
8783,10/24/19 05:31:18 PM,100.084,31.268,,-0.036,,,,
8784,10/24/19 05:31:38 PM,,,99.999,,,,,
8785,10/24/19 05:33:18 PM,100.092,31.166,,-0.035,,,,
8786,10/24/19 05:33:38 PM,,,100.010,,,,,
8787,10/24/19 05:35:18 PM,100.100,31.064,,-0.036,,,,
8788,10/24/19 05:35:38 PM,,,100.021,,,,,
8789,10/24/19 05:37:18 PM,100.096,30.963,,-0.036,,,,
8790,10/24/19 05:37:38 PM,,,100.021,,,,,
8791,10/24/19 05:39:18 PM,100.092,30.862,,-0.037,,,,
8792,10/24/19 05:39:38 PM,,,100.021,,,,,
8793,10/24/19 05:41:18 PM,100.088,30.760,,-0.037,,,,
8794,10/24/19 05:41:38 PM,,,100.021,,,,,
8795,10/24/19 05:43:18 PM,100.096,30.659,,-0.037,,,,
8796,10/24/19 05:43:38 PM,,,100.032,,,,,
8797,10/24/19 05:45:18 PM,100.081,30.558,,-0.038,,,,
8798,10/24/19 05:45:38 PM,,,100.021,,,,,
8799,10/24/19 05:47:18 PM,100.077,30.457,,-0.039,,,,
8800,10/24/19 05:47:38 PM,,,100.025,,,,,
8801,10/24/19 05:49:18 PM,100.085,30.356,,-0.039,,,,
8802,10/24/19 05:49:38 PM,,,100.036,,,,,
8803,10/24/19 05:51:18 PM,100.105,30.255,,-0.036,,,,
8804,10/24/19 05:51:38 PM,,,100.025,,,,,
8805,10/24/19 05:53:18 PM,100.098,30.054,,-0.037,,,,
8806,10/24/19 05:53:38 PM,,,100.036,,,,,
8807,10/24/19 05:55:18 PM,100.094,29.953,,-0.038,,,,
8808,10/24/19 05:55:38 PM,,,100.036,,,,,
8809,10/24/19 05:57:18 PM,100.087,29.752,,-0.038,,,,
8810,10/24/19 05:57:38 PM,,,100.025,,,,,
8811,10/24/19 05:59:18 PM,100.068,29.552,,-0.040,,,,
8812,10/24/19 05:59:38 PM,,,100.025,,,,,
8813,10/24/19 06:01:18 PM,100.084,29.352,,-0.038,,,,
8814,10/24/19 06:01:38 PM,,,100.025,,,,,
8815,10/24/19 06:03:18 PM,100.084,29.053,,-0.039,,,,
8816,10/24/19 06:03:38 PM,,,100.036,,,,,
8817,10/24/19 06:05:18 PM,100.074,28.754,,-0.039,,,,
8818,10/24/19 06:05:38 PM,,,100.025,,,,,
8819,10/24/19 06:07:18 PM,100.074,28.456,,-0.040,,,,
8820,10/24/19 06:07:38 PM,,,100.036,,,,,
8821,10/24/19 06:09:18 PM,100.064,28.159,,-0.041,,,,
8822,10/24/19 06:09:38 PM,,,100.036,,,,,
8823,10/24/19 06:11:18 PM,100.057,27.665,,-0.042,,,,
8824,10/24/19 06:11:38 PM,,,100.036,,,,,
8825,10/24/19 06:13:18 PM,100.063,27.173,,-0.042,,,,
8826,10/24/19 06:13:38 PM,,,100.047,,,,,
8827,10/24/19 06:15:18 PM,100.077,26.585,,-0.040,,,,
8828,10/24/19 06:15:38 PM,,,100.036,,,,,
8829,10/24/19 06:17:18 PM,100.068,26.000,,-0.043,,,,
8830,10/24/19 06:17:38 PM,,,100.058,,,,,
8831,10/24/19 06:19:18 PM,100.058,25.416,,-0.043,,,,
8832,10/24/19 06:19:38 PM,,,100.047,,,,,
8833,10/24/19 06:21:18 PM,100.053,24.931,,-0.044,,,,
8834,10/24/19 06:21:38 PM,,,100.058,,,,,
8835,10/24/19 06:23:18 PM,100.059,24.448,,-0.044,,,,
8836,10/24/19 06:23:38 PM,,,100.058,,,,,
8837,10/24/19 06:25:18 PM,100.062,23.869,,-0.043,,,,
8838,10/24/19 06:25:38 PM,,,100.047,,,,,
8839,10/24/19 06:27:18 PM,100.048,23.484,,-0.045,,,,
8840,10/24/19 06:27:38 PM,,,100.058,,,,,
8841,10/24/19 06:29:18 PM,100.043,23.004,,-0.045,,,,
8842,10/24/19 06:29:38 PM,,,100.058,,,,,
8843,10/24/19 06:31:18 PM,100.052,22.621,,-0.045,,,,
8844,10/24/19 06:31:38 PM,,,100.058,,,,,
8845,10/24/19 06:33:18 PM,100.036,22.142,,-0.046,,,,
8846,10/24/19 06:33:38 PM,,,100.058,,,,,
8847,10/24/19 06:35:18 PM,100.045,21.760,,-0.044,,,,
8848,10/24/19 06:35:38 PM,,,100.043,,,,,
8849,10/24/19 06:37:18 PM,100.035,21.473,,-0.046,,,,
8850,10/24/19 06:37:38 PM,,,100.054,,,,,
8851,10/24/19 06:39:18 PM,100.022,21.091,,-0.046,,,,
8852,10/24/19 06:39:38 PM,,,100.043,,,,,
8853,10/24/19 06:41:18 PM,100.012,20.805,,-0.047,,,,
8854,10/24/19 06:41:38 PM,,,100.043,,,,,
8855,10/24/19 06:43:18 PM,100.025,20.519,,-0.047,,,,
8856,10/24/19 06:43:38 PM,,,100.054,,,,,
8857,10/24/19 06:45:18 PM,100.015,20.234,,-0.048,,,,
8858,10/24/19 06:45:38 PM,,,100.054,,,,,
8859,10/24/19 06:47:18 PM,100.005,19.948,,-0.050,,,,
8860,10/24/19 06:47:38 PM,,,100.061,,,,,
8861,10/24/19 06:49:18 PM,100.007,19.662,,-0.049,,,,
8862,10/24/19 06:49:38 PM,,,100.050,,,,,
8863,10/24/19 06:51:18 PM,99.997,19.377,,-0.050,,,,
8864,10/24/19 06:51:38 PM,,,100.061,,,,,
8865,10/24/19 06:53:18 PM,100.011,19.092,,-0.049,,,,
8866,10/24/19 06:53:38 PM,,,100.061,,,,,
8867,10/24/19 06:55:18 PM,99.992,18.901,,-0.051,,,,
8868,10/24/19 06:55:38 PM,,,100.057,,,,,
8869,10/24/19 06:57:18 PM,99.994,18.616,,-0.051,,,,
8870,10/24/19 06:57:38 PM,,,100.068,,,,,
8871,10/24/19 06:59:18 PM,99.987,18.426,,-0.052,,,,
8872,10/24/19 06:59:38 PM,,,100.068,,,,,
8873,10/24/19 07:01:18 PM,99.993,18.236,,-0.051,,,,
8874,10/24/19 07:01:38 PM,,,100.064,,,,,
8875,10/24/19 07:03:18 PM,99.986,18.045,,-0.052,,,,
8876,10/24/19 07:03:38 PM,,,100.064,,,,,
8877,10/24/19 07:05:18 PM,100.003,17.855,,-0.050,,,,
8878,10/24/19 07:05:38 PM,,,100.060,,,,,
8879,10/24/19 07:07:18 PM,99.996,17.665,,-0.050,,,,
8880,10/24/19 07:07:38 PM,,,100.060,,,,,
8881,10/24/19 07:09:18 PM,99.990,17.475,,-0.051,,,,
8882,10/24/19 07:09:38 PM,,,100.060,,,,,
8883,10/24/19 07:11:18 PM,99.995,17.284,,-0.050,,,,
8884,10/24/19 07:11:38 PM,,,100.056,,,,,
8885,10/24/19 07:13:18 PM,99.991,17.189,,-0.052,,,,
8886,10/24/19 07:13:38 PM,,,100.078,,,,,
8887,10/24/19 07:15:18 PM,99.997,16.999,,-0.052,,,,
8888,10/24/19 07:15:38 PM,,,100.074,,,,,
8889,10/24/19 07:17:18 PM,100.002,16.808,,-0.052,,,,
8890,10/24/19 07:17:38 PM,,,100.085,,,,,
8891,10/24/19 07:19:18 PM,99.998,16.713,,-0.052,,,,
8892,10/24/19 07:19:38 PM,,,100.070,,,,,
8893,10/24/19 07:21:18 PM,99.980,16.523,,-0.053,,,,
8894,10/24/19 07:21:38 PM,,,100.070,,,,,
8895,10/24/19 07:23:18 PM,100.000,16.427,,-0.053,,,,
8896,10/24/19 07:23:38 PM,,,100.088,,,,,
8897,10/24/19 07:25:18 PM,100.009,16.332,,-0.052,,,,
8898,10/24/19 07:25:38 PM,,,100.088,,,,,
8899,10/24/19 07:27:18 PM,100.026,16.141,,-0.050,,,,
8900,10/24/19 07:27:38 PM,,,100.084,,,,,
8901,10/24/19 07:29:18 PM,100.011,16.046,,-0.051,,,,
8902,10/24/19 07:29:38 PM,,,100.084,,,,,
8903,10/24/19 07:31:18 PM,100.019,15.951,,-0.050,,,,
8904,10/24/19 07:31:38 PM,,,100.080,,,,,
8905,10/24/19 07:33:18 PM,100.016,15.855,,-0.051,,,,
8906,10/24/19 07:33:38 PM,,,100.091,,,,,
8907,10/24/19 07:35:18 PM,100.012,15.760,,-0.053,,,,
8908,10/24/19 07:35:38 PM,,,100.098,,,,,
8909,10/24/19 07:37:18 PM,100.033,15.664,,-0.052,,,,
8910,10/24/19 07:37:38 PM,,,100.109,,,,,
8911,10/24/19 07:39:18 PM,100.029,15.569,,-0.051,,,,
8912,10/24/19 07:39:38 PM,,,100.098,,,,,
8913,10/24/19 07:41:18 PM,100.038,15.473,,-0.051,,,,
8914,10/24/19 07:41:38 PM,,,100.105,,,,,
8915,10/24/19 07:43:18 PM,100.011,15.378,,-0.054,,,,
8916,10/24/19 07:43:38 PM,,,100.105,,,,,
8917,10/24/19 07:45:18 PM,100.023,15.378,,-0.052,,,,
8918,10/24/19 07:45:38 PM,,,100.101,,,,,
8919,10/24/19 07:47:18 PM,100.031,15.282,,-0.052,,,,
8920,10/24/19 07:47:38 PM,,,100.112,,,,,
8921,10/24/19 07:49:18 PM,100.040,15.187,,-0.051,,,,
8922,10/24/19 07:49:38 PM,,,100.108,,,,,
8923,10/24/19 07:51:18 PM,100.028,15.187,,-0.052,,,,
8924,10/24/19 07:51:38 PM,,,100.108,,,,,
8925,10/24/19 07:53:18 PM,100.036,15.091,,-0.050,,,,
8926,10/24/19 07:53:38 PM,,,100.093,,,,,
8927,10/24/19 07:55:18 PM,100.021,14.996,,-0.052,,,,
8928,10/24/19 07:55:38 PM,,,100.104,,,,,
8929,10/24/19 07:57:18 PM,100.045,14.996,,-0.050,,,,
8930,10/24/19 07:57:38 PM,,,100.104,,,,,
8931,10/24/19 07:59:18 PM,100.041,14.900,,-0.050,,,,
8932,10/24/19 07:59:38 PM,,,100.100,,,,,
8933,10/24/19 08:01:18 PM,100.027,14.804,,-0.051,,,,
8934,10/24/19 08:01:38 PM,,,100.100,,,,,
8935,10/24/19 08:03:18 PM,100.027,14.804,,-0.051,,,,
8936,10/24/19 08:03:38 PM,,,100.100,,,,,
8937,10/24/19 08:05:18 PM,100.023,14.709,,-0.051,,,,
8938,10/24/19 08:05:38 PM,,,100.085,,,,,
8939,10/24/19 08:07:18 PM,100.023,14.709,,-0.051,,,,
8940,10/24/19 08:07:38 PM,,,100.096,,,,,
8941,10/24/19 08:09:18 PM,100.020,14.613,,-0.052,,,,
8942,10/24/19 08:09:38 PM,,,100.096,,,,,
8943,10/24/19 08:11:18 PM,100.020,14.613,,-0.052,,,,
8944,10/24/19 08:11:38 PM,,,100.103,,,,,
8945,10/24/19 08:13:18 PM,100.017,14.517,,-0.052,,,,
8946,10/24/19 08:13:38 PM,,,100.092,,,,,
8947,10/24/19 08:15:18 PM,100.017,14.517,,-0.052,,,,
8948,10/24/19 08:15:38 PM,,,100.092,,,,,
8949,10/24/19 08:17:18 PM,100.048,14.421,,-0.049,,,,
8950,10/24/19 08:17:38 PM,,,100.099,,,,,
8951,10/24/19 08:19:18 PM,100.022,14.325,,-0.052,,,,
8952,10/24/19 08:19:38 PM,,,100.099,,,,,
8953,10/24/19 08:21:18 PM,100.045,14.325,,-0.051,,,,
8954,10/24/19 08:21:38 PM,,,100.121,,,,,
8955,10/24/19 08:23:18 PM,100.030,14.230,,-0.052,,,,
8956,10/24/19 08:23:38 PM,,,100.106,,,,,
8957,10/24/19 08:25:18 PM,100.030,14.230,,-0.052,,,,
8958,10/24/19 08:25:38 PM,,,100.106,,,,,
8959,10/24/19 08:27:18 PM,100.042,14.230,,-0.050,,,,
8960,10/24/19 08:27:38 PM,,,100.106,,,,,
8961,10/24/19 08:29:18 PM,100.050,14.134,,-0.051,,,,
8962,10/24/19 08:29:38 PM,,,100.124,,,,,
8963,10/24/19 08:31:18 PM,100.039,14.134,,-0.053,,,,
8964,10/24/19 08:31:38 PM,,,100.124,,,,,
8965,10/24/19 08:33:18 PM,100.035,14.038,,-0.052,,,,
8966,10/24/19 08:33:38 PM,,,100.113,,,,,
8967,10/24/19 08:35:18 PM,100.024,14.038,,-0.053,,,,
8968,10/24/19 08:35:38 PM,,,100.113,,,,,
8969,10/24/19 08:37:18 PM,100.012,14.038,,-0.054,,,,
8970,10/24/19 08:37:38 PM,,,100.109,,,,,
8971,10/24/19 08:39:18 PM,100.032,13.942,,-0.052,,,,
8972,10/24/19 08:39:38 PM,,,100.109,,,,,
8973,10/24/19 08:41:18 PM,100.032,13.942,,-0.053,,,,
8974,10/24/19 08:41:38 PM,,,100.120,,,,,
8975,10/24/19 08:43:18 PM,100.029,13.846,,-0.053,,,,
8976,10/24/19 08:43:38 PM,,,100.120,,,,,
8977,10/24/19 08:45:18 PM,100.052,13.846,,-0.051,,,,
8978,10/24/19 08:45:38 PM,,,100.116,,,,,
8979,10/24/19 08:47:18 PM,100.052,13.846,,-0.051,,,,
8980,10/24/19 08:47:38 PM,,,100.127,,,,,
8981,10/24/19 08:49:18 PM,100.037,13.750,,-0.053,,,,
8982,10/24/19 08:49:38 PM,,,100.127,,,,,
8983,10/24/19 08:51:18 PM,100.049,13.750,,-0.052,,,,
8984,10/24/19 08:51:38 PM,,,100.127,,,,,
8985,10/24/19 08:53:18 PM,100.026,13.750,,-0.055,,,,
8986,10/24/19 08:53:38 PM,,,100.134,,,,,
8987,10/24/19 08:55:18 PM,100.049,13.750,,-0.052,,,,
8988,10/24/19 08:55:38 PM,,,100.123,,,,,
8989,10/24/19 08:57:18 PM,100.034,13.654,,-0.054,,,,
8990,10/24/19 08:57:38 PM,,,100.134,,,,,
8991,10/24/19 08:59:18 PM,100.057,13.654,,-0.053,,,,
8992,10/24/19 08:59:38 PM,,,100.145,,,,,
8993,10/24/19 09:01:18 PM,100.046,13.654,,-0.052,,,,
8994,10/24/19 09:01:38 PM,,,100.119,,,,,
8995,10/24/19 09:03:18 PM,100.057,13.654,,-0.050,,,,
8996,10/24/19 09:03:38 PM,,,100.119,,,,,
8997,10/24/19 09:05:18 PM,100.031,13.558,,-0.054,,,,
8998,10/24/19 09:05:38 PM,,,100.130,,,,,
8999,10/24/19 09:07:18 PM,100.069,13.654,,-0.050,,,,
9000,10/24/19 09:07:38 PM,,,100.130,,,,,
9001,10/24/19 09:09:18 PM,100.034,13.654,,-0.053,,,,
9002,10/24/19 09:09:38 PM,,,100.119,,,,,
9003,10/24/19 09:11:18 PM,100.066,13.558,,-0.051,,,,
9004,10/24/19 09:11:38 PM,,,100.137,,,,,
9005,10/24/19 09:13:18 PM,100.066,13.558,,-0.051,,,,
9006,10/24/19 09:13:38 PM,,,100.137,,,,,
9007,10/24/19 09:15:18 PM,100.066,13.558,,-0.051,,,,
9008,10/24/19 09:15:38 PM,,,100.137,,,,,
9009,10/24/19 09:17:18 PM,100.066,13.558,,-0.052,,,,
9010,10/24/19 09:17:38 PM,,,100.148,,,,,
9011,10/24/19 09:19:18 PM,100.066,13.558,,-0.051,,,,
9012,10/24/19 09:19:38 PM,,,100.137,,,,,
9013,10/24/19 09:21:18 PM,100.054,13.558,,-0.052,,,,
9014,10/24/19 09:21:38 PM,,,100.133,,,,,
9015,10/24/19 09:23:18 PM,100.054,13.558,,-0.051,,,,
9016,10/24/19 09:23:38 PM,,,100.122,,,,,
9017,10/24/19 09:25:18 PM,100.066,13.558,,-0.050,,,,
9018,10/24/19 09:25:38 PM,,,100.122,,,,,
9019,10/24/19 09:27:18 PM,100.066,13.558,,-0.051,,,,
9020,10/24/19 09:27:38 PM,,,100.133,,,,,
9021,10/24/19 09:29:18 PM,100.066,13.558,,-0.052,,,,
9022,10/24/19 09:29:38 PM,,,100.144,,,,,
9023,10/24/19 09:31:18 PM,100.054,13.558,,-0.053,,,,
9024,10/24/19 09:31:38 PM,,,100.144,,,,,
9025,10/24/19 09:33:18 PM,100.054,13.558,,-0.052,,,,
9026,10/24/19 09:33:38 PM,,,100.129,,,,,
9027,10/24/19 09:35:18 PM,100.051,13.461,,-0.052,,,,
9028,10/24/19 09:35:38 PM,,,100.129,,,,,
9029,10/24/19 09:37:18 PM,100.074,13.461,,-0.050,,,,
9030,10/24/19 09:37:38 PM,,,100.140,,,,,
9031,10/24/19 09:39:18 PM,100.071,13.365,,-0.051,,,,
9032,10/24/19 09:39:38 PM,,,100.140,,,,,
9033,10/24/19 09:41:18 PM,100.071,13.365,,-0.051,,,,
9034,10/24/19 09:41:38 PM,,,100.140,,,,,
9035,10/24/19 09:43:18 PM,100.059,13.365,,-0.053,,,,
9036,10/24/19 09:43:38 PM,,,100.151,,,,,
9037,10/24/19 09:45:18 PM,100.071,13.365,,-0.052,,,,
9038,10/24/19 09:45:38 PM,,,100.147,,,,,
9039,10/24/19 09:47:18 PM,100.071,13.365,,-0.053,,,,
9040,10/24/19 09:47:38 PM,,,100.158,,,,,
9041,10/24/19 09:49:18 PM,100.071,13.365,,-0.051,,,,
9042,10/24/19 09:49:38 PM,,,100.136,,,,,
9043,10/24/19 09:51:18 PM,100.068,13.269,,-0.052,,,,
9044,10/24/19 09:51:38 PM,,,100.147,,,,,
9045,10/24/19 09:53:18 PM,100.068,13.269,,-0.052,,,,
9046,10/24/19 09:53:38 PM,,,100.147,,,,,
9047,10/24/19 09:55:18 PM,100.068,13.269,,-0.052,,,,
9048,10/24/19 09:55:38 PM,,,100.147,,,,,
9049,10/24/19 09:57:18 PM,100.068,13.269,,-0.052,,,,
9050,10/24/19 09:57:38 PM,,,100.147,,,,,
9051,10/24/19 09:59:18 PM,100.064,13.173,,-0.052,,,,
9052,10/24/19 09:59:38 PM,,,100.143,,,,,
9053,10/24/19 10:01:18 PM,100.064,13.173,,-0.052,,,,
9054,10/24/19 10:01:38 PM,,,100.143,,,,,
9055,10/24/19 10:03:18 PM,100.073,13.076,,-0.052,,,,
9056,10/24/19 10:03:38 PM,,,100.154,,,,,
9057,10/24/19 10:05:18 PM,100.085,13.076,,-0.050,,,,
9058,10/24/19 10:05:38 PM,,,100.143,,,,,
9059,10/24/19 10:07:18 PM,100.085,13.076,,-0.050,,,,
9060,10/24/19 10:07:38 PM,,,100.143,,,,,
9061,10/24/19 10:09:18 PM,100.073,13.076,,-0.051,,,,
9062,10/24/19 10:09:38 PM,,,100.143,,,,,
9063,10/24/19 10:11:18 PM,100.085,13.076,,-0.050,,,,
9064,10/24/19 10:11:38 PM,,,100.143,,,,,
9065,10/24/19 10:13:18 PM,100.073,13.076,,-0.051,,,,
9066,10/24/19 10:13:38 PM,,,100.143,,,,,
9067,10/24/19 10:15:18 PM,100.085,13.076,,-0.050,,,,
9068,10/24/19 10:15:38 PM,,,100.139,,,,,
9069,10/24/19 10:17:18 PM,100.085,13.076,,-0.049,,,,
9070,10/24/19 10:17:38 PM,,,100.139,,,,,
9071,10/24/19 10:19:18 PM,100.085,13.076,,-0.049,,,,
9072,10/24/19 10:19:38 PM,,,100.139,,,,,
9073,10/24/19 10:21:18 PM,100.085,13.076,,-0.051,,,,
9074,10/24/19 10:21:38 PM,,,100.161,,,,,
9075,10/24/19 10:23:18 PM,100.061,13.076,,-0.053,,,,
9076,10/24/19 10:23:38 PM,,,100.150,,,,,
9077,10/24/19 10:25:18 PM,100.085,13.076,,-0.051,,,,
9078,10/24/19 10:25:38 PM,,,100.150,,,,,
9079,10/24/19 10:27:18 PM,100.073,13.076,,-0.052,,,,
9080,10/24/19 10:27:38 PM,,,100.150,,,,,
9081,10/24/19 10:29:18 PM,100.085,13.076,,-0.051,,,,
9082,10/24/19 10:29:38 PM,,,100.150,,,,,
9083,10/24/19 10:31:18 PM,100.073,13.076,,-0.052,,,,
9084,10/24/19 10:31:38 PM,,,100.157,,,,,
9085,10/24/19 10:33:18 PM,100.088,13.173,,-0.050,,,,
9086,10/24/19 10:33:38 PM,,,100.146,,,,,
9087,10/24/19 10:35:18 PM,100.076,13.173,,-0.051,,,,
9088,10/24/19 10:35:38 PM,,,100.146,,,,,
9089,10/24/19 10:37:18 PM,100.076,13.173,,-0.050,,,,
9090,10/24/19 10:37:38 PM,,,100.136,,,,,
9091,10/24/19 10:39:18 PM,100.099,13.173,,-0.050,,,,
9092,10/24/19 10:39:38 PM,,,100.157,,,,,
9093,10/24/19 10:41:18 PM,100.088,13.173,,-0.051,,,,
9094,10/24/19 10:41:38 PM,,,100.157,,,,,
9095,10/24/19 10:43:18 PM,100.099,13.173,,-0.050,,,,
9096,10/24/19 10:43:38 PM,,,100.157,,,,,
9097,10/24/19 10:45:18 PM,100.099,13.173,,-0.049,,,,
9098,10/24/19 10:45:38 PM,,,100.146,,,,,
9099,10/24/19 10:47:18 PM,100.088,13.173,,-0.050,,,,
9100,10/24/19 10:47:38 PM,,,100.146,,,,,
9101,10/24/19 10:49:18 PM,100.088,13.173,,-0.051,,,,
9102,10/24/19 10:49:38 PM,,,100.164,,,,,
9103,10/24/19 10:51:18 PM,100.088,13.173,,-0.051,,,,
9104,10/24/19 10:51:38 PM,,,100.153,,,,,
9105,10/24/19 10:53:18 PM,100.111,13.173,,-0.048,,,,
9106,10/24/19 10:53:38 PM,,,100.153,,,,,
9107,10/24/19 10:55:18 PM,100.085,13.076,,-0.051,,,,
9108,10/24/19 10:55:38 PM,,,100.153,,,,,
9109,10/24/19 10:57:18 PM,100.096,13.076,,-0.050,,,,
9110,10/24/19 10:57:38 PM,,,100.153,,,,,
9111,10/24/19 10:59:18 PM,100.093,12.980,,-0.051,,,,
9112,10/24/19 10:59:38 PM,,,100.164,,,,,
9113,10/24/19 11:01:18 PM,100.081,12.980,,-0.052,,,,
9114,10/24/19 11:01:38 PM,,,100.164,,,,,
9115,10/24/19 11:03:18 PM,100.093,12.980,,-0.051,,,,
9116,10/24/19 11:03:38 PM,,,100.164,,,,,
9117,10/24/19 11:05:18 PM,100.081,12.980,,-0.051,,,,
9118,10/24/19 11:05:38 PM,,,100.153,,,,,
9119,10/24/19 11:07:18 PM,100.093,12.980,,-0.049,,,,
9120,10/24/19 11:07:38 PM,,,100.143,,,,,
9121,10/24/19 11:09:18 PM,100.081,12.980,,-0.052,,,,
9122,10/24/19 11:09:38 PM,,,100.164,,,,,
9123,10/24/19 11:11:18 PM,100.081,12.980,,-0.051,,,,
9124,10/24/19 11:11:38 PM,,,100.153,,,,,
9125,10/24/19 11:13:18 PM,100.093,12.980,,-0.051,,,,
9126,10/24/19 11:13:38 PM,,,100.160,,,,,
9127,10/24/19 11:15:18 PM,100.093,12.980,,-0.051,,,,
9128,10/24/19 11:15:38 PM,,,100.160,,,,,
9129,10/24/19 11:17:18 PM,100.093,12.980,,-0.051,,,,
9130,10/24/19 11:17:38 PM,,,100.160,,,,,
9131,10/24/19 11:19:18 PM,100.090,12.883,,-0.052,,,,
9132,10/24/19 11:19:38 PM,,,100.171,,,,,
9133,10/24/19 11:21:18 PM,100.113,12.883,,-0.049,,,,
9134,10/24/19 11:21:38 PM,,,100.160,,,,,
9135,10/24/19 11:23:18 PM,100.125,12.883,,-0.048,,,,
9136,10/24/19 11:23:38 PM,,,100.171,,,,,
9137,10/24/19 11:25:18 PM,100.101,12.883,,-0.050,,,,
9138,10/24/19 11:25:38 PM,,,100.160,,,,,
9139,10/24/19 11:27:18 PM,100.101,12.883,,-0.050,,,,
9140,10/24/19 11:27:38 PM,,,100.160,,,,,
9141,10/24/19 11:29:18 PM,100.090,12.883,,-0.050,,,,
9142,10/24/19 11:29:38 PM,,,100.150,,,,,
9143,10/24/19 11:31:18 PM,100.101,12.883,,-0.049,,,,
9144,10/24/19 11:31:38 PM,,,100.150,,,,,
9145,10/24/19 11:33:18 PM,100.090,12.883,,-0.051,,,,
9146,10/24/19 11:33:38 PM,,,100.160,,,,,
9147,10/24/19 11:35:18 PM,100.086,12.787,,-0.050,,,,
9148,10/24/19 11:35:38 PM,,,100.146,,,,,
9149,10/24/19 11:37:18 PM,100.086,12.787,,-0.049,,,,
9150,10/24/19 11:37:38 PM,,,100.135,,,,,
9151,10/24/19 11:39:18 PM,100.083,12.690,,-0.050,,,,
9152,10/24/19 11:39:38 PM,,,100.146,,,,,
9153,10/24/19 11:41:18 PM,100.083,12.690,,-0.050,,,,
9154,10/24/19 11:41:38 PM,,,100.146,,,,,
9155,10/24/19 11:43:18 PM,100.095,12.690,,-0.049,,,,
9156,10/24/19 11:43:38 PM,,,100.146,,,,,
9157,10/24/19 11:45:18 PM,100.083,12.690,,-0.050,,,,
9158,10/24/19 11:45:38 PM,,,100.146,,,,,
9159,10/24/19 11:47:18 PM,100.083,12.690,,-0.049,,,,
9160,10/24/19 11:47:38 PM,,,100.135,,,,,
9161,10/24/19 11:49:18 PM,100.072,12.690,,-0.050,,,,
9162,10/24/19 11:49:38 PM,,,100.135,,,,,
9163,10/24/19 11:51:18 PM,100.083,12.690,,-0.050,,,,
9164,10/24/19 11:51:38 PM,,,100.146,,,,,
9165,10/24/19 11:53:18 PM,100.072,12.690,,-0.051,,,,
9166,10/24/19 11:53:38 PM,,,100.146,,,,,
9167,10/24/19 11:55:18 PM,100.080,12.594,,-0.051,,,,
9168,10/24/19 11:55:38 PM,,,100.146,,,,,
9169,10/24/19 11:57:18 PM,100.068,12.594,,-0.052,,,,
9170,10/24/19 11:57:38 PM,,,100.146,,,,,
9171,10/24/19 11:59:18 PM,100.080,12.594,,-0.050,,,,
9172,10/24/19 11:59:38 PM,,,100.142,,,,,
9173,10/25/19 12:01:18 AM,100.065,12.497,,-0.050,,,,
9174,10/25/19 12:01:38 AM,,,100.120,,,,,
9175,10/25/19 12:03:18 AM,100.068,12.594,,-0.050,,,,
9176,10/25/19 12:03:38 AM,,,100.131,,,,,
9177,10/25/19 12:05:18 AM,100.080,12.594,,-0.049,,,,
9178,10/25/19 12:05:38 AM,,,100.131,,,,,
9179,10/25/19 12:07:18 AM,100.080,12.594,,-0.049,,,,
9180,10/25/19 12:07:38 AM,,,100.131,,,,,
9181,10/25/19 12:09:18 AM,100.077,12.497,,-0.049,,,,
9182,10/25/19 12:09:38 AM,,,100.131,,,,,
9183,10/25/19 12:11:18 AM,100.077,12.497,,-0.048,,,,
9184,10/25/19 12:11:38 AM,,,100.109,,,,,
9185,10/25/19 12:13:18 AM,100.065,12.497,,-0.050,,,,
9186,10/25/19 12:13:38 AM,,,100.131,,,,,
9187,10/25/19 12:15:18 AM,100.077,12.497,,-0.050,,,,
9188,10/25/19 12:15:38 AM,,,100.142,,,,,
9189,10/25/19 12:17:18 AM,100.077,12.497,,-0.050,,,,
9190,10/25/19 12:17:38 AM,,,100.131,,,,,
9191,10/25/19 12:19:18 AM,100.065,12.497,,-0.052,,,,
9192,10/25/19 12:19:38 AM,,,100.142,,,,,
9193,10/25/19 12:21:18 AM,100.077,12.497,,-0.052,,,,
9194,10/25/19 12:21:38 AM,,,100.153,,,,,
9195,10/25/19 12:23:18 AM,100.077,12.497,,-0.051,,,,
9196,10/25/19 12:23:38 AM,,,100.149,,,,,
9197,10/25/19 12:25:18 AM,100.077,12.497,,-0.051,,,,
9198,10/25/19 12:25:38 AM,,,100.149,,,,,
9199,10/25/19 12:27:18 AM,100.077,12.497,,-0.051,,,,
9200,10/25/19 12:27:38 AM,,,100.149,,,,,
9201,10/25/19 12:29:18 AM,100.088,12.497,,-0.050,,,,
9202,10/25/19 12:29:38 AM,,,100.149,,,,,
9203,10/25/19 12:31:18 AM,100.100,12.497,,-0.050,,,,
9204,10/25/19 12:31:38 AM,,,100.160,,,,,
9205,10/25/19 12:33:18 AM,100.100,12.497,,-0.049,,,,
9206,10/25/19 12:33:38 AM,,,100.149,,,,,
9207,10/25/19 12:35:18 AM,100.100,12.497,,-0.049,,,,
9208,10/25/19 12:35:38 AM,,,100.149,,,,,
9209,10/25/19 12:37:18 AM,100.097,12.401,,-0.051,,,,
9210,10/25/19 12:37:38 AM,,,100.171,,,,,
9211,10/25/19 12:39:18 AM,100.108,12.401,,-0.050,,,,
9212,10/25/19 12:39:38 AM,,,100.171,,,,,
9213,10/25/19 12:41:18 AM,100.108,12.401,,-0.051,,,,
9214,10/25/19 12:41:38 AM,,,100.182,,,,,
9215,10/25/19 12:43:18 AM,100.112,12.497,,-0.050,,,,
9216,10/25/19 12:43:38 AM,,,100.171,,,,,
9217,10/25/19 12:45:18 AM,100.112,12.497,,-0.050,,,,
9218,10/25/19 12:45:38 AM,,,100.171,,,,,
9219,10/25/19 12:47:18 AM,100.097,12.401,,-0.052,,,,
9220,10/25/19 12:47:38 AM,,,100.182,,,,,
9221,10/25/19 12:49:18 AM,100.108,12.401,,-0.052,,,,
9222,10/25/19 12:49:38 AM,,,100.192,,,,,
9223,10/25/19 12:51:18 AM,100.120,12.401,,-0.050,,,,
9224,10/25/19 12:51:38 AM,,,100.171,,,,,
9225,10/25/19 12:53:18 AM,100.132,12.401,,-0.050,,,,
9226,10/25/19 12:53:38 AM,,,100.192,,,,,
9227,10/25/19 12:55:18 AM,100.132,12.401,,-0.051,,,,
9228,10/25/19 12:55:38 AM,,,100.199,,,,,
9229,10/25/19 12:57:18 AM,100.143,12.401,,-0.050,,,,
9230,10/25/19 12:57:38 AM,,,100.199,,,,,
9231,10/25/19 12:59:18 AM,100.132,12.401,,-0.051,,,,
9232,10/25/19 12:59:38 AM,,,100.199,,,,,
9233,10/25/19 01:01:18 AM,100.120,12.401,,-0.052,,,,
9234,10/25/19 01:01:38 AM,,,100.199,,,,,
9235,10/25/19 01:03:18 AM,100.132,12.401,,-0.050,,,,
9236,10/25/19 01:03:38 AM,,,100.189,,,,,
9237,10/25/19 01:05:18 AM,100.132,12.401,,-0.051,,,,
9238,10/25/19 01:05:38 AM,,,100.199,,,,,
9239,10/25/19 01:07:18 AM,100.132,12.401,,-0.052,,,,
9240,10/25/19 01:07:38 AM,,,100.210,,,,,
9241,10/25/19 01:09:18 AM,100.108,12.401,,-0.054,,,,
9242,10/25/19 01:09:38 AM,,,100.210,,,,,
9243,10/25/19 01:11:18 AM,100.143,12.401,,-0.050,,,,
9244,10/25/19 01:11:38 AM,,,100.199,,,,,
9245,10/25/19 01:13:18 AM,100.143,12.401,,-0.051,,,,
9246,10/25/19 01:13:38 AM,,,100.210,,,,,
9247,10/25/19 01:15:18 AM,100.132,12.401,,-0.051,,,,
9248,10/25/19 01:15:38 AM,,,100.199,,,,,
9249,10/25/19 01:17:18 AM,100.143,12.401,,-0.050,,,,
9250,10/25/19 01:17:38 AM,,,100.199,,,,,
9251,10/25/19 01:19:18 AM,100.120,12.401,,-0.053,,,,
9252,10/25/19 01:19:38 AM,,,100.210,,,,,
9253,10/25/19 01:21:18 AM,100.155,12.401,,-0.050,,,,
9254,10/25/19 01:21:38 AM,,,100.210,,,,,
9255,10/25/19 01:23:18 AM,100.155,12.401,,-0.050,,,,
9256,10/25/19 01:23:38 AM,,,100.221,,,,,
9257,10/25/19 01:25:18 AM,100.155,12.401,,-0.050,,,,
9258,10/25/19 01:25:38 AM,,,100.210,,,,,
9259,10/25/19 01:27:18 AM,100.155,12.401,,-0.050,,,,
9260,10/25/19 01:27:38 AM,,,100.210,,,,,
9261,10/25/19 01:29:18 AM,100.155,12.401,,-0.050,,,,
9262,10/25/19 01:29:38 AM,,,100.217,,,,,
9263,10/25/19 01:31:18 AM,100.155,12.401,,-0.050,,,,
9264,10/25/19 01:31:38 AM,,,100.217,,,,,
9265,10/25/19 01:33:18 AM,100.167,12.401,,-0.049,,,,
9266,10/25/19 01:33:38 AM,,,100.217,,,,,
9267,10/25/19 01:35:18 AM,100.167,12.401,,-0.049,,,,
9268,10/25/19 01:35:38 AM,,,100.217,,,,,
9269,10/25/19 01:37:18 AM,100.167,12.401,,-0.048,,,,
9270,10/25/19 01:37:38 AM,,,100.206,,,,,
9271,10/25/19 01:39:18 AM,100.167,12.401,,-0.049,,,,
9272,10/25/19 01:39:38 AM,,,100.217,,,,,
9273,10/25/19 01:41:18 AM,100.163,12.304,,-0.050,,,,
9274,10/25/19 01:41:38 AM,,,100.228,,,,,
9275,10/25/19 01:43:18 AM,100.163,12.304,,-0.049,,,,
9276,10/25/19 01:43:38 AM,,,100.206,,,,,
9277,10/25/19 01:45:18 AM,100.140,12.304,,-0.051,,,,
9278,10/25/19 01:45:38 AM,,,100.206,,,,,
9279,10/25/19 01:47:18 AM,100.149,12.207,,-0.051,,,,
9280,10/25/19 01:47:38 AM,,,100.217,,,,,
9281,10/25/19 01:49:18 AM,100.172,12.207,,-0.048,,,,
9282,10/25/19 01:49:38 AM,,,100.206,,,,,
9283,10/25/19 01:51:18 AM,100.149,12.207,,-0.051,,,,
9284,10/25/19 01:51:38 AM,,,100.217,,,,,
9285,10/25/19 01:53:18 AM,100.172,12.207,,-0.048,,,,
9286,10/25/19 01:53:38 AM,,,100.206,,,,,
9287,10/25/19 01:55:18 AM,100.160,12.207,,-0.049,,,,
9288,10/25/19 01:55:38 AM,,,100.206,,,,,
9289,10/25/19 01:57:18 AM,100.157,12.110,,-0.051,,,,
9290,10/25/19 01:57:38 AM,,,100.228,,,,,
9291,10/25/19 01:59:18 AM,100.169,12.110,,-0.049,,,,
9292,10/25/19 01:59:38 AM,,,100.214,,,,,
9293,10/25/19 02:01:18 AM,100.157,12.110,,-0.050,,,,
9294,10/25/19 02:01:38 AM,,,100.214,,,,,
9295,10/25/19 02:03:18 AM,100.145,12.110,,-0.051,,,,
9296,10/25/19 02:03:38 AM,,,100.214,,,,,
9297,10/25/19 02:05:18 AM,100.165,12.013,,-0.049,,,,
9298,10/25/19 02:05:38 AM,,,100.214,,,,,
9299,10/25/19 02:07:18 AM,100.154,12.013,,-0.050,,,,
9300,10/25/19 02:07:38 AM,,,100.214,,,,,
9301,10/25/19 02:09:18 AM,100.154,12.013,,-0.049,,,,
9302,10/25/19 02:09:38 AM,,,100.203,,,,,
9303,10/25/19 02:11:18 AM,100.174,11.916,,-0.048,,,,
9304,10/25/19 02:11:38 AM,,,100.214,,,,,
9305,10/25/19 02:13:18 AM,100.162,11.916,,-0.049,,,,
9306,10/25/19 02:13:38 AM,,,100.214,,,,,
9307,10/25/19 02:15:18 AM,100.150,11.916,,-0.050,,,,
9308,10/25/19 02:15:38 AM,,,100.214,,,,,
9309,10/25/19 02:17:18 AM,100.174,11.916,,-0.048,,,,
9310,10/25/19 02:17:38 AM,,,100.214,,,,,
9311,10/25/19 02:19:18 AM,100.139,11.916,,-0.052,,,,
9312,10/25/19 02:19:38 AM,,,100.214,,,,,
9313,10/25/19 02:21:18 AM,100.162,11.916,,-0.049,,,,
9314,10/25/19 02:21:38 AM,,,100.214,,,,,
9315,10/25/19 02:23:18 AM,100.136,11.819,,-0.051,,,,
9316,10/25/19 02:23:38 AM,,,100.203,,,,,
9317,10/25/19 02:25:18 AM,100.159,11.819,,-0.049,,,,
9318,10/25/19 02:25:38 AM,,,100.214,,,,,
9319,10/25/19 02:27:18 AM,100.167,11.722,,-0.049,,,,
9320,10/25/19 02:27:38 AM,,,100.221,,,,,
9321,10/25/19 02:29:18 AM,100.167,11.722,,-0.049,,,,
9322,10/25/19 02:29:38 AM,,,100.210,,,,,
9323,10/25/19 02:31:18 AM,100.156,11.722,,-0.050,,,,
9324,10/25/19 02:31:38 AM,,,100.221,,,,,
9325,10/25/19 02:33:18 AM,100.152,11.625,,-0.050,,,,
9326,10/25/19 02:33:38 AM,,,100.210,,,,,
9327,10/25/19 02:35:18 AM,100.164,11.625,,-0.050,,,,
9328,10/25/19 02:35:38 AM,,,100.221,,,,,
9329,10/25/19 02:37:18 AM,100.152,11.625,,-0.050,,,,
9330,10/25/19 02:37:38 AM,,,100.210,,,,,
9331,10/25/19 02:39:18 AM,100.176,11.625,,-0.048,,,,
9332,10/25/19 02:39:38 AM,,,100.221,,,,,
9333,10/25/19 02:41:18 AM,100.161,11.528,,-0.050,,,,
9334,10/25/19 02:41:38 AM,,,100.221,,,,,
9335,10/25/19 02:43:18 AM,100.137,11.528,,-0.053,,,,
9336,10/25/19 02:43:38 AM,,,100.221,,,,,
9337,10/25/19 02:45:18 AM,100.149,11.528,,-0.050,,,,
9338,10/25/19 02:45:38 AM,,,100.210,,,,,
9339,10/25/19 02:47:18 AM,100.149,11.528,,-0.050,,,,
9340,10/25/19 02:47:38 AM,,,100.210,,,,,
9341,10/25/19 02:49:18 AM,100.161,11.528,,-0.050,,,,
9342,10/25/19 02:49:38 AM,,,100.228,,,,,
9343,10/25/19 02:51:18 AM,100.169,11.431,,-0.049,,,,
9344,10/25/19 02:51:38 AM,,,100.217,,,,,
9345,10/25/19 02:53:18 AM,100.181,11.431,,-0.048,,,,
9346,10/25/19 02:53:38 AM,,,100.217,,,,,
9347,10/25/19 02:55:18 AM,100.181,11.431,,-0.048,,,,
9348,10/25/19 02:55:38 AM,,,100.217,,,,,
9349,10/25/19 02:57:18 AM,100.166,11.334,,-0.049,,,,
9350,10/25/19 02:57:38 AM,,,100.217,,,,,
9351,10/25/19 02:59:18 AM,100.166,11.334,,-0.049,,,,
9352,10/25/19 02:59:38 AM,,,100.217,,,,,
9353,10/25/19 03:01:18 AM,100.189,11.334,,-0.048,,,,
9354,10/25/19 03:01:38 AM,,,100.228,,,,,
9355,10/25/19 03:03:18 AM,100.177,11.334,,-0.049,,,,
9356,10/25/19 03:03:38 AM,,,100.228,,,,,
9357,10/25/19 03:05:18 AM,100.177,11.334,,-0.049,,,,
9358,10/25/19 03:05:38 AM,,,100.228,,,,,
9359,10/25/19 03:07:18 AM,100.143,11.334,,-0.053,,,,
9360,10/25/19 03:07:38 AM,,,100.228,,,,,
9361,10/25/19 03:09:18 AM,100.143,11.334,,-0.051,,,,
9362,10/25/19 03:09:38 AM,,,100.213,,,,,
9363,10/25/19 03:11:18 AM,100.143,11.334,,-0.051,,,,
9364,10/25/19 03:11:38 AM,,,100.213,,,,,
9365,10/25/19 03:13:18 AM,100.131,11.334,,-0.052,,,,
9366,10/25/19 03:13:38 AM,,,100.213,,,,,
9367,10/25/19 03:15:18 AM,100.139,11.236,,-0.051,,,,
9368,10/25/19 03:15:38 AM,,,100.213,,,,,
9369,10/25/19 03:17:18 AM,100.139,11.236,,-0.051,,,,
9370,10/25/19 03:17:38 AM,,,100.213,,,,,
9371,10/25/19 03:19:18 AM,100.151,11.236,,-0.050,,,,
9372,10/25/19 03:19:38 AM,,,100.213,,,,,
9373,10/25/19 03:21:18 AM,100.136,11.139,,-0.052,,,,
9374,10/25/19 03:21:38 AM,,,100.213,,,,,
9375,10/25/19 03:23:18 AM,100.159,11.139,,-0.049,,,,
9376,10/25/19 03:23:38 AM,,,100.213,,,,,
9377,10/25/19 03:25:18 AM,100.159,11.139,,-0.049,,,,
9378,10/25/19 03:25:38 AM,,,100.213,,,,,
9379,10/25/19 03:27:18 AM,100.179,11.041,,-0.047,,,,
9380,10/25/19 03:27:38 AM,,,100.209,,,,,
9381,10/25/19 03:29:18 AM,100.144,11.041,,-0.051,,,,
9382,10/25/19 03:29:38 AM,,,100.209,,,,,
9383,10/25/19 03:31:18 AM,100.168,11.041,,-0.049,,,,
9384,10/25/19 03:31:38 AM,,,100.220,,,,,
9385,10/25/19 03:33:18 AM,100.159,11.139,,-0.050,,,,
9386,10/25/19 03:33:38 AM,,,100.220,,,,,
9387,10/25/19 03:35:18 AM,100.159,11.139,,-0.050,,,,
9388,10/25/19 03:35:38 AM,,,100.220,,,,,
9389,10/25/19 03:37:18 AM,100.144,11.041,,-0.053,,,,
9390,10/25/19 03:37:38 AM,,,100.231,,,,,
9391,10/25/19 03:39:18 AM,100.159,11.139,,-0.050,,,,
9392,10/25/19 03:39:38 AM,,,100.220,,,,,
9393,10/25/19 03:41:18 AM,100.159,11.139,,-0.051,,,,
9394,10/25/19 03:41:38 AM,,,100.231,,,,,
9395,10/25/19 03:43:18 AM,100.159,11.139,,-0.051,,,,
9396,10/25/19 03:43:38 AM,,,100.231,,,,,
9397,10/25/19 03:45:18 AM,100.171,11.139,,-0.050,,,,
9398,10/25/19 03:45:38 AM,,,100.231,,,,,
9399,10/25/19 03:47:18 AM,100.159,11.139,,-0.050,,,,
9400,10/25/19 03:47:38 AM,,,100.220,,,,,
9401,10/25/19 03:49:18 AM,100.179,11.041,,-0.049,,,,
9402,10/25/19 03:49:38 AM,,,100.231,,,,,
9403,10/25/19 03:51:18 AM,100.179,11.041,,-0.049,,,,
9404,10/25/19 03:51:38 AM,,,100.231,,,,,
9405,10/25/19 03:53:18 AM,100.179,11.041,,-0.049,,,,
9406,10/25/19 03:53:38 AM,,,100.227,,,,,
9407,10/25/19 03:55:18 AM,100.168,11.041,,-0.050,,,,
9408,10/25/19 03:55:38 AM,,,100.227,,,,,
9409,10/25/19 03:57:18 AM,100.179,11.041,,-0.048,,,,
9410,10/25/19 03:57:38 AM,,,100.216,,,,,
9411,10/25/19 03:59:18 AM,100.168,11.041,,-0.049,,,,
9412,10/25/19 03:59:38 AM,,,100.216,,,,,
9413,10/25/19 04:01:18 AM,100.156,11.041,,-0.051,,,,
9414,10/25/19 04:01:38 AM,,,100.227,,,,,
9415,10/25/19 04:03:18 AM,100.176,10.944,,-0.050,,,,
9416,10/25/19 04:03:38 AM,,,100.238,,,,,
9417,10/25/19 04:05:18 AM,100.176,10.944,,-0.049,,,,
9418,10/25/19 04:05:38 AM,,,100.227,,,,,
9419,10/25/19 04:07:18 AM,100.176,10.944,,-0.050,,,,
9420,10/25/19 04:07:38 AM,,,100.238,,,,,
9421,10/25/19 04:09:18 AM,100.208,10.846,,-0.047,,,,
9422,10/25/19 04:09:38 AM,,,100.238,,,,,
9423,10/25/19 04:11:18 AM,100.184,10.846,,-0.049,,,,
9424,10/25/19 04:11:38 AM,,,100.238,,,,,
9425,10/25/19 04:13:18 AM,100.196,10.846,,-0.050,,,,
9426,10/25/19 04:13:38 AM,,,100.260,,,,,
9427,10/25/19 04:15:18 AM,100.193,10.748,,-0.049,,,,
9428,10/25/19 04:15:38 AM,,,100.234,,,,,
9429,10/25/19 04:17:18 AM,100.181,10.748,,-0.051,,,,
9430,10/25/19 04:17:38 AM,,,100.256,,,,,
9431,10/25/19 04:19:18 AM,100.205,10.748,,-0.048,,,,
9432,10/25/19 04:19:38 AM,,,100.245,,,,,
9433,10/25/19 04:21:18 AM,100.196,10.846,,-0.049,,,,
9434,10/25/19 04:21:38 AM,,,100.245,,,,,
9435,10/25/19 04:23:18 AM,100.196,10.846,,-0.051,,,,
9436,10/25/19 04:23:38 AM,,,100.267,,,,,
9437,10/25/19 04:25:18 AM,100.208,10.846,,-0.049,,,,
9438,10/25/19 04:25:38 AM,,,100.256,,,,,
9439,10/25/19 04:27:18 AM,100.196,10.846,,-0.049,,,,
9440,10/25/19 04:27:38 AM,,,100.245,,,,,
9441,10/25/19 04:29:18 AM,100.196,10.846,,-0.049,,,,
9442,10/25/19 04:29:38 AM,,,100.245,,,,,
9443,10/25/19 04:31:18 AM,100.208,10.846,,-0.049,,,,
9444,10/25/19 04:31:38 AM,,,100.256,,,,,
9445,10/25/19 04:33:18 AM,100.199,10.944,,-0.051,,,,
9446,10/25/19 04:33:38 AM,,,100.267,,,,,
9447,10/25/19 04:35:18 AM,100.211,10.944,,-0.049,,,,
9448,10/25/19 04:35:38 AM,,,100.256,,,,,
9449,10/25/19 04:37:18 AM,100.199,10.944,,-0.049,,,,
9450,10/25/19 04:37:38 AM,,,100.245,,,,,
9451,10/25/19 04:39:18 AM,100.199,10.944,,-0.050,,,,
9452,10/25/19 04:39:38 AM,,,100.256,,,,,
9453,10/25/19 04:41:18 AM,100.199,10.944,,-0.050,,,,
9454,10/25/19 04:41:38 AM,,,100.256,,,,,
9455,10/25/19 04:43:18 AM,100.211,10.944,,-0.047,,,,
9456,10/25/19 04:43:38 AM,,,100.241,,,,,
9457,10/25/19 04:45:18 AM,100.199,10.944,,-0.050,,,,
9458,10/25/19 04:45:38 AM,,,100.263,,,,,
9459,10/25/19 04:47:18 AM,100.211,10.944,,-0.048,,,,
9460,10/25/19 04:47:38 AM,,,100.252,,,,,
9461,10/25/19 04:49:18 AM,100.211,10.944,,-0.048,,,,
9462,10/25/19 04:49:38 AM,,,100.252,,,,,
9463,10/25/19 04:51:18 AM,100.188,10.944,,-0.050,,,,
9464,10/25/19 04:51:38 AM,,,100.252,,,,,
9465,10/25/19 04:53:18 AM,100.234,10.944,,-0.047,,,,
9466,10/25/19 04:53:38 AM,,,100.263,,,,,
9467,10/25/19 04:55:18 AM,100.211,10.944,,-0.049,,,,
9468,10/25/19 04:55:38 AM,,,100.263,,,,,
9469,10/25/19 04:57:18 AM,100.199,10.944,,-0.051,,,,
9470,10/25/19 04:57:38 AM,,,100.274,,,,,
9471,10/25/19 04:59:18 AM,100.211,10.944,,-0.049,,,,
9472,10/25/19 04:59:38 AM,,,100.263,,,,,
9473,10/25/19 05:01:18 AM,100.234,10.944,,-0.047,,,,
9474,10/25/19 05:01:38 AM,,,100.263,,,,,
9475,10/25/19 05:03:18 AM,100.234,10.944,,-0.047,,,,
9476,10/25/19 05:03:38 AM,,,100.263,,,,,
9477,10/25/19 05:05:18 AM,100.223,10.944,,-0.050,,,,
9478,10/25/19 05:05:38 AM,,,100.284,,,,,
9479,10/25/19 05:07:18 AM,100.223,10.944,,-0.050,,,,
9480,10/25/19 05:07:38 AM,,,100.284,,,,,
9481,10/25/19 05:09:18 AM,100.223,10.944,,-0.050,,,,
9482,10/25/19 05:09:38 AM,,,100.284,,,,,
9483,10/25/19 05:11:18 AM,100.223,10.944,,-0.049,,,,
9484,10/25/19 05:11:38 AM,,,100.270,,,,,
9485,10/25/19 05:13:18 AM,100.234,10.944,,-0.048,,,,
9486,10/25/19 05:13:38 AM,,,100.270,,,,,
9487,10/25/19 05:15:18 AM,100.223,10.944,,-0.051,,,,
9488,10/25/19 05:15:38 AM,,,100.292,,,,,
9489,10/25/19 05:17:18 AM,100.223,10.944,,-0.050,,,,
9490,10/25/19 05:17:38 AM,,,100.281,,,,,
9491,10/25/19 05:19:18 AM,100.234,10.944,,-0.050,,,,
9492,10/25/19 05:19:38 AM,,,100.292,,,,,
9493,10/25/19 05:21:18 AM,100.223,10.944,,-0.050,,,,
9494,10/25/19 05:21:38 AM,,,100.281,,,,,
9495,10/25/19 05:23:18 AM,100.223,10.944,,-0.049,,,,
9496,10/25/19 05:23:38 AM,,,100.270,,,,,
9497,10/25/19 05:25:18 AM,100.223,10.944,,-0.050,,,,
9498,10/25/19 05:25:38 AM,,,100.281,,,,,
9499,10/25/19 05:27:18 AM,100.223,10.944,,-0.048,,,,
9500,10/25/19 05:27:38 AM,,,100.259,,,,,
9501,10/25/19 05:29:18 AM,100.223,10.944,,-0.049,,,,
9502,10/25/19 05:29:38 AM,,,100.270,,,,,
9503,10/25/19 05:31:18 AM,100.246,10.944,,-0.047,,,,
9504,10/25/19 05:31:38 AM,,,100.281,,,,,
9505,10/25/19 05:33:18 AM,100.246,10.944,,-0.048,,,,
9506,10/25/19 05:33:38 AM,,,100.292,,,,,
9507,10/25/19 05:35:18 AM,100.234,10.944,,-0.051,,,,
9508,10/25/19 05:35:38 AM,,,100.302,,,,,
9509,10/25/19 05:37:18 AM,100.254,10.846,,-0.049,,,,
9510,10/25/19 05:37:38 AM,,,100.302,,,,,
9511,10/25/19 05:39:18 AM,100.254,10.846,,-0.047,,,,
9512,10/25/19 05:39:38 AM,,,100.281,,,,,
9513,10/25/19 05:41:18 AM,100.243,10.846,,-0.049,,,,
9514,10/25/19 05:41:38 AM,,,100.292,,,,,
9515,10/25/19 05:43:18 AM,100.266,10.846,,-0.047,,,,
9516,10/25/19 05:43:38 AM,,,100.302,,,,,
9517,10/25/19 05:45:18 AM,100.266,10.846,,-0.049,,,,
9518,10/25/19 05:45:38 AM,,,100.313,,,,,
9519,10/25/19 05:47:18 AM,100.254,10.846,,-0.050,,,,
9520,10/25/19 05:47:38 AM,,,100.313,,,,,
9521,10/25/19 05:49:18 AM,100.266,10.846,,-0.049,,,,
9522,10/25/19 05:49:38 AM,,,100.313,,,,,
9523,10/25/19 05:51:18 AM,100.266,10.846,,-0.049,,,,
9524,10/25/19 05:51:38 AM,,,100.313,,,,,
9525,10/25/19 05:53:18 AM,100.266,10.846,,-0.050,,,,
9526,10/25/19 05:53:38 AM,,,100.324,,,,,
9527,10/25/19 05:55:18 AM,100.266,10.846,,-0.050,,,,
9528,10/25/19 05:55:38 AM,,,100.331,,,,,
9529,10/25/19 05:57:18 AM,100.266,10.846,,-0.050,,,,
9530,10/25/19 05:57:38 AM,,,100.320,,,,,
9531,10/25/19 05:59:18 AM,100.289,10.846,,-0.047,,,,
9532,10/25/19 05:59:38 AM,,,100.320,,,,,
9533,10/25/19 06:01:18 AM,100.293,10.944,,-0.047,,,,
9534,10/25/19 06:01:38 AM,,,100.320,,,,,
9535,10/25/19 06:03:18 AM,100.273,11.041,,-0.050,,,,
9536,10/25/19 06:03:38 AM,,,100.331,,,,,
9537,10/25/19 06:05:18 AM,100.273,11.041,,-0.050,,,,
9538,10/25/19 06:05:38 AM,,,100.331,,,,,
9539,10/25/19 06:07:18 AM,100.276,11.139,,-0.050,,,,
9540,10/25/19 06:07:38 AM,,,100.342,,,,,
9541,10/25/19 06:09:18 AM,100.288,11.139,,-0.049,,,,
9542,10/25/19 06:09:38 AM,,,100.331,,,,,
9543,10/25/19 06:11:18 AM,100.291,11.236,,-0.049,,,,
9544,10/25/19 06:11:38 AM,,,100.342,,,,,
9545,10/25/19 06:13:18 AM,100.306,11.334,,-0.048,,,,
9546,10/25/19 06:13:38 AM,,,100.342,,,,,
9547,10/25/19 06:15:18 AM,100.294,11.334,,-0.049,,,,
9548,10/25/19 06:15:38 AM,,,100.342,,,,,
9549,10/25/19 06:17:18 AM,100.297,11.431,,-0.049,,,,
9550,10/25/19 06:17:38 AM,,,100.353,,,,,
9551,10/25/19 06:19:18 AM,100.286,11.431,,-0.050,,,,
9552,10/25/19 06:19:38 AM,,,100.342,,,,,
9553,10/25/19 06:21:18 AM,100.301,11.528,,-0.049,,,,
9554,10/25/19 06:21:38 AM,,,100.353,,,,,
9555,10/25/19 06:23:18 AM,100.304,11.625,,-0.050,,,,
9556,10/25/19 06:23:38 AM,,,100.364,,,,,
9557,10/25/19 06:25:18 AM,100.319,11.722,,-0.048,,,,
9558,10/25/19 06:25:38 AM,,,100.353,,,,,
9559,10/25/19 06:27:18 AM,100.334,11.819,,-0.046,,,,
9560,10/25/19 06:27:38 AM,,,100.353,,,,,
9561,10/25/19 06:29:18 AM,100.302,11.916,,-0.049,,,,
9562,10/25/19 06:29:38 AM,,,100.353,,,,,
9563,10/25/19 06:31:18 AM,100.314,11.916,,-0.048,,,,
9564,10/25/19 06:31:38 AM,,,100.353,,,,,
9565,10/25/19 06:33:18 AM,100.329,12.013,,-0.046,,,,
9566,10/25/19 06:33:38 AM,,,100.353,,,,,
9567,10/25/19 06:35:18 AM,100.317,12.013,,-0.048,,,,
9568,10/25/19 06:35:38 AM,,,100.353,,,,,
9569,10/25/19 06:37:18 AM,100.332,12.110,,-0.047,,,,
9570,10/25/19 06:37:38 AM,,,100.364,,,,,
9571,10/25/19 06:39:18 AM,100.343,12.110,,-0.046,,,,
9572,10/25/19 06:39:38 AM,,,100.364,,,,,
9573,10/25/19 06:41:18 AM,100.323,12.207,,-0.048,,,,
9574,10/25/19 06:41:38 AM,,,100.364,,,,,
9575,10/25/19 06:43:18 AM,100.312,12.207,,-0.049,,,,
9576,10/25/19 06:43:38 AM,,,100.364,,,,,
9577,10/25/19 06:45:18 AM,100.327,12.304,,-0.047,,,,
9578,10/25/19 06:45:38 AM,,,100.353,,,,,
9579,10/25/19 06:47:18 AM,100.342,12.401,,-0.046,,,,
9580,10/25/19 06:47:38 AM,,,100.364,,,,,
9581,10/25/19 06:49:18 AM,100.342,12.401,,-0.047,,,,
9582,10/25/19 06:49:38 AM,,,100.375,,,,,
9583,10/25/19 06:51:18 AM,100.353,12.401,,-0.046,,,,
9584,10/25/19 06:51:38 AM,,,100.375,,,,,
9585,10/25/19 06:53:18 AM,100.357,12.497,,-0.047,,,,
9586,10/25/19 06:53:38 AM,,,100.386,,,,,
9587,10/25/19 06:55:18 AM,100.360,12.594,,-0.047,,,,
9588,10/25/19 06:55:38 AM,,,100.386,,,,,
9589,10/25/19 06:57:18 AM,100.363,12.690,,-0.047,,,,
9590,10/25/19 06:57:38 AM,,,100.397,,,,,
9591,10/25/19 06:59:18 AM,100.355,12.787,,-0.049,,,,
9592,10/25/19 06:59:38 AM,,,100.407,,,,,
9593,10/25/19 07:01:18 AM,100.393,12.883,,-0.045,,,,
9594,10/25/19 07:01:38 AM,,,100.407,,,,,
9595,10/25/19 07:03:18 AM,100.358,12.883,,-0.049,,,,
9596,10/25/19 07:03:38 AM,,,100.407,,,,,
9597,10/25/19 07:05:18 AM,100.361,12.980,,-0.050,,,,
9598,10/25/19 07:05:38 AM,,,100.418,,,,,
9599,10/25/19 07:07:18 AM,100.388,13.076,,-0.046,,,,
9600,10/25/19 07:07:38 AM,,,100.407,,,,,
9601,10/25/19 07:09:18 AM,100.364,13.076,,-0.048,,,,
9602,10/25/19 07:09:38 AM,,,100.407,,,,,
9603,10/25/19 07:11:18 AM,100.364,13.076,,-0.048,,,,
9604,10/25/19 07:11:38 AM,,,100.407,,,,,
9605,10/25/19 07:13:18 AM,100.368,13.173,,-0.048,,,,
9606,10/25/19 07:13:38 AM,,,100.407,,,,,
9607,10/25/19 07:15:18 AM,100.371,13.269,,-0.048,,,,
9608,10/25/19 07:15:38 AM,,,100.407,,,,,
9609,10/25/19 07:17:18 AM,100.371,13.269,,-0.048,,,,
9610,10/25/19 07:17:38 AM,,,100.407,,,,,
9611,10/25/19 07:19:18 AM,100.374,13.365,,-0.047,,,,
9612,10/25/19 07:19:38 AM,,,100.407,,,,,
9613,10/25/19 07:21:18 AM,100.374,13.365,,-0.046,,,,
9614,10/25/19 07:21:38 AM,,,100.397,,,,,
9615,10/25/19 07:23:18 AM,100.366,13.461,,-0.047,,,,
9616,10/25/19 07:23:38 AM,,,100.397,,,,,
9617,10/25/19 07:25:18 AM,100.366,13.461,,-0.049,,,,
9618,10/25/19 07:25:38 AM,,,100.418,,,,,
9619,10/25/19 07:27:18 AM,100.354,13.461,,-0.049,,,,
9620,10/25/19 07:27:38 AM,,,100.397,,,,,
9621,10/25/19 07:29:18 AM,100.381,13.558,,-0.046,,,,
9622,10/25/19 07:29:38 AM,,,100.397,,,,,
9623,10/25/19 07:31:18 AM,100.372,13.654,,-0.046,,,,
9624,10/25/19 07:31:38 AM,,,100.397,,,,,
9625,10/25/19 07:33:18 AM,100.372,13.654,,-0.046,,,,
9626,10/25/19 07:33:38 AM,,,100.397,,,,,
9627,10/25/19 07:35:18 AM,100.376,13.750,,-0.047,,,,
9628,10/25/19 07:35:38 AM,,,100.407,,,,,
9629,10/25/19 07:37:18 AM,100.387,13.750,,-0.046,,,,
9630,10/25/19 07:37:38 AM,,,100.407,,,,,
9631,10/25/19 07:39:18 AM,100.379,13.846,,-0.048,,,,
9632,10/25/19 07:39:38 AM,,,100.418,,,,,
9633,10/25/19 07:41:18 AM,100.370,13.942,,-0.047,,,,
9634,10/25/19 07:41:38 AM,,,100.397,,,,,
9635,10/25/19 07:43:18 AM,100.370,13.942,,-0.045,,,,
9636,10/25/19 07:43:38 AM,,,100.375,,,,,
9637,10/25/19 07:45:18 AM,100.350,14.038,,-0.047,,,,
9638,10/25/19 07:45:38 AM,,,100.386,,,,,
9639,10/25/19 07:47:18 AM,100.362,14.038,,-0.046,,,,
9640,10/25/19 07:47:38 AM,,,100.386,,,,,
9641,10/25/19 07:49:18 AM,100.365,14.134,,-0.048,,,,
9642,10/25/19 07:49:38 AM,,,100.407,,,,,
9643,10/25/19 07:51:18 AM,100.369,14.230,,-0.048,,,,
9644,10/25/19 07:51:38 AM,,,100.404,,,,,
9645,10/25/19 07:53:18 AM,100.360,14.325,,-0.048,,,,
9646,10/25/19 07:53:38 AM,,,100.404,,,,,
9647,10/25/19 07:55:18 AM,100.363,14.421,,-0.047,,,,
9648,10/25/19 07:55:38 AM,,,100.393,,,,,
9649,10/25/19 07:57:18 AM,100.375,14.421,,-0.045,,,,
9650,10/25/19 07:57:38 AM,,,100.382,,,,,
9651,10/25/19 07:59:18 AM,100.355,14.517,,-0.047,,,,
9652,10/25/19 07:59:38 AM,,,100.382,,,,,
9653,10/25/19 08:01:18 AM,100.358,14.613,,-0.046,,,,
9654,10/25/19 08:01:38 AM,,,100.382,,,,,
9655,10/25/19 08:03:18 AM,100.350,14.709,,-0.045,,,,
9656,10/25/19 08:03:38 AM,,,100.360,,,,,
9657,10/25/19 08:05:18 AM,100.330,14.804,,-0.048,,,,
9658,10/25/19 08:05:38 AM,,,100.371,,,,,
9659,10/25/19 08:07:18 AM,100.345,14.900,,-0.047,,,,
9660,10/25/19 08:07:38 AM,,,100.375,,,,,
9661,10/25/19 08:09:18 AM,100.336,14.996,,-0.046,,,,
9662,10/25/19 08:09:38 AM,,,100.353,,,,,
9663,10/25/19 08:11:18 AM,100.343,15.187,,-0.044,,,,
9664,10/25/19 08:11:38 AM,,,100.342,,,,,
9665,10/25/19 08:13:18 AM,100.346,15.282,,-0.045,,,,
9666,10/25/19 08:13:38 AM,,,100.357,,,,,
9667,10/25/19 08:15:18 AM,100.335,15.282,,-0.046,,,,
9668,10/25/19 08:15:38 AM,,,100.357,,,,,
9669,10/25/19 08:17:18 AM,100.361,15.378,,-0.044,,,,
9670,10/25/19 08:17:38 AM,,,100.361,,,,,
9671,10/25/19 08:19:18 AM,100.338,15.378,,-0.045,,,,
9672,10/25/19 08:19:38 AM,,,100.350,,,,,
9673,10/25/19 08:21:18 AM,100.329,15.473,,-0.047,,,,
9674,10/25/19 08:21:38 AM,,,100.365,,,,,
9675,10/25/19 08:23:18 AM,100.341,15.473,,-0.045,,,,
9676,10/25/19 08:23:38 AM,,,100.354,,,,,
9677,10/25/19 08:25:18 AM,100.333,15.569,,-0.046,,,,
9678,10/25/19 08:25:38 AM,,,100.358,,,,,
9679,10/25/19 08:27:18 AM,100.321,15.569,,-0.047,,,,
9680,10/25/19 08:27:38 AM,,,100.347,,,,,
9681,10/25/19 08:29:18 AM,100.321,15.569,,-0.047,,,,
9682,10/25/19 08:29:38 AM,,,100.347,,,,,
9683,10/25/19 08:31:18 AM,100.324,15.664,,-0.047,,,,
9684,10/25/19 08:31:38 AM,,,100.351,,,,,
9685,10/25/19 08:33:18 AM,100.301,15.664,,-0.050,,,,
9686,10/25/19 08:33:38 AM,,,100.361,,,,,
9687,10/25/19 08:35:18 AM,100.328,15.760,,-0.048,,,,
9688,10/25/19 08:35:38 AM,,,100.365,,,,,
9689,10/25/19 08:37:18 AM,100.328,15.760,,-0.048,,,,
9690,10/25/19 08:37:38 AM,,,100.365,,,,,
9691,10/25/19 08:39:18 AM,100.331,15.855,,-0.047,,,,
9692,10/25/19 08:39:38 AM,,,100.365,,,,,
9693,10/25/19 08:41:18 AM,100.334,15.951,,-0.048,,,,
9694,10/25/19 08:41:38 AM,,,100.380,,,,,
9695,10/25/19 08:43:18 AM,100.334,15.951,,-0.049,,,,
9696,10/25/19 08:43:38 AM,,,100.380,,,,,
9697,10/25/19 08:45:18 AM,100.349,16.046,,-0.046,,,,
9698,10/25/19 08:45:38 AM,,,100.369,,,,,
9699,10/25/19 08:47:18 AM,100.337,16.046,,-0.048,,,,
9700,10/25/19 08:47:38 AM,,,100.384,,,,,
9701,10/25/19 08:49:18 AM,100.349,16.046,,-0.047,,,,
9702,10/25/19 08:49:38 AM,,,100.373,,,,,
9703,10/25/19 08:51:18 AM,100.361,16.046,,-0.046,,,,
9704,10/25/19 08:51:38 AM,,,100.388,,,,,
9705,10/25/19 08:53:18 AM,100.361,16.046,,-0.048,,,,
9706,10/25/19 08:53:38 AM,,,100.399,,,,,
9707,10/25/19 08:55:18 AM,100.364,16.141,,-0.048,,,,
9708,10/25/19 08:55:38 AM,,,100.403,,,,,
9709,10/25/19 08:57:18 AM,100.364,16.141,,-0.048,,,,
9710,10/25/19 08:57:38 AM,,,100.403,,,,,
9711,10/25/19 08:59:18 AM,100.376,16.141,,-0.047,,,,
9712,10/25/19 08:59:38 AM,,,100.406,,,,,
9713,10/25/19 09:01:18 AM,100.367,16.237,,-0.048,,,,
9714,10/25/19 09:01:38 AM,,,100.410,,,,,
9715,10/25/19 09:03:18 AM,100.356,16.237,,-0.049,,,,
9716,10/25/19 09:03:38 AM,,,100.399,,,,,
9717,10/25/19 09:05:18 AM,100.371,16.332,,-0.047,,,,
9718,10/25/19 09:05:38 AM,,,100.403,,,,,
9719,10/25/19 09:07:18 AM,100.382,16.332,,-0.047,,,,
9720,10/25/19 09:07:38 AM,,,100.414,,,,,
9721,10/25/19 09:09:18 AM,100.374,16.427,,-0.047,,,,
9722,10/25/19 09:09:38 AM,,,100.407,,,,,
9723,10/25/19 09:11:18 AM,100.362,16.427,,-0.049,,,,
9724,10/25/19 09:11:38 AM,,,100.407,,,,,
9725,10/25/19 09:13:18 AM,100.365,16.523,,-0.049,,,,
9726,10/25/19 09:13:38 AM,,,100.411,,,,,
9727,10/25/19 09:15:18 AM,100.369,16.618,,-0.048,,,,
9728,10/25/19 09:15:38 AM,,,100.411,,,,,
9729,10/25/19 09:17:18 AM,100.372,16.713,,-0.048,,,,
9730,10/25/19 09:17:38 AM,,,100.415,,,,,
9731,10/25/19 09:19:18 AM,100.375,16.808,,-0.047,,,,
9732,10/25/19 09:19:38 AM,,,100.404,,,,,
9733,10/25/19 09:21:18 AM,100.375,16.808,,-0.047,,,,
9734,10/25/19 09:21:38 AM,,,100.408,,,,,
9735,10/25/19 09:23:18 AM,100.355,16.903,,-0.049,,,,
9736,10/25/19 09:23:38 AM,,,100.408,,,,,
9737,10/25/19 09:25:18 AM,100.370,16.999,,-0.047,,,,
9738,10/25/19 09:25:38 AM,,,100.401,,,,,
9739,10/25/19 09:27:18 AM,100.373,17.094,,-0.048,,,,
9740,10/25/19 09:27:38 AM,,,100.412,,,,,
9741,10/25/19 09:29:18 AM,100.377,17.189,,-0.047,,,,
9742,10/25/19 09:29:38 AM,,,100.401,,,,,
9743,10/25/19 09:31:18 AM,100.392,17.284,,-0.047,,,,
9744,10/25/19 09:31:38 AM,,,100.427,,,,,
9745,10/25/19 09:33:18 AM,100.395,17.379,,-0.047,,,,
9746,10/25/19 09:33:38 AM,,,100.427,,,,,
9747,10/25/19 09:35:18 AM,100.398,17.475,,-0.046,,,,
9748,10/25/19 09:35:38 AM,,,100.416,,,,,
9749,10/25/19 09:37:18 AM,100.413,17.570,,-0.045,,,,
9750,10/25/19 09:37:38 AM,,,100.430,,,,,
9751,10/25/19 09:39:18 AM,100.373,17.760,,-0.049,,,,
9752,10/25/19 09:39:38 AM,,,100.420,,,,,
9753,10/25/19 09:41:18 AM,100.411,17.855,,-0.046,,,,
9754,10/25/19 09:41:38 AM,,,100.430,,,,,
9755,10/25/19 09:43:18 AM,100.403,17.950,,-0.047,,,,
9756,10/25/19 09:43:38 AM,,,100.434,,,,,
9757,10/25/19 09:45:18 AM,100.401,18.236,,-0.047,,,,
9758,10/25/19 09:45:38 AM,,,100.434,,,,,
9759,10/25/19 09:47:18 AM,100.420,18.426,,-0.045,,,,
9760,10/25/19 09:47:38 AM,,,100.434,,,,,
9761,10/25/19 09:49:18 AM,100.406,18.711,,-0.046,,,,
9762,10/25/19 09:49:38 AM,,,100.423,,,,,
9763,10/25/19 09:51:18 AM,100.416,18.996,,-0.044,,,,
9764,10/25/19 09:51:38 AM,,,100.416,,,,,
9765,10/25/19 09:53:18 AM,100.399,19.187,,-0.048,,,,
9766,10/25/19 09:53:38 AM,,,100.438,,,,,
9767,10/25/19 09:55:18 AM,100.418,19.377,,-0.046,,,,
9768,10/25/19 09:55:38 AM,,,100.438,,,,,
9769,10/25/19 09:57:18 AM,100.389,19.567,,-0.049,,,,
9770,10/25/19 09:57:38 AM,,,100.442,,,,,
9771,10/25/19 09:59:18 AM,100.408,19.758,,-0.046,,,,
9772,10/25/19 09:59:38 AM,,,100.420,,,,,
9773,10/25/19 10:01:18 AM,100.391,19.948,,-0.048,,,,
9774,10/25/19 10:01:38 AM,,,100.431,,,,,
9775,10/25/19 10:03:18 AM,100.406,20.043,,-0.046,,,,
9776,10/25/19 10:03:38 AM,,,100.424,,,,,
9777,10/25/19 10:05:18 AM,100.409,20.138,,-0.046,,,,
9778,10/25/19 10:05:38 AM,,,100.435,,,,,
9779,10/25/19 10:07:18 AM,100.401,20.234,,-0.047,,,,
9780,10/25/19 10:07:38 AM,,,100.435,,,,,
9781,10/25/19 10:09:18 AM,100.419,20.424,,-0.045,,,,
9782,10/25/19 10:09:38 AM,,,100.424,,,,,
9783,10/25/19 10:11:18 AM,100.411,20.519,,-0.044,,,,
9784,10/25/19 10:11:38 AM,,,100.406,,,,,
9785,10/25/19 10:13:18 AM,100.394,20.710,,-0.046,,,,
9786,10/25/19 10:13:38 AM,,,100.417,,,,,
9787,10/25/19 10:15:18 AM,100.409,20.805,,-0.044,,,,
9788,10/25/19 10:15:38 AM,,,100.406,,,,,
9789,10/25/19 10:17:18 AM,100.398,20.805,,-0.046,,,,
9790,10/25/19 10:17:38 AM,,,100.417,,,,,
9791,10/25/19 10:19:18 AM,100.393,20.996,,-0.046,,,,
9792,10/25/19 10:19:38 AM,,,100.410,,,,,
9793,10/25/19 10:21:18 AM,100.396,21.091,,-0.045,,,,
9794,10/25/19 10:21:38 AM,,,100.410,,,,,
9795,10/25/19 10:23:18 AM,100.396,21.091,,-0.047,,,,
9796,10/25/19 10:23:38 AM,,,100.432,,,,,
9797,10/25/19 10:25:18 AM,100.423,21.187,,-0.044,,,,
9798,10/25/19 10:25:38 AM,,,100.421,,,,,
9799,10/25/19 10:27:18 AM,100.403,21.282,,-0.045,,,,
9800,10/25/19 10:27:38 AM,,,100.414,,,,,
9801,10/25/19 10:29:18 AM,100.398,21.473,,-0.047,,,,
9802,10/25/19 10:29:38 AM,,,100.425,,,,,
9803,10/25/19 10:31:18 AM,100.413,21.569,,-0.045,,,,
9804,10/25/19 10:31:38 AM,,,100.425,,,,,
9805,10/25/19 10:33:18 AM,100.405,21.664,,-0.046,,,,
9806,10/25/19 10:33:38 AM,,,100.425,,,,,
9807,10/25/19 10:35:18 AM,100.408,21.760,,-0.046,,,,
9808,10/25/19 10:35:38 AM,,,100.429,,,,,
9809,10/25/19 10:37:18 AM,100.411,21.855,,-0.046,,,,
9810,10/25/19 10:37:38 AM,,,100.429,,,,,
9811,10/25/19 10:39:18 AM,100.403,21.951,,-0.045,,,,
9812,10/25/19 10:39:38 AM,,,100.407,,,,,
9813,10/25/19 10:41:18 AM,100.406,22.046,,-0.046,,,,
9814,10/25/19 10:41:38 AM,,,100.429,,,,,
9815,10/25/19 10:43:18 AM,100.401,22.238,,-0.046,,,,
9816,10/25/19 10:43:38 AM,,,100.418,,,,,
9817,10/25/19 10:45:18 AM,100.413,22.238,,-0.044,,,,
9818,10/25/19 10:45:38 AM,,,100.411,,,,,
9819,10/25/19 10:47:18 AM,100.405,22.333,,-0.045,,,,
9820,10/25/19 10:47:38 AM,,,100.411,,,,,
9821,10/25/19 10:49:18 AM,100.408,22.429,,-0.045,,,,
9822,10/25/19 10:49:38 AM,,,100.422,,,,,
9823,10/25/19 10:51:18 AM,100.400,22.525,,-0.047,,,,
9824,10/25/19 10:51:38 AM,,,100.433,,,,,
9825,10/25/19 10:53:18 AM,100.435,22.525,,-0.043,,,,
9826,10/25/19 10:53:38 AM,,,100.422,,,,,
9827,10/25/19 10:55:18 AM,100.392,22.621,,-0.047,,,,
9828,10/25/19 10:55:38 AM,,,100.426,,,,,
9829,10/25/19 10:57:18 AM,100.427,22.621,,-0.044,,,,
9830,10/25/19 10:57:38 AM,,,100.426,,,,,
9831,10/25/19 10:59:18 AM,100.403,22.621,,-0.046,,,,
9832,10/25/19 10:59:38 AM,,,100.426,,,,,
9833,10/25/19 11:01:18 AM,100.395,22.717,,-0.045,,,,
9834,10/25/19 11:01:38 AM,,,100.404,,,,,
9835,10/25/19 11:03:18 AM,100.418,22.717,,-0.044,,,,
9836,10/25/19 11:03:38 AM,,,100.426,,,,,
9837,10/25/19 11:05:18 AM,100.410,22.812,,-0.045,,,,
9838,10/25/19 11:05:38 AM,,,100.415,,,,,
9839,10/25/19 11:07:18 AM,100.410,22.812,,-0.045,,,,
9840,10/25/19 11:07:38 AM,,,100.419,,,,,
9841,10/25/19 11:09:18 AM,100.414,22.908,,-0.045,,,,
9842,10/25/19 11:09:38 AM,,,100.430,,,,,
9843,10/25/19 11:11:18 AM,100.394,23.004,,-0.048,,,,
9844,10/25/19 11:11:38 AM,,,100.430,,,,,
9845,10/25/19 11:13:18 AM,100.417,23.004,,-0.044,,,,
9846,10/25/19 11:13:38 AM,,,100.419,,,,,
9847,10/25/19 11:15:18 AM,100.417,23.004,,-0.045,,,,
9848,10/25/19 11:15:38 AM,,,100.434,,,,,
9849,10/25/19 11:17:18 AM,100.409,23.100,,-0.045,,,,
9850,10/25/19 11:17:38 AM,,,100.412,,,,,
9851,10/25/19 11:19:18 AM,100.397,23.100,,-0.045,,,,
9852,10/25/19 11:19:38 AM,,,100.401,,,,,
9853,10/25/19 11:21:18 AM,100.385,23.100,,-0.046,,,,
9854,10/25/19 11:21:38 AM,,,100.401,,,,,
9855,10/25/19 11:23:18 AM,100.385,23.100,,-0.047,,,,
9856,10/25/19 11:23:38 AM,,,100.412,,,,,
9857,10/25/19 11:25:18 AM,100.374,23.100,,-0.047,,,,
9858,10/25/19 11:25:38 AM,,,100.405,,,,,
9859,10/25/19 11:27:18 AM,100.377,23.196,,-0.046,,,,
9860,10/25/19 11:27:38 AM,,,100.394,,,,,
9861,10/25/19 11:29:18 AM,100.377,23.196,,-0.046,,,,
9862,10/25/19 11:29:38 AM,,,100.394,,,,,
9863,10/25/19 11:31:18 AM,100.377,23.196,,-0.045,,,,
9864,10/25/19 11:31:38 AM,,,100.383,,,,,
9865,10/25/19 11:33:18 AM,100.369,23.292,,-0.045,,,,
9866,10/25/19 11:33:38 AM,,,100.383,,,,,
9867,10/25/19 11:35:18 AM,100.372,23.388,,-0.045,,,,
9868,10/25/19 11:35:38 AM,,,100.387,,,,,
9869,10/25/19 11:37:18 AM,100.376,23.484,,-0.045,,,,
9870,10/25/19 11:37:38 AM,,,100.387,,,,,
9871,10/25/19 11:39:18 AM,100.376,23.484,,-0.044,,,,
9872,10/25/19 11:39:38 AM,,,100.376,,,,,
9873,10/25/19 11:41:18 AM,100.364,23.484,,-0.044,,,,
9874,10/25/19 11:41:38 AM,,,100.365,,,,,
9875,10/25/19 11:43:18 AM,100.352,23.484,,-0.045,,,,
9876,10/25/19 11:43:38 AM,,,100.365,,,,,
9877,10/25/19 11:45:18 AM,100.356,23.581,,-0.044,,,,
9878,10/25/19 11:45:38 AM,,,100.354,,,,,
9879,10/25/19 11:47:18 AM,100.359,23.677,,-0.045,,,,
9880,10/25/19 11:47:38 AM,,,100.369,,,,,
9881,10/25/19 11:49:18 AM,100.351,23.773,,-0.045,,,,
9882,10/25/19 11:49:38 AM,,,100.358,,,,,
9883,10/25/19 11:51:18 AM,100.342,23.869,,-0.047,,,,
9884,10/25/19 11:51:38 AM,,,100.369,,,,,
9885,10/25/19 11:53:18 AM,100.358,23.966,,-0.044,,,,
9886,10/25/19 11:53:38 AM,,,100.358,,,,,
9887,10/25/19 11:55:18 AM,100.338,24.062,,-0.047,,,,
9888,10/25/19 11:55:38 AM,,,100.369,,,,,
9889,10/25/19 11:57:18 AM,100.349,24.062,,-0.046,,,,
9890,10/25/19 11:57:38 AM,,,100.369,,,,,
9891,10/25/19 11:59:18 AM,100.349,24.062,,-0.044,,,,
9892,10/25/19 11:59:38 AM,,,100.347,,,,,
9893,10/25/19 12:01:18 PM,100.338,24.062,,-0.046,,,,
9894,10/25/19 12:01:38 PM,,,100.358,,,,,
9895,10/25/19 12:03:18 PM,100.341,24.158,,-0.045,,,,
9896,10/25/19 12:03:38 PM,,,100.351,,,,,
9897,10/25/19 12:05:18 PM,100.333,24.255,,-0.046,,,,
9898,10/25/19 12:05:38 PM,,,100.351,,,,,
9899,10/25/19 12:07:18 PM,100.336,24.351,,-0.045,,,,
9900,10/25/19 12:07:38 PM,,,100.351,,,,,
9901,10/25/19 12:09:18 PM,100.336,24.351,,-0.046,,,,
9902,10/25/19 12:09:38 PM,,,100.362,,,,,
9903,10/25/19 12:11:18 PM,100.336,24.351,,-0.047,,,,
9904,10/25/19 12:11:38 PM,,,100.362,,,,,
9905,10/25/19 12:13:18 PM,100.325,24.351,,-0.046,,,,
9906,10/25/19 12:13:38 PM,,,100.340,,,,,
9907,10/25/19 12:15:18 PM,100.325,24.351,,-0.046,,,,
9908,10/25/19 12:15:38 PM,,,100.351,,,,,
9909,10/25/19 12:17:18 PM,100.328,24.448,,-0.045,,,,
9910,10/25/19 12:17:38 PM,,,100.330,,,,,
9911,10/25/19 12:19:18 PM,100.328,24.448,,-0.046,,,,
9912,10/25/19 12:19:38 PM,,,100.351,,,,,
9913,10/25/19 12:21:18 PM,100.343,24.545,,-0.044,,,,
9914,10/25/19 12:21:38 PM,,,100.340,,,,,
9915,10/25/19 12:23:18 PM,100.358,24.641,,-0.043,,,,
9916,10/25/19 12:23:38 PM,,,100.351,,,,,
9917,10/25/19 12:25:18 PM,100.350,24.738,,-0.043,,,,
9918,10/25/19 12:25:38 PM,,,100.333,,,,,
9919,10/25/19 12:27:18 PM,100.362,24.738,,-0.042,,,,
9920,10/25/19 12:27:38 PM,,,100.344,,,,,
9921,10/25/19 12:29:18 PM,100.338,24.738,,-0.045,,,,
9922,10/25/19 12:29:38 PM,,,100.344,,,,,
9923,10/25/19 12:31:18 PM,100.354,24.835,,-0.043,,,,
9924,10/25/19 12:31:38 PM,,,100.344,,,,,
9925,10/25/19 12:33:18 PM,100.345,24.931,,-0.043,,,,
9926,10/25/19 12:33:38 PM,,,100.333,,,,,
9927,10/25/19 12:35:18 PM,100.349,25.028,,-0.043,,,,
9928,10/25/19 12:35:38 PM,,,100.344,,,,,
9929,10/25/19 12:37:18 PM,100.341,25.125,,-0.044,,,,
9930,10/25/19 12:37:38 PM,,,100.344,,,,,
9931,10/25/19 12:39:18 PM,100.356,25.222,,-0.044,,,,
9932,10/25/19 12:39:38 PM,,,100.355,,,,,
9933,10/25/19 12:41:18 PM,100.348,25.319,,-0.044,,,,
9934,10/25/19 12:41:38 PM,,,100.348,,,,,
9935,10/25/19 12:43:18 PM,100.348,25.319,,-0.043,,,,
9936,10/25/19 12:43:38 PM,,,100.337,,,,,
9937,10/25/19 12:45:18 PM,100.348,25.319,,-0.042,,,,
9938,10/25/19 12:45:38 PM,,,100.326,,,,,
9939,10/25/19 12:47:18 PM,100.359,25.319,,-0.042,,,,
9940,10/25/19 12:47:38 PM,,,100.348,,,,,
9941,10/25/19 12:49:18 PM,100.351,25.416,,-0.043,,,,
9942,10/25/19 12:49:38 PM,,,100.337,,,,,
9943,10/25/19 12:51:18 PM,100.355,25.513,,-0.040,,,,
9944,10/25/19 12:51:38 PM,,,100.316,,,,,
9945,10/25/19 12:53:18 PM,100.370,25.610,,-0.038,,,,
9946,10/25/19 12:53:38 PM,,,100.316,,,,,
9947,10/25/19 12:55:18 PM,100.346,25.610,,-0.041,,,,
9948,10/25/19 12:55:38 PM,,,100.320,,,,,
9949,10/25/19 12:57:18 PM,100.346,25.610,,-0.043,,,,
9950,10/25/19 12:57:38 PM,,,100.341,,,,,
9951,10/25/19 12:59:18 PM,100.342,25.805,,-0.042,,,,
9952,10/25/19 12:59:38 PM,,,100.320,,,,,
9953,10/25/19 01:01:18 PM,100.345,25.902,,-0.041,,,,
9954,10/25/19 01:01:38 PM,,,100.320,,,,,
9955,10/25/19 01:03:18 PM,100.340,26.097,,-0.042,,,,
9956,10/25/19 01:03:38 PM,,,100.320,,,,,
9957,10/25/19 01:05:18 PM,100.347,26.292,,-0.041,,,,
9958,10/25/19 01:05:38 PM,,,100.320,,,,,
9959,10/25/19 01:07:18 PM,100.339,26.390,,-0.042,,,,
9960,10/25/19 01:07:38 PM,,,100.323,,,,,
9961,10/25/19 01:09:18 PM,100.346,26.585,,-0.042,,,,
9962,10/25/19 01:09:38 PM,,,100.323,,,,,
9963,10/25/19 01:11:18 PM,100.335,26.585,,-0.042,,,,
9964,10/25/19 01:11:38 PM,,,100.313,,,,,
9965,10/25/19 01:13:18 PM,100.350,26.683,,-0.041,,,,
9966,10/25/19 01:13:38 PM,,,100.323,,,,,
9967,10/25/19 01:15:18 PM,100.326,26.683,,-0.043,,,,
9968,10/25/19 01:15:38 PM,,,100.316,,,,,
9969,10/25/19 01:17:18 PM,100.315,26.683,,-0.043,,,,
9970,10/25/19 01:17:38 PM,,,100.306,,,,,
9971,10/25/19 01:19:18 PM,100.303,26.683,,-0.045,,,,
9972,10/25/19 01:19:38 PM,,,100.316,,,,,
9973,10/25/19 01:21:18 PM,100.303,26.683,,-0.045,,,,
9974,10/25/19 01:21:38 PM,,,100.316,,,,,
9975,10/25/19 01:23:18 PM,100.315,26.683,,-0.043,,,,
9976,10/25/19 01:23:38 PM,,,100.306,,,,,
9977,10/25/19 01:25:18 PM,100.303,26.683,,-0.044,,,,
9978,10/25/19 01:25:38 PM,,,100.299,,,,,
9979,10/25/19 01:27:18 PM,100.303,26.683,,-0.044,,,,
9980,10/25/19 01:27:38 PM,,,100.299,,,,,
9981,10/25/19 01:29:18 PM,100.303,26.683,,-0.043,,,,
9982,10/25/19 01:29:38 PM,,,100.288,,,,,
9983,10/25/19 01:31:18 PM,100.303,26.683,,-0.042,,,,
9984,10/25/19 01:31:38 PM,,,100.281,,,,,
9985,10/25/19 01:33:18 PM,100.307,26.781,,-0.041,,,,
9986,10/25/19 01:33:38 PM,,,100.281,,,,,
9987,10/25/19 01:35:18 PM,100.325,26.977,,-0.040,,,,
9988,10/25/19 01:35:38 PM,,,100.292,,,,,
9989,10/25/19 01:37:18 PM,100.324,27.272,,-0.041,,,,
9990,10/25/19 01:37:38 PM,,,100.296,,,,,
9991,10/25/19 01:39:18 PM,100.323,27.567,,-0.041,,,,
9992,10/25/19 01:39:38 PM,,,100.296,,,,,
9993,10/25/19 01:41:18 PM,100.346,27.862,,-0.039,,,,
9994,10/25/19 01:41:38 PM,,,100.296,,,,,
9995,10/25/19 01:43:18 PM,100.329,28.060,,-0.040,,,,
9996,10/25/19 01:43:38 PM,,,100.289,,,,,
9997,10/25/19 01:45:18 PM,100.325,28.258,,-0.040,,,,
9998,10/25/19 01:45:38 PM,,,100.289,,,,,
9999,10/25/19 01:47:18 PM,100.332,28.456,,-0.040,,,,
10000,10/25/19 01:47:38 PM,,,100.289,,,,,
10001,10/25/19 01:49:18 PM,100.328,28.655,,-0.041,,,,
10002,10/25/19 01:49:38 PM,,,100.303,,,,,
10003,10/25/19 01:51:18 PM,100.331,28.754,,-0.040,,,,
10004,10/25/19 01:51:38 PM,,,100.293,,,,,
10005,10/25/19 01:53:18 PM,100.315,28.953,,-0.041,,,,
10006,10/25/19 01:53:38 PM,,,100.282,,,,,
10007,10/25/19 01:55:18 PM,100.322,29.152,,-0.040,,,,
10008,10/25/19 01:55:38 PM,,,100.282,,,,,
10009,10/25/19 01:57:18 PM,100.306,29.352,,-0.041,,,,
10010,10/25/19 01:57:38 PM,,,100.271,,,,,
10011,10/25/19 01:59:18 PM,100.325,29.552,,-0.039,,,,
10012,10/25/19 01:59:38 PM,,,100.275,,,,,
10013,10/25/19 02:01:18 PM,100.321,29.752,,-0.040,,,,
10014,10/25/19 02:01:38 PM,,,100.286,,,,,
10015,10/25/19 02:03:18 PM,100.313,29.853,,-0.040,,,,
10016,10/25/19 02:03:38 PM,,,100.275,,,,,
10017,10/25/19 02:05:18 PM,100.289,29.853,,-0.043,,,,
10018,10/25/19 02:05:38 PM,,,100.279,,,,,
10019,10/25/19 02:07:18 PM,100.301,29.853,,-0.042,,,,
10020,10/25/19 02:07:38 PM,,,100.279,,,,,
10021,10/25/19 02:09:18 PM,100.305,29.953,,-0.041,,,,
10022,10/25/19 02:09:38 PM,,,100.279,,,,,
10023,10/25/19 02:11:18 PM,100.305,29.953,,-0.040,,,,
10024,10/25/19 02:11:38 PM,,,100.268,,,,,
10025,10/25/19 02:13:18 PM,100.320,30.054,,-0.038,,,,
10026,10/25/19 02:13:38 PM,,,100.261,,,,,
10027,10/25/19 02:15:18 PM,100.312,30.154,,-0.039,,,,
10028,10/25/19 02:15:38 PM,,,100.261,,,,,
10029,10/25/19 02:17:18 PM,100.304,30.255,,-0.040,,,,
10030,10/25/19 02:17:38 PM,,,100.261,,,,,
10031,10/25/19 02:19:18 PM,100.320,30.356,,-0.037,,,,
10032,10/25/19 02:19:38 PM,,,100.254,,,,,
10033,10/25/19 02:21:18 PM,100.323,30.457,,-0.038,,,,
10034,10/25/19 02:21:38 PM,,,100.265,,,,,
10035,10/25/19 02:23:18 PM,100.300,30.457,,-0.039,,,,
10036,10/25/19 02:23:38 PM,,,100.254,,,,,
10037,10/25/19 02:25:18 PM,100.292,30.558,,-0.039,,,,
10038,10/25/19 02:25:38 PM,,,100.247,,,,,
10039,10/25/19 02:27:18 PM,100.288,30.457,,-0.040,,,,
10040,10/25/19 02:27:38 PM,,,100.247,,,,,
10041,10/25/19 02:29:18 PM,100.296,30.356,,-0.039,,,,
10042,10/25/19 02:29:38 PM,,,100.247,,,,,
10043,10/25/19 02:31:18 PM,100.296,30.356,,-0.039,,,,
10044,10/25/19 02:31:38 PM,,,100.247,,,,,
10045,10/25/19 02:33:18 PM,100.284,30.356,,-0.040,,,,
10046,10/25/19 02:33:38 PM,,,100.240,,,,,
10047,10/25/19 02:35:18 PM,100.300,30.457,,-0.040,,,,
10048,10/25/19 02:35:38 PM,,,100.262,,,,,
10049,10/25/19 02:37:18 PM,100.292,30.558,,-0.040,,,,
10050,10/25/19 02:37:38 PM,,,100.251,,,,,
10051,10/25/19 02:39:18 PM,100.296,30.659,,-0.039,,,,
10052,10/25/19 02:39:38 PM,,,100.244,,,,,
10053,10/25/19 02:41:18 PM,100.296,30.659,,-0.038,,,,
10054,10/25/19 02:41:38 PM,,,100.233,,,,,
10055,10/25/19 02:43:18 PM,100.288,30.760,,-0.038,,,,
10056,10/25/19 02:43:38 PM,,,100.233,,,,,
10057,10/25/19 02:45:18 PM,100.280,30.862,,-0.038,,,,
10058,10/25/19 02:45:38 PM,,,100.222,,,,,
10059,10/25/19 02:47:18 PM,100.272,30.963,,-0.040,,,,
10060,10/25/19 02:47:38 PM,,,100.237,,,,,
10061,10/25/19 02:49:18 PM,100.280,30.862,,-0.040,,,,
10062,10/25/19 02:49:38 PM,,,100.237,,,,,
10063,10/25/19 02:51:18 PM,100.299,30.760,,-0.037,,,,
10064,10/25/19 02:51:38 PM,,,100.226,,,,,
10065,10/25/19 02:53:18 PM,100.272,30.659,,-0.039,,,,
10066,10/25/19 02:53:38 PM,,,100.219,,,,,
10067,10/25/19 02:55:18 PM,100.272,30.659,,-0.039,,,,
10068,10/25/19 02:55:38 PM,,,100.230,,,,,
10069,10/25/19 02:57:18 PM,100.272,30.659,,-0.037,,,,
10070,10/25/19 02:57:38 PM,,,100.197,,,,,
10071,10/25/19 02:59:18 PM,100.272,30.659,,-0.035,,,,
10072,10/25/19 02:59:38 PM,,,100.186,,,,,
10073,10/25/19 03:01:18 PM,100.268,30.862,,-0.036,,,,
10074,10/25/19 03:01:38 PM,,,100.190,,,,,
10075,10/25/19 03:03:18 PM,100.260,30.963,,-0.038,,,,
10076,10/25/19 03:03:38 PM,,,100.201,,,,,
10077,10/25/19 03:05:18 PM,100.275,31.064,,-0.036,,,,
10078,10/25/19 03:05:38 PM,,,100.201,,,,,
10079,10/25/19 03:07:18 PM,100.267,31.166,,-0.037,,,,
10080,10/25/19 03:07:38 PM,,,100.201,,,,,
10081,10/25/19 03:09:18 PM,100.240,31.064,,-0.040,,,,
10082,10/25/19 03:09:38 PM,,,100.205,,,,,
10083,10/25/19 03:11:18 PM,100.279,31.166,,-0.036,,,,
10084,10/25/19 03:11:38 PM,,,100.205,,,,,
10085,10/25/19 03:13:18 PM,100.267,31.166,,-0.036,,,,
10086,10/25/19 03:13:38 PM,,,100.184,,,,,
10087,10/25/19 03:15:18 PM,100.259,31.268,,-0.038,,,,
10088,10/25/19 03:15:38 PM,,,100.205,,,,,
10089,10/25/19 03:17:18 PM,100.259,31.268,,-0.039,,,,
10090,10/25/19 03:17:38 PM,,,100.209,,,,,
10091,10/25/19 03:19:18 PM,100.279,31.472,,-0.035,,,,
10092,10/25/19 03:19:38 PM,,,100.187,,,,,
10093,10/25/19 03:21:18 PM,100.247,31.574,,-0.039,,,,
10094,10/25/19 03:21:38 PM,,,100.198,,,,,
10095,10/25/19 03:23:18 PM,100.263,31.676,,-0.038,,,,
10096,10/25/19 03:23:38 PM,,,100.209,,,,,
10097,10/25/19 03:25:18 PM,100.251,31.676,,-0.039,,,,
10098,10/25/19 03:25:38 PM,,,100.202,,,,,
10099,10/25/19 03:27:18 PM,100.251,31.676,,-0.038,,,,
10100,10/25/19 03:27:38 PM,,,100.191,,,,,
10101,10/25/19 03:29:18 PM,100.251,31.676,,-0.039,,,,
10102,10/25/19 03:29:38 PM,,,100.202,,,,,
10103,10/25/19 03:31:18 PM,100.259,31.574,,-0.038,,,,
10104,10/25/19 03:31:38 PM,,,100.202,,,,,
10105,10/25/19 03:33:18 PM,100.232,31.472,,-0.039,,,,
10106,10/25/19 03:33:38 PM,,,100.185,,,,,
10107,10/25/19 03:35:18 PM,100.251,31.370,,-0.038,,,,
10108,10/25/19 03:35:38 PM,,,100.195,,,,,
10109,10/25/19 03:37:18 PM,100.248,31.268,,-0.039,,,,
10110,10/25/19 03:37:38 PM,,,100.195,,,,,
10111,10/25/19 03:39:18 PM,100.248,31.268,,-0.038,,,,
10112,10/25/19 03:39:38 PM,,,100.185,,,,,
10113,10/25/19 03:41:18 PM,100.236,31.268,,-0.040,,,,
10114,10/25/19 03:41:38 PM,,,100.199,,,,,
10115,10/25/19 03:43:18 PM,100.236,31.268,,-0.040,,,,
10116,10/25/19 03:43:38 PM,,,100.199,,,,,
10117,10/25/19 03:45:18 PM,100.236,31.268,,-0.040,,,,
10118,10/25/19 03:45:38 PM,,,100.199,,,,,
10119,10/25/19 03:47:18 PM,100.267,31.166,,-0.036,,,,
10120,10/25/19 03:47:38 PM,,,100.189,,,,,
10121,10/25/19 03:49:18 PM,100.259,31.268,,-0.038,,,,
10122,10/25/19 03:49:38 PM,,,100.203,,,,,
10123,10/25/19 03:51:18 PM,100.275,31.370,,-0.037,,,,
10124,10/25/19 03:51:38 PM,,,100.203,,,,,
10125,10/25/19 03:53:18 PM,100.267,31.472,,-0.037,,,,
10126,10/25/19 03:53:38 PM,,,100.203,,,,,
10127,10/25/19 03:55:18 PM,100.259,31.574,,-0.036,,,,
10128,10/25/19 03:55:38 PM,,,100.182,,,,,
10129,10/25/19 03:57:18 PM,100.263,31.676,,-0.036,,,,
10130,10/25/19 03:57:38 PM,,,100.186,,,,,
10131,10/25/19 03:59:18 PM,100.263,31.676,,-0.036,,,,
10132,10/25/19 03:59:38 PM,,,100.186,,,,,
10133,10/25/19 04:01:18 PM,100.251,31.676,,-0.037,,,,
10134,10/25/19 04:01:38 PM,,,100.186,,,,,
10135,10/25/19 04:03:18 PM,100.263,31.676,,-0.036,,,,
10136,10/25/19 04:03:38 PM,,,100.186,,,,,
10137,10/25/19 04:05:18 PM,100.259,31.574,,-0.036,,,,
10138,10/25/19 04:05:38 PM,,,100.179,,,,,
10139,10/25/19 04:07:18 PM,100.263,31.370,,-0.034,,,,
10140,10/25/19 04:07:38 PM,,,100.168,,,,,
10141,10/25/19 04:09:18 PM,100.256,31.166,,-0.037,,,,
10142,10/25/19 04:09:38 PM,,,100.190,,,,,
10143,10/25/19 04:11:18 PM,100.264,31.064,,-0.035,,,,
10144,10/25/19 04:11:38 PM,,,100.179,,,,,
10145,10/25/19 04:13:18 PM,100.260,30.963,,-0.036,,,,
10146,10/25/19 04:13:38 PM,,,100.183,,,,,
10147,10/25/19 04:15:18 PM,100.256,30.862,,-0.036,,,,
10148,10/25/19 04:15:38 PM,,,100.183,,,,,
10149,10/25/19 04:17:18 PM,100.264,30.760,,-0.035,,,,
10150,10/25/19 04:17:38 PM,,,100.172,,,,,
10151,10/25/19 04:19:18 PM,100.249,30.659,,-0.037,,,,
10152,10/25/19 04:19:38 PM,,,100.183,,,,,
10153,10/25/19 04:21:18 PM,100.237,30.659,,-0.037,,,,
10154,10/25/19 04:21:38 PM,,,100.165,,,,,
10155,10/25/19 04:23:18 PM,100.245,30.558,,-0.037,,,,
10156,10/25/19 04:23:38 PM,,,100.176,,,,,
10157,10/25/19 04:25:18 PM,100.245,30.558,,-0.037,,,,
10158,10/25/19 04:25:38 PM,,,100.176,,,,,
10159,10/25/19 04:27:18 PM,100.241,30.457,,-0.036,,,,
10160,10/25/19 04:27:38 PM,,,100.165,,,,,
10161,10/25/19 04:29:18 PM,100.249,30.356,,-0.037,,,,
10162,10/25/19 04:29:38 PM,,,100.187,,,,,
10163,10/25/19 04:31:18 PM,100.249,30.356,,-0.037,,,,
10164,10/25/19 04:31:38 PM,,,100.180,,,,,
10165,10/25/19 04:33:18 PM,100.234,30.255,,-0.038,,,,
10166,10/25/19 04:33:38 PM,,,100.180,,,,,
10167,10/25/19 04:35:18 PM,100.234,30.255,,-0.037,,,,
10168,10/25/19 04:35:38 PM,,,100.169,,,,,
10169,10/25/19 04:37:18 PM,100.234,30.255,,-0.036,,,,
10170,10/25/19 04:37:38 PM,,,100.158,,,,,
10171,10/25/19 04:39:18 PM,100.234,30.255,,-0.037,,,,
10172,10/25/19 04:39:38 PM,,,100.169,,,,,
10173,10/25/19 04:41:18 PM,100.246,30.255,,-0.035,,,,
10174,10/25/19 04:41:38 PM,,,100.158,,,,,
10175,10/25/19 04:43:18 PM,100.246,30.255,,-0.035,,,,
10176,10/25/19 04:43:38 PM,,,100.162,,,,,
10177,10/25/19 04:45:18 PM,100.230,30.154,,-0.036,,,,
10178,10/25/19 04:45:38 PM,,,100.151,,,,,
10179,10/25/19 04:47:18 PM,100.230,30.154,,-0.036,,,,
10180,10/25/19 04:47:38 PM,,,100.151,,,,,
10181,10/25/19 04:49:18 PM,100.234,30.255,,-0.036,,,,
10182,10/25/19 04:49:38 PM,,,100.162,,,,,
10183,10/25/19 04:51:18 PM,100.230,30.457,,-0.036,,,,
10184,10/25/19 04:51:38 PM,,,100.151,,,,,
10185,10/25/19 04:53:18 PM,100.230,30.457,,-0.036,,,,
10186,10/25/19 04:53:38 PM,,,100.151,,,,,
10187,10/25/19 04:55:18 PM,100.218,30.457,,-0.038,,,,
10188,10/25/19 04:55:38 PM,,,100.162,,,,,
10189,10/25/19 04:57:18 PM,100.226,30.356,,-0.036,,,,
10190,10/25/19 04:57:38 PM,,,100.151,,,,,
10191,10/25/19 04:59:18 PM,100.222,30.255,,-0.036,,,,
10192,10/25/19 04:59:38 PM,,,100.140,,,,,
10193,10/25/19 05:01:18 PM,100.230,30.154,,-0.036,,,,
10194,10/25/19 05:01:38 PM,,,100.155,,,,,
10195,10/25/19 05:03:18 PM,100.215,30.054,,-0.038,,,,
10196,10/25/19 05:03:38 PM,,,100.155,,,,,
10197,10/25/19 05:05:18 PM,100.231,29.853,,-0.036,,,,
10198,10/25/19 05:05:38 PM,,,100.155,,,,,
10199,10/25/19 05:07:18 PM,100.215,29.752,,-0.039,,,,
10200,10/25/19 05:07:38 PM,,,100.166,,,,,
10201,10/25/19 05:09:18 PM,100.212,29.652,,-0.038,,,,
10202,10/25/19 05:09:38 PM,,,100.155,,,,,
10203,10/25/19 05:11:18 PM,100.232,29.552,,-0.036,,,,
10204,10/25/19 05:11:38 PM,,,100.155,,,,,
10205,10/25/19 05:13:18 PM,100.220,29.552,,-0.038,,,,
10206,10/25/19 05:13:38 PM,,,100.159,,,,,
10207,10/25/19 05:15:18 PM,100.228,29.452,,-0.037,,,,
10208,10/25/19 05:15:38 PM,,,100.159,,,,,
10209,10/25/19 05:17:18 PM,100.201,29.352,,-0.041,,,,
10210,10/25/19 05:17:38 PM,,,100.170,,,,,
10211,10/25/19 05:19:18 PM,100.236,29.352,,-0.038,,,,
10212,10/25/19 05:19:38 PM,,,100.181,,,,,
10213,10/25/19 05:21:18 PM,100.221,29.252,,-0.040,,,,
10214,10/25/19 05:21:38 PM,,,100.181,,,,,
10215,10/25/19 05:23:18 PM,100.229,29.152,,-0.038,,,,
10216,10/25/19 05:23:38 PM,,,100.170,,,,,
10217,10/25/19 05:25:18 PM,100.225,29.053,,-0.038,,,,
10218,10/25/19 05:25:38 PM,,,100.170,,,,,
10219,10/25/19 05:27:18 PM,100.237,29.053,,-0.038,,,,
10220,10/25/19 05:27:38 PM,,,100.181,,,,,
10221,10/25/19 05:29:18 PM,100.237,29.053,,-0.037,,,,
10222,10/25/19 05:29:38 PM,,,100.170,,,,,
10223,10/25/19 05:31:18 PM,100.233,28.953,,-0.037,,,,
10224,10/25/19 05:31:38 PM,,,100.159,,,,,
10225,10/25/19 05:33:18 PM,100.233,28.953,,-0.037,,,,
10226,10/25/19 05:33:38 PM,,,100.170,,,,,
10227,10/25/19 05:35:18 PM,100.226,28.754,,-0.038,,,,
10228,10/25/19 05:35:38 PM,,,100.170,,,,,
10229,10/25/19 05:37:18 PM,100.211,28.655,,-0.041,,,,
10230,10/25/19 05:37:38 PM,,,100.181,,,,,
10231,10/25/19 05:39:18 PM,100.215,28.456,,-0.040,,,,
10232,10/25/19 05:39:38 PM,,,100.170,,,,,
10233,10/25/19 05:41:18 PM,100.208,28.258,,-0.038,,,,
10234,10/25/19 05:41:38 PM,,,100.148,,,,,
10235,10/25/19 05:43:18 PM,100.216,28.159,,-0.038,,,,
10236,10/25/19 05:43:38 PM,,,100.159,,,,,
10237,10/25/19 05:45:18 PM,100.220,27.961,,-0.038,,,,
10238,10/25/19 05:45:38 PM,,,100.159,,,,,
10239,10/25/19 05:47:18 PM,100.205,27.862,,-0.038,,,,
10240,10/25/19 05:47:38 PM,,,100.148,,,,,
10241,10/25/19 05:49:18 PM,100.186,27.665,,-0.041,,,,
10242,10/25/19 05:49:38 PM,,,100.159,,,,,
10243,10/25/19 05:51:18 PM,100.179,27.468,,-0.042,,,,
10244,10/25/19 05:51:38 PM,,,100.159,,,,,
10245,10/25/19 05:53:18 PM,100.164,27.370,,-0.044,,,,
10246,10/25/19 05:53:38 PM,,,100.170,,,,,
10247,10/25/19 05:55:18 PM,100.184,27.272,,-0.042,,,,
10248,10/25/19 05:55:38 PM,,,100.159,,,,,
10249,10/25/19 05:57:18 PM,100.153,27.075,,-0.043,,,,
10250,10/25/19 05:57:38 PM,,,100.144,,,,,
10251,10/25/19 05:59:18 PM,100.158,26.879,,-0.043,,,,
10252,10/25/19 05:59:38 PM,,,100.144,,,,,
10253,10/25/19 06:01:18 PM,100.162,26.683,,-0.042,,,,
10254,10/25/19 06:01:38 PM,,,100.144,,,,,
10255,10/25/19 06:03:18 PM,100.167,26.488,,-0.042,,,,
10256,10/25/19 06:03:38 PM,,,100.144,,,,,
10257,10/25/19 06:05:18 PM,100.160,26.292,,-0.044,,,,
10258,10/25/19 06:05:38 PM,,,100.166,,,,,
10259,10/25/19 06:07:18 PM,100.161,26.000,,-0.042,,,,
10260,10/25/19 06:07:38 PM,,,100.140,,,,,
10261,10/25/19 06:09:18 PM,100.154,25.805,,-0.043,,,,
10262,10/25/19 06:09:38 PM,,,100.151,,,,,
10263,10/25/19 06:11:18 PM,100.159,25.610,,-0.043,,,,
10264,10/25/19 06:11:38 PM,,,100.151,,,,,
10265,10/25/19 06:13:18 PM,100.149,25.319,,-0.043,,,,
10266,10/25/19 06:13:38 PM,,,100.140,,,,,
10267,10/25/19 06:15:18 PM,100.146,24.931,,-0.044,,,,
10268,10/25/19 06:15:38 PM,,,100.151,,,,,
10269,10/25/19 06:17:18 PM,100.148,24.641,,-0.044,,,,
10270,10/25/19 06:17:38 PM,,,100.147,,,,,
10271,10/25/19 06:19:18 PM,100.126,24.351,,-0.045,,,,
10272,10/25/19 06:19:38 PM,,,100.136,,,,,
10273,10/25/19 06:21:18 PM,100.124,23.966,,-0.046,,,,
10274,10/25/19 06:21:38 PM,,,100.147,,,,,
10275,10/25/19 06:23:18 PM,100.125,23.677,,-0.047,,,,
10276,10/25/19 06:23:38 PM,,,100.158,,,,,
10277,10/25/19 06:25:18 PM,100.115,23.388,,-0.048,,,,
10278,10/25/19 06:25:38 PM,,,100.154,,,,,
10279,10/25/19 06:27:18 PM,100.101,23.004,,-0.048,,,,
10280,10/25/19 06:27:38 PM,,,100.143,,,,,
10281,10/25/19 06:29:18 PM,100.088,22.621,,-0.050,,,,
10282,10/25/19 06:29:38 PM,,,100.143,,,,,
10283,10/25/19 06:31:18 PM,100.101,22.333,,-0.049,,,,
10284,10/25/19 06:31:38 PM,,,100.150,,,,,
10285,10/25/19 06:33:18 PM,100.087,21.951,,-0.051,,,,
10286,10/25/19 06:33:38 PM,,,100.161,,,,,
10287,10/25/19 06:35:18 PM,100.089,21.664,,-0.050,,,,
10288,10/25/19 06:35:38 PM,,,100.150,,,,,
10289,10/25/19 06:37:18 PM,100.090,21.378,,-0.050,,,,
10290,10/25/19 06:37:38 PM,,,100.146,,,,,
10291,10/25/19 06:39:18 PM,100.080,21.091,,-0.051,,,,
10292,10/25/19 06:39:38 PM,,,100.146,,,,,
10293,10/25/19 06:41:18 PM,100.094,20.805,,-0.049,,,,
10294,10/25/19 06:41:38 PM,,,100.146,,,,,
10295,10/25/19 06:43:18 PM,100.087,20.615,,-0.050,,,,
10296,10/25/19 06:43:38 PM,,,100.142,,,,,
10297,10/25/19 06:45:18 PM,100.077,20.329,,-0.052,,,,
10298,10/25/19 06:45:38 PM,,,100.153,,,,,
10299,10/25/19 06:47:18 PM,100.090,20.043,,-0.050,,,,
10300,10/25/19 06:47:38 PM,,,100.153,,,,,
10301,10/25/19 06:49:18 PM,100.072,19.853,,-0.052,,,,
10302,10/25/19 06:49:38 PM,,,100.149,,,,,
10303,10/25/19 06:51:18 PM,100.089,19.662,,-0.050,,,,
10304,10/25/19 06:51:38 PM,,,100.149,,,,,
10305,10/25/19 06:53:18 PM,100.094,19.472,,-0.050,,,,
10306,10/25/19 06:53:38 PM,,,100.156,,,,,
10307,10/25/19 06:55:18 PM,100.076,19.282,,-0.052,,,,
10308,10/25/19 06:55:38 PM,,,100.156,,,,,
10309,10/25/19 06:57:18 PM,100.069,19.092,,-0.052,,,,
10310,10/25/19 06:57:38 PM,,,100.152,,,,,
10311,10/25/19 06:59:18 PM,100.071,18.806,,-0.052,,,,
10312,10/25/19 06:59:38 PM,,,100.152,,,,,
10313,10/25/19 07:01:18 PM,100.079,18.711,,-0.052,,,,
10314,10/25/19 07:01:38 PM,,,100.159,,,,,
10315,10/25/19 07:03:18 PM,100.073,18.521,,-0.053,,,,
10316,10/25/19 07:03:38 PM,,,100.159,,,,,
10317,10/25/19 07:05:18 PM,100.078,18.331,,-0.052,,,,
10318,10/25/19 07:05:38 PM,,,100.155,,,,,
10319,10/25/19 07:07:18 PM,100.071,18.140,,-0.053,,,,
10320,10/25/19 07:07:38 PM,,,100.162,,,,,
10321,10/25/19 07:09:18 PM,100.068,18.045,,-0.054,,,,
10322,10/25/19 07:09:38 PM,,,100.173,,,,,
10323,10/25/19 07:11:18 PM,100.084,17.855,,-0.052,,,,
10324,10/25/19 07:11:38 PM,,,100.158,,,,,
10325,10/25/19 07:13:18 PM,100.078,17.665,,-0.051,,,,
10326,10/25/19 07:13:38 PM,,,100.147,,,,,
10327,10/25/19 07:15:18 PM,100.075,17.570,,-0.052,,,,
10328,10/25/19 07:15:38 PM,,,100.154,,,,,
10329,10/25/19 07:17:18 PM,100.080,17.379,,-0.051,,,,
10330,10/25/19 07:17:38 PM,,,100.150,,,,,
10331,10/25/19 07:19:18 PM,100.088,17.284,,-0.052,,,,
10332,10/25/19 07:19:38 PM,,,100.172,,,,,
10333,10/25/19 07:21:18 PM,100.082,17.094,,-0.053,,,,
10334,10/25/19 07:21:38 PM,,,100.168,,,,,
10335,10/25/19 07:23:18 PM,100.078,16.999,,-0.052,,,,
10336,10/25/19 07:23:38 PM,,,100.153,,,,,
10337,10/25/19 07:25:18 PM,100.075,16.903,,-0.053,,,,
10338,10/25/19 07:25:38 PM,,,100.164,,,,,
10339,10/25/19 07:27:18 PM,100.083,16.808,,-0.052,,,,
10340,10/25/19 07:27:38 PM,,,100.160,,,,,
10341,10/25/19 07:29:18 PM,100.092,16.713,,-0.051,,,,
10342,10/25/19 07:29:38 PM,,,100.160,,,,,
10343,10/25/19 07:31:18 PM,100.074,16.523,,-0.052,,,,
10344,10/25/19 07:31:38 PM,,,100.156,,,,,
10345,10/25/19 07:33:18 PM,100.059,16.427,,-0.054,,,,
10346,10/25/19 07:33:38 PM,,,100.152,,,,,
10347,10/25/19 07:35:18 PM,100.067,16.332,,-0.053,,,,
10348,10/25/19 07:35:38 PM,,,100.152,,,,,
10349,10/25/19 07:37:18 PM,100.087,16.237,,-0.051,,,,
10350,10/25/19 07:37:38 PM,,,100.159,,,,,
10351,10/25/19 07:39:18 PM,100.084,16.141,,-0.052,,,,
10352,10/25/19 07:39:38 PM,,,100.159,,,,,
10353,10/25/19 07:41:18 PM,100.069,16.046,,-0.054,,,,
10354,10/25/19 07:41:38 PM,,,100.166,,,,,
10355,10/25/19 07:43:18 PM,100.089,15.951,,-0.051,,,,
10356,10/25/19 07:43:38 PM,,,100.155,,,,,
10357,10/25/19 07:45:18 PM,100.086,15.855,,-0.053,,,,
10358,10/25/19 07:45:38 PM,,,100.173,,,,,
10359,10/25/19 07:47:18 PM,100.082,15.760,,-0.053,,,,
10360,10/25/19 07:47:38 PM,,,100.173,,,,,
10361,10/25/19 07:49:18 PM,100.103,15.664,,-0.051,,,,
10362,10/25/19 07:49:38 PM,,,100.169,,,,,
10363,10/25/19 07:51:18 PM,100.076,15.569,,-0.053,,,,
10364,10/25/19 07:51:38 PM,,,100.165,,,,,
10365,10/25/19 07:53:18 PM,100.111,15.569,,-0.049,,,,
10366,10/25/19 07:53:38 PM,,,100.165,,,,,
10367,10/25/19 07:55:18 PM,100.073,15.473,,-0.053,,,,
10368,10/25/19 07:55:38 PM,,,100.165,,,,,
10369,10/25/19 07:57:18 PM,100.104,15.378,,-0.050,,,,
10370,10/25/19 07:57:38 PM,,,100.161,,,,,
10371,10/25/19 07:59:18 PM,100.089,15.282,,-0.052,,,,
10372,10/25/19 07:59:38 PM,,,100.172,,,,,
10373,10/25/19 08:01:18 PM,100.101,15.282,,-0.052,,,,
10374,10/25/19 08:01:38 PM,,,100.179,,,,,
10375,10/25/19 08:03:18 PM,100.098,15.187,,-0.052,,,,
10376,10/25/19 08:03:38 PM,,,100.179,,,,,
10377,10/25/19 08:05:18 PM,100.106,15.091,,-0.051,,,,
10378,10/25/19 08:05:38 PM,,,100.175,,,,,
10379,10/25/19 08:07:18 PM,100.091,14.996,,-0.053,,,,
10380,10/25/19 08:07:38 PM,,,100.175,,,,,
10381,10/25/19 08:09:18 PM,100.103,14.996,,-0.051,,,,
10382,10/25/19 08:09:38 PM,,,100.171,,,,,
10383,10/25/19 08:11:18 PM,100.111,14.900,,-0.052,,,,
10384,10/25/19 08:11:38 PM,,,100.193,,,,,
10385,10/25/19 08:13:18 PM,100.108,14.804,,-0.052,,,,
10386,10/25/19 08:13:38 PM,,,100.182,,,,,
10387,10/25/19 08:15:18 PM,100.132,14.804,,-0.049,,,,
10388,10/25/19 08:15:38 PM,,,100.178,,,,,
10389,10/25/19 08:17:18 PM,100.105,14.709,,-0.051,,,,
10390,10/25/19 08:17:38 PM,,,100.178,,,,,
10391,10/25/19 08:19:18 PM,100.128,14.709,,-0.049,,,,
10392,10/25/19 08:19:38 PM,,,100.174,,,,,
10393,10/25/19 08:21:18 PM,100.117,14.709,,-0.051,,,,
10394,10/25/19 08:21:38 PM,,,100.185,,,,,
10395,10/25/19 08:23:18 PM,100.102,14.613,,-0.051,,,,
10396,10/25/19 08:23:38 PM,,,100.163,,,,,
10397,10/25/19 08:25:18 PM,100.113,14.613,,-0.050,,,,
10398,10/25/19 08:25:38 PM,,,100.170,,,,,
10399,10/25/19 08:27:18 PM,100.125,14.613,,-0.049,,,,
10400,10/25/19 08:27:38 PM,,,100.181,,,,,
10401,10/25/19 08:29:18 PM,100.122,14.517,,-0.050,,,,
10402,10/25/19 08:29:38 PM,,,100.181,,,,,
10403,10/25/19 08:31:18 PM,100.133,14.517,,-0.049,,,,
10404,10/25/19 08:31:38 PM,,,100.177,,,,,
10405,10/25/19 08:33:18 PM,100.130,14.421,,-0.049,,,,
10406,10/25/19 08:33:38 PM,,,100.177,,,,,
10407,10/25/19 08:35:18 PM,100.104,14.325,,-0.051,,,,
10408,10/25/19 08:35:38 PM,,,100.177,,,,,
10409,10/25/19 08:37:18 PM,100.115,14.325,,-0.051,,,,
10410,10/25/19 08:37:38 PM,,,100.184,,,,,
10411,10/25/19 08:39:18 PM,100.124,14.230,,-0.050,,,,
10412,10/25/19 08:39:38 PM,,,100.184,,,,,
10413,10/25/19 08:41:18 PM,100.112,14.230,,-0.050,,,,
10414,10/25/19 08:41:38 PM,,,100.173,,,,,
10415,10/25/19 08:43:18 PM,100.120,14.134,,-0.048,,,,
10416,10/25/19 08:43:38 PM,,,100.158,,,,,
10417,10/25/19 08:45:18 PM,100.085,14.134,,-0.052,,,,
10418,10/25/19 08:45:38 PM,,,100.169,,,,,
10419,10/25/19 08:47:18 PM,100.120,14.134,,-0.049,,,,
10420,10/25/19 08:47:38 PM,,,100.169,,,,,
10421,10/25/19 08:49:18 PM,100.117,14.038,,-0.050,,,,
10422,10/25/19 08:49:38 PM,,,100.180,,,,,
10423,10/25/19 08:51:18 PM,100.129,14.038,,-0.049,,,,
10424,10/25/19 08:51:38 PM,,,100.176,,,,,
10425,10/25/19 08:53:18 PM,100.117,14.038,,-0.050,,,,
10426,10/25/19 08:53:38 PM,,,100.176,,,,,
10427,10/25/19 08:55:18 PM,100.114,13.942,,-0.051,,,,
10428,10/25/19 08:55:38 PM,,,100.187,,,,,
10429,10/25/19 08:57:18 PM,100.137,13.942,,-0.049,,,,
10430,10/25/19 08:57:38 PM,,,100.187,,,,,
10431,10/25/19 08:59:18 PM,100.102,13.942,,-0.052,,,,
10432,10/25/19 08:59:38 PM,,,100.183,,,,,
10433,10/25/19 09:01:18 PM,100.126,13.942,,-0.051,,,,
10434,10/25/19 09:01:38 PM,,,100.194,,,,,
10435,10/25/19 09:03:18 PM,100.122,13.846,,-0.051,,,,
10436,10/25/19 09:03:38 PM,,,100.194,,,,,
10437,10/25/19 09:05:18 PM,100.122,13.846,,-0.051,,,,
10438,10/25/19 09:05:38 PM,,,100.194,,,,,
10439,10/25/19 09:07:18 PM,100.111,13.846,,-0.053,,,,
10440,10/25/19 09:07:38 PM,,,100.201,,,,,
10441,10/25/19 09:09:18 PM,100.146,13.846,,-0.049,,,,
10442,10/25/19 09:09:38 PM,,,100.190,,,,,
10443,10/25/19 09:11:18 PM,100.122,13.846,,-0.052,,,,
10444,10/25/19 09:11:38 PM,,,100.201,,,,,
10445,10/25/19 09:13:18 PM,100.134,13.846,,-0.051,,,,
10446,10/25/19 09:13:38 PM,,,100.201,,,,,
10447,10/25/19 09:15:18 PM,100.142,13.750,,-0.050,,,,
10448,10/25/19 09:15:38 PM,,,100.201,,,,,
10449,10/25/19 09:17:18 PM,100.142,13.750,,-0.051,,,,
10450,10/25/19 09:17:38 PM,,,100.208,,,,,
10451,10/25/19 09:19:18 PM,100.142,13.750,,-0.051,,,,
10452,10/25/19 09:19:38 PM,,,100.208,,,,,
10453,10/25/19 09:21:18 PM,100.154,13.750,,-0.049,,,,
10454,10/25/19 09:21:38 PM,,,100.208,,,,,
10455,10/25/19 09:23:18 PM,100.142,13.750,,-0.051,,,,
10456,10/25/19 09:23:38 PM,,,100.208,,,,,
10457,10/25/19 09:25:18 PM,100.139,13.654,,-0.051,,,,
10458,10/25/19 09:25:38 PM,,,100.208,,,,,
10459,10/25/19 09:27:18 PM,100.139,13.654,,-0.052,,,,
10460,10/25/19 09:27:38 PM,,,100.215,,,,,
10461,10/25/19 09:29:18 PM,100.151,13.654,,-0.050,,,,
10462,10/25/19 09:29:38 PM,,,100.204,,,,,
10463,10/25/19 09:31:18 PM,100.151,13.654,,-0.049,,,,
10464,10/25/19 09:31:38 PM,,,100.204,,,,,
10465,10/25/19 09:33:18 PM,100.151,13.654,,-0.049,,,,
10466,10/25/19 09:33:38 PM,,,100.204,,,,,
10467,10/25/19 09:35:18 PM,100.162,13.654,,-0.048,,,,
10468,10/25/19 09:35:38 PM,,,100.204,,,,,
10469,10/25/19 09:37:18 PM,100.162,13.654,,-0.048,,,,
10470,10/25/19 09:37:38 PM,,,100.200,,,,,
10471,10/25/19 09:39:18 PM,100.162,13.654,,-0.048,,,,
10472,10/25/19 09:39:38 PM,,,100.200,,,,,
10473,10/25/19 09:41:18 PM,100.159,13.558,,-0.049,,,,
10474,10/25/19 09:41:38 PM,,,100.211,,,,,
10475,10/25/19 09:43:18 PM,100.159,13.558,,-0.049,,,,
10476,10/25/19 09:43:38 PM,,,100.211,,,,,
10477,10/25/19 09:45:18 PM,100.159,13.558,,-0.048,,,,
10478,10/25/19 09:45:38 PM,,,100.200,,,,,
10479,10/25/19 09:47:18 PM,100.159,13.558,,-0.049,,,,
10480,10/25/19 09:47:38 PM,,,100.211,,,,,
10481,10/25/19 09:49:18 PM,100.168,13.461,,-0.048,,,,
10482,10/25/19 09:49:38 PM,,,100.207,,,,,
10483,10/25/19 09:51:18 PM,100.179,13.461,,-0.048,,,,
10484,10/25/19 09:51:38 PM,,,100.218,,,,,
10485,10/25/19 09:53:18 PM,100.156,13.461,,-0.049,,,,
10486,10/25/19 09:53:38 PM,,,100.207,,,,,
10487,10/25/19 09:55:18 PM,100.153,13.365,,-0.049,,,,
10488,10/25/19 09:55:38 PM,,,100.207,,,,,
10489,10/25/19 09:57:18 PM,100.153,13.365,,-0.049,,,,
10490,10/25/19 09:57:38 PM,,,100.207,,,,,
10491,10/25/19 09:59:18 PM,100.164,13.365,,-0.049,,,,
10492,10/25/19 09:59:38 PM,,,100.218,,,,,
10493,10/25/19 10:01:18 PM,100.161,13.269,,-0.049,,,,
10494,10/25/19 10:01:38 PM,,,100.214,,,,,
10495,10/25/19 10:03:18 PM,100.161,13.269,,-0.051,,,,
10496,10/25/19 10:03:38 PM,,,100.236,,,,,
10497,10/25/19 10:05:18 PM,100.173,13.269,,-0.049,,,,
10498,10/25/19 10:05:38 PM,,,100.225,,,,,
10499,10/25/19 10:07:18 PM,100.158,13.173,,-0.051,,,,
10500,10/25/19 10:07:38 PM,,,100.225,,,,,
10501,10/25/19 10:09:18 PM,100.169,13.173,,-0.050,,,,
10502,10/25/19 10:09:38 PM,,,100.225,,,,,
10503,10/25/19 10:11:18 PM,100.146,13.173,,-0.052,,,,
10504,10/25/19 10:11:38 PM,,,100.225,,,,,
10505,10/25/19 10:13:18 PM,100.158,13.173,,-0.052,,,,
10506,10/25/19 10:13:38 PM,,,100.236,,,,,
10507,10/25/19 10:15:18 PM,100.169,13.173,,-0.050,,,,
10508,10/25/19 10:15:38 PM,,,100.221,,,,,
10509,10/25/19 10:17:18 PM,100.169,13.173,,-0.050,,,,
10510,10/25/19 10:17:38 PM,,,100.232,,,,,
10511,10/25/19 10:19:18 PM,100.158,13.173,,-0.050,,,,
10512,10/25/19 10:19:38 PM,,,100.210,,,,,
10513,10/25/19 10:21:18 PM,100.158,13.173,,-0.051,,,,
10514,10/25/19 10:21:38 PM,,,100.232,,,,,
10515,10/25/19 10:23:18 PM,100.169,13.173,,-0.049,,,,
10516,10/25/19 10:23:38 PM,,,100.221,,,,,
10517,10/25/19 10:25:18 PM,100.155,13.076,,-0.051,,,,
10518,10/25/19 10:25:38 PM,,,100.221,,,,,
10519,10/25/19 10:27:18 PM,100.155,13.076,,-0.051,,,,
10520,10/25/19 10:27:38 PM,,,100.221,,,,,
10521,10/25/19 10:29:18 PM,100.143,13.076,,-0.051,,,,
10522,10/25/19 10:29:38 PM,,,100.210,,,,,
10523,10/25/19 10:31:18 PM,100.151,12.980,,-0.049,,,,
10524,10/25/19 10:31:38 PM,,,100.195,,,,,
10525,10/25/19 10:33:18 PM,100.151,12.980,,-0.049,,,,
10526,10/25/19 10:33:38 PM,,,100.206,,,,,
10527,10/25/19 10:35:18 PM,100.163,12.980,,-0.047,,,,
10528,10/25/19 10:35:38 PM,,,100.195,,,,,
10529,10/25/19 10:37:18 PM,100.163,12.980,,-0.048,,,,
10530,10/25/19 10:37:38 PM,,,100.206,,,,,
10531,10/25/19 10:39:18 PM,100.148,12.883,,-0.050,,,,
10532,10/25/19 10:39:38 PM,,,100.206,,,,,
10533,10/25/19 10:41:18 PM,100.148,12.883,,-0.049,,,,
10534,10/25/19 10:41:38 PM,,,100.195,,,,,
10535,10/25/19 10:43:18 PM,100.125,12.883,,-0.051,,,,
10536,10/25/19 10:43:38 PM,,,100.195,,,,,
10537,10/25/19 10:45:18 PM,100.148,12.883,,-0.050,,,,
10538,10/25/19 10:45:38 PM,,,100.206,,,,,
10539,10/25/19 10:47:18 PM,100.148,12.883,,-0.048,,,,
10540,10/25/19 10:47:38 PM,,,100.185,,,,,
10541,10/25/19 10:49:18 PM,100.125,12.883,,-0.052,,,,
10542,10/25/19 10:49:38 PM,,,100.206,,,,,
10543,10/25/19 10:51:18 PM,100.136,12.883,,-0.050,,,,
10544,10/25/19 10:51:38 PM,,,100.195,,,,,
10545,10/25/19 10:53:18 PM,100.113,12.883,,-0.051,,,,
10546,10/25/19 10:53:38 PM,,,100.181,,,,,
10547,10/25/19 10:55:18 PM,100.136,12.883,,-0.049,,,,
10548,10/25/19 10:55:38 PM,,,100.181,,,,,
10549,10/25/19 10:57:18 PM,100.133,12.787,,-0.049,,,,
10550,10/25/19 10:57:38 PM,,,100.181,,,,,
10551,10/25/19 10:59:18 PM,100.145,12.787,,-0.048,,,,
10552,10/25/19 10:59:38 PM,,,100.181,,,,,
10553,10/25/19 11:01:18 PM,100.133,12.787,,-0.048,,,,
10554,10/25/19 11:01:38 PM,,,100.170,,,,,
10555,10/25/19 11:03:18 PM,100.133,12.787,,-0.049,,,,
10556,10/25/19 11:03:38 PM,,,100.181,,,,,
10557,10/25/19 11:05:18 PM,100.130,12.690,,-0.048,,,,
10558,10/25/19 11:05:38 PM,,,100.170,,,,,
10559,10/25/19 11:07:18 PM,100.107,12.690,,-0.051,,,,
10560,10/25/19 11:07:38 PM,,,100.181,,,,,
10561,10/25/19 11:09:18 PM,100.118,12.690,,-0.049,,,,
10562,10/25/19 11:09:38 PM,,,100.170,,,,,
10563,10/25/19 11:11:18 PM,100.118,12.690,,-0.050,,,,
10564,10/25/19 11:11:38 PM,,,100.177,,,,,
10565,10/25/19 11:13:18 PM,100.130,12.690,,-0.048,,,,
10566,10/25/19 11:13:38 PM,,,100.166,,,,,
10567,10/25/19 11:15:18 PM,100.107,12.690,,-0.051,,,,
10568,10/25/19 11:15:38 PM,,,100.177,,,,,
10569,10/25/19 11:17:18 PM,100.118,12.690,,-0.049,,,,
10570,10/25/19 11:17:38 PM,,,100.166,,,,,
10571,10/25/19 11:19:18 PM,100.107,12.690,,-0.049,,,,
10572,10/25/19 11:19:38 PM,,,100.155,,,,,
10573,10/25/19 11:21:18 PM,100.095,12.690,,-0.050,,,,
10574,10/25/19 11:21:38 PM,,,100.155,,,,,
10575,10/25/19 11:23:18 PM,100.095,12.690,,-0.050,,,,
10576,10/25/19 11:23:38 PM,,,100.155,,,,,
10577,10/25/19 11:25:18 PM,100.083,12.690,,-0.051,,,,
10578,10/25/19 11:25:38 PM,,,100.155,,,,,
10579,10/25/19 11:27:18 PM,100.083,12.690,,-0.051,,,,
10580,10/25/19 11:27:38 PM,,,100.155,,,,,
10581,10/25/19 11:29:18 PM,100.092,12.594,,-0.050,,,,
10582,10/25/19 11:29:38 PM,,,100.151,,,,,
10583,10/25/19 11:31:18 PM,100.092,12.594,,-0.050,,,,
10584,10/25/19 11:31:38 PM,,,100.151,,,,,
10585,10/25/19 11:33:18 PM,100.080,12.594,,-0.049,,,,
10586,10/25/19 11:33:38 PM,,,100.129,,,,,
10587,10/25/19 11:35:18 PM,100.080,12.594,,-0.050,,,,
10588,10/25/19 11:35:38 PM,,,100.140,,,,,
10589,10/25/19 11:37:18 PM,100.080,12.594,,-0.050,,,,
10590,10/25/19 11:37:38 PM,,,100.140,,,,,
10591,10/25/19 11:39:18 PM,100.077,12.497,,-0.051,,,,
10592,10/25/19 11:39:38 PM,,,100.151,,,,,
10593,10/25/19 11:41:18 PM,100.088,12.497,,-0.049,,,,
10594,10/25/19 11:41:38 PM,,,100.140,,,,,
10595,10/25/19 11:43:18 PM,100.077,12.497,,-0.051,,,,
10596,10/25/19 11:43:38 PM,,,100.151,,,,,
10597,10/25/19 11:45:18 PM,100.065,12.497,,-0.053,,,,
10598,10/25/19 11:45:38 PM,,,100.151,,,,,
10599,10/25/19 11:47:18 PM,100.077,12.497,,-0.051,,,,
10600,10/25/19 11:47:38 PM,,,100.140,,,,,
10601,10/25/19 11:49:18 PM,100.100,12.497,,-0.049,,,,
10602,10/25/19 11:49:38 PM,,,100.147,,,,,
10603,10/25/19 11:51:18 PM,100.077,12.497,,-0.050,,,,
10604,10/25/19 11:51:38 PM,,,100.136,,,,,
10605,10/25/19 11:53:18 PM,100.073,12.401,,-0.051,,,,
10606,10/25/19 11:53:38 PM,,,100.147,,,,,
10607,10/25/19 11:55:18 PM,100.073,12.401,,-0.051,,,,
10608,10/25/19 11:55:38 PM,,,100.136,,,,,
10609,10/25/19 11:57:18 PM,100.073,12.401,,-0.049,,,,
10610,10/25/19 11:57:38 PM,,,100.125,,,,,
10611,10/25/19 11:59:18 PM,100.062,12.401,,-0.050,,,,
10612,10/25/19 11:59:38 PM,,,100.115,,,,,
10613,10/26/19 12:01:18 AM,100.073,12.401,,-0.048,,,,
10614,10/26/19 12:01:38 AM,,,100.115,,,,,
10615,10/26/19 12:03:18 AM,100.070,12.304,,-0.048,,,,
10616,10/26/19 12:03:38 AM,,,100.104,,,,,
10617,10/26/19 12:05:18 AM,100.059,12.304,,-0.049,,,,
10618,10/26/19 12:05:38 AM,,,100.104,,,,,
10619,10/26/19 12:07:18 AM,100.070,12.304,,-0.047,,,,
10620,10/26/19 12:07:38 AM,,,100.100,,,,,
10621,10/26/19 12:09:18 AM,100.047,12.304,,-0.049,,,,
10622,10/26/19 12:09:38 AM,,,100.100,,,,,
10623,10/26/19 12:11:18 AM,100.047,12.304,,-0.048,,,,
10624,10/26/19 12:11:38 AM,,,100.089,,,,,
10625,10/26/19 12:13:18 AM,100.059,12.304,,-0.048,,,,
10626,10/26/19 12:13:38 AM,,,100.100,,,,,
10627,10/26/19 12:15:18 AM,100.047,12.304,,-0.049,,,,
10628,10/26/19 12:15:38 AM,,,100.100,,,,,
10629,10/26/19 12:17:18 AM,100.047,12.304,,-0.047,,,,
10630,10/26/19 12:17:38 AM,,,100.078,,,,,
10631,10/26/19 12:19:18 AM,100.035,12.304,,-0.049,,,,
10632,10/26/19 12:19:38 AM,,,100.089,,,,,
10633,10/26/19 12:21:18 AM,100.044,12.207,,-0.049,,,,
10634,10/26/19 12:21:38 AM,,,100.089,,,,,
10635,10/26/19 12:23:18 AM,100.044,12.207,,-0.049,,,,
10636,10/26/19 12:23:38 AM,,,100.089,,,,,
10637,10/26/19 12:25:18 AM,100.044,12.207,,-0.049,,,,
10638,10/26/19 12:25:38 AM,,,100.089,,,,,
10639,10/26/19 12:27:18 AM,100.032,12.207,,-0.049,,,,
10640,10/26/19 12:27:38 AM,,,100.085,,,,,
10641,10/26/19 12:29:18 AM,100.047,12.304,,-0.048,,,,
10642,10/26/19 12:29:38 AM,,,100.085,,,,,
10643,10/26/19 12:31:18 AM,100.059,12.304,,-0.048,,,,
10644,10/26/19 12:31:38 AM,,,100.096,,,,,
10645,10/26/19 12:33:18 AM,100.055,12.207,,-0.048,,,,
10646,10/26/19 12:33:38 AM,,,100.096,,,,,
10647,10/26/19 12:35:18 AM,100.055,12.207,,-0.048,,,,
10648,10/26/19 12:35:38 AM,,,100.096,,,,,
10649,10/26/19 12:37:18 AM,100.055,12.207,,-0.049,,,,
10650,10/26/19 12:37:38 AM,,,100.107,,,,,
10651,10/26/19 12:39:18 AM,100.044,12.207,,-0.049,,,,
10652,10/26/19 12:39:38 AM,,,100.096,,,,,
10653,10/26/19 12:41:18 AM,100.032,12.207,,-0.052,,,,
10654,10/26/19 12:41:38 AM,,,100.118,,,,,
10655,10/26/19 12:43:18 AM,100.040,12.110,,-0.050,,,,
10656,10/26/19 12:43:38 AM,,,100.096,,,,,
10657,10/26/19 12:45:18 AM,100.052,12.110,,-0.049,,,,
10658,10/26/19 12:45:38 AM,,,100.107,,,,,
10659,10/26/19 12:47:18 AM,100.040,12.110,,-0.050,,,,
10660,10/26/19 12:47:38 AM,,,100.103,,,,,
10661,10/26/19 12:49:18 AM,100.060,12.013,,-0.048,,,,
10662,10/26/19 12:49:38 AM,,,100.103,,,,,
10663,10/26/19 12:51:18 AM,100.060,12.013,,-0.048,,,,
10664,10/26/19 12:51:38 AM,,,100.103,,,,,
10665,10/26/19 12:53:18 AM,100.049,12.013,,-0.049,,,,
10666,10/26/19 12:53:38 AM,,,100.103,,,,,
10667,10/26/19 12:55:18 AM,100.060,12.013,,-0.048,,,,
10668,10/26/19 12:55:38 AM,,,100.103,,,,,
10669,10/26/19 12:57:18 AM,100.037,12.013,,-0.050,,,,
10670,10/26/19 12:57:38 AM,,,100.092,,,,,
10671,10/26/19 12:59:18 AM,100.072,12.013,,-0.047,,,,
10672,10/26/19 12:59:38 AM,,,100.103,,,,,
10673,10/26/19 01:01:18 AM,100.072,12.013,,-0.047,,,,
10674,10/26/19 01:01:38 AM,,,100.103,,,,,
10675,10/26/19 01:03:18 AM,100.049,12.013,,-0.049,,,,
10676,10/26/19 01:03:38 AM,,,100.103,,,,,
10677,10/26/19 01:05:18 AM,100.037,12.013,,-0.050,,,,
10678,10/26/19 01:05:38 AM,,,100.092,,,,,
10679,10/26/19 01:07:18 AM,100.049,12.013,,-0.047,,,,
10680,10/26/19 01:07:38 AM,,,100.081,,,,,
10681,10/26/19 01:09:18 AM,100.046,11.916,,-0.049,,,,
10682,10/26/19 01:09:38 AM,,,100.099,,,,,
10683,10/26/19 01:11:18 AM,100.046,11.916,,-0.049,,,,
10684,10/26/19 01:11:38 AM,,,100.099,,,,,
10685,10/26/19 01:13:18 AM,100.034,11.916,,-0.049,,,,
10686,10/26/19 01:13:38 AM,,,100.077,,,,,
10687,10/26/19 01:15:18 AM,100.034,11.916,,-0.049,,,,
10688,10/26/19 01:15:38 AM,,,100.088,,,,,
10689,10/26/19 01:17:18 AM,100.022,11.916,,-0.051,,,,
10690,10/26/19 01:17:38 AM,,,100.088,,,,,
10691,10/26/19 01:19:18 AM,100.022,11.916,,-0.051,,,,
10692,10/26/19 01:19:38 AM,,,100.088,,,,,
10693,10/26/19 01:21:18 AM,100.022,11.916,,-0.050,,,,
10694,10/26/19 01:21:38 AM,,,100.077,,,,,
10695,10/26/19 01:23:18 AM,100.022,11.916,,-0.050,,,,
10696,10/26/19 01:23:38 AM,,,100.077,,,,,
10697,10/26/19 01:25:18 AM,100.011,11.916,,-0.051,,,,
10698,10/26/19 01:25:38 AM,,,100.077,,,,,
10699,10/26/19 01:27:18 AM,100.022,11.916,,-0.049,,,,
10700,10/26/19 01:27:38 AM,,,100.066,,,,,
10701,10/26/19 01:29:18 AM,100.019,11.819,,-0.049,,,,
10702,10/26/19 01:29:38 AM,,,100.066,,,,,
10703,10/26/19 01:31:18 AM,100.031,11.819,,-0.048,,,,
10704,10/26/19 01:31:38 AM,,,100.066,,,,,
10705,10/26/19 01:33:18 AM,100.007,11.819,,-0.049,,,,
10706,10/26/19 01:33:38 AM,,,100.055,,,,,
10707,10/26/19 01:35:18 AM,99.992,11.722,,-0.050,,,,
10708,10/26/19 01:35:38 AM,,,100.055,,,,,
10709,10/26/19 01:37:18 AM,100.004,11.722,,-0.048,,,,
10710,10/26/19 01:37:38 AM,,,100.045,,,,,
10711,10/26/19 01:39:18 AM,100.004,11.722,,-0.049,,,,
10712,10/26/19 01:39:38 AM,,,100.055,,,,,
10713,10/26/19 01:41:18 AM,100.004,11.722,,-0.048,,,,
10714,10/26/19 01:41:38 AM,,,100.041,,,,,
10715,10/26/19 01:43:18 AM,100.004,11.722,,-0.048,,,,
10716,10/26/19 01:43:38 AM,,,100.041,,,,,
10717,10/26/19 01:45:18 AM,99.992,11.722,,-0.050,,,,
10718,10/26/19 01:45:38 AM,,,100.052,,,,,
10719,10/26/19 01:47:18 AM,99.981,11.722,,-0.052,,,,
10720,10/26/19 01:47:38 AM,,,100.062,,,,,
10721,10/26/19 01:49:18 AM,100.004,11.722,,-0.050,,,,
10722,10/26/19 01:49:38 AM,,,100.062,,,,,
10723,10/26/19 01:51:18 AM,99.992,11.722,,-0.051,,,,
10724,10/26/19 01:51:38 AM,,,100.062,,,,,
10725,10/26/19 01:53:18 AM,99.992,11.722,,-0.050,,,,
10726,10/26/19 01:53:38 AM,,,100.052,,,,,
10727,10/26/19 01:55:18 AM,100.004,11.722,,-0.048,,,,
10728,10/26/19 01:55:38 AM,,,100.041,,,,,
10729,10/26/19 01:57:18 AM,99.969,11.722,,-0.051,,,,
10730,10/26/19 01:57:38 AM,,,100.041,,,,,
10731,10/26/19 01:59:18 AM,99.969,11.722,,-0.051,,,,
10732,10/26/19 01:59:38 AM,,,100.041,,,,,
10733,10/26/19 02:01:18 AM,99.981,11.722,,-0.048,,,,
10734,10/26/19 02:01:38 AM,,,100.019,,,,,
10735,10/26/19 02:03:18 AM,99.969,11.722,,-0.050,,,,
10736,10/26/19 02:03:38 AM,,,100.030,,,,,
10737,10/26/19 02:05:18 AM,99.966,11.625,,-0.050,,,,
10738,10/26/19 02:05:38 AM,,,100.019,,,,,
10739,10/26/19 02:07:18 AM,99.966,11.625,,-0.050,,,,
10740,10/26/19 02:07:38 AM,,,100.030,,,,,
10741,10/26/19 02:09:18 AM,99.989,11.625,,-0.048,,,,
10742,10/26/19 02:09:38 AM,,,100.026,,,,,
10743,10/26/19 02:11:18 AM,99.954,11.625,,-0.050,,,,
10744,10/26/19 02:11:38 AM,,,100.015,,,,,
10745,10/26/19 02:13:18 AM,99.966,11.625,,-0.050,,,,
10746,10/26/19 02:13:38 AM,,,100.026,,,,,
10747,10/26/19 02:15:18 AM,99.954,11.625,,-0.051,,,,
10748,10/26/19 02:15:38 AM,,,100.026,,,,,
10749,10/26/19 02:17:18 AM,99.954,11.625,,-0.050,,,,
10750,10/26/19 02:17:38 AM,,,100.015,,,,,
10751,10/26/19 02:19:18 AM,99.966,11.625,,-0.048,,,,
10752,10/26/19 02:19:38 AM,,,100.004,,,,,
10753,10/26/19 02:21:18 AM,99.966,11.625,,-0.048,,,,
10754,10/26/19 02:21:38 AM,,,100.004,,,,,
10755,10/26/19 02:23:18 AM,99.954,11.625,,-0.049,,,,
10756,10/26/19 02:23:38 AM,,,100.004,,,,,
10757,10/26/19 02:25:18 AM,99.963,11.528,,-0.047,,,,
10758,10/26/19 02:25:38 AM,,,99.993,,,,,
10759,10/26/19 02:27:18 AM,99.951,11.528,,-0.048,,,,
10760,10/26/19 02:27:38 AM,,,99.993,,,,,
10761,10/26/19 02:29:18 AM,99.939,11.528,,-0.050,,,,
10762,10/26/19 02:29:38 AM,,,100.004,,,,,
10763,10/26/19 02:31:18 AM,99.951,11.528,,-0.048,,,,
10764,10/26/19 02:31:38 AM,,,99.993,,,,,
10765,10/26/19 02:33:18 AM,99.959,11.431,,-0.048,,,,
10766,10/26/19 02:33:38 AM,,,100.000,,,,,
10767,10/26/19 02:35:18 AM,99.971,11.431,,-0.046,,,,
10768,10/26/19 02:35:38 AM,,,99.989,,,,,
10769,10/26/19 02:37:18 AM,99.971,11.431,,-0.047,,,,
10770,10/26/19 02:37:38 AM,,,100.000,,,,,
10771,10/26/19 02:39:18 AM,99.971,11.431,,-0.047,,,,
10772,10/26/19 02:39:38 AM,,,100.000,,,,,
10773,10/26/19 02:41:18 AM,99.959,11.431,,-0.048,,,,
10774,10/26/19 02:41:38 AM,,,100.000,,,,,
10775,10/26/19 02:43:18 AM,99.971,11.431,,-0.048,,,,
10776,10/26/19 02:43:38 AM,,,100.011,,,,,
10777,10/26/19 02:45:18 AM,99.983,11.431,,-0.046,,,,
10778,10/26/19 02:45:38 AM,,,100.000,,,,,
10779,10/26/19 02:47:18 AM,99.971,11.431,,-0.048,,,,
10780,10/26/19 02:47:38 AM,,,100.011,,,,,
10781,10/26/19 02:49:18 AM,99.968,11.334,,-0.048,,,,
10782,10/26/19 02:49:38 AM,,,100.011,,,,,
10783,10/26/19 02:51:18 AM,99.956,11.334,,-0.049,,,,
10784,10/26/19 02:51:38 AM,,,100.000,,,,,
10785,10/26/19 02:53:18 AM,99.968,11.334,,-0.047,,,,
10786,10/26/19 02:53:38 AM,,,100.000,,,,,
10787,10/26/19 02:55:18 AM,99.956,11.334,,-0.049,,,,
10788,10/26/19 02:55:38 AM,,,100.011,,,,,
10789,10/26/19 02:57:18 AM,99.968,11.334,,-0.046,,,,
10790,10/26/19 02:57:38 AM,,,99.989,,,,,
10791,10/26/19 02:59:18 AM,99.944,11.334,,-0.049,,,,
10792,10/26/19 02:59:38 AM,,,99.996,,,,,
10793,10/26/19 03:01:18 AM,99.944,11.334,,-0.047,,,,
10794,10/26/19 03:01:38 AM,,,99.975,,,,,
10795,10/26/19 03:03:18 AM,99.944,11.334,,-0.048,,,,
10796,10/26/19 03:03:38 AM,,,99.985,,,,,
10797,10/26/19 03:05:18 AM,99.941,11.236,,-0.049,,,,
10798,10/26/19 03:05:38 AM,,,99.996,,,,,
10799,10/26/19 03:07:18 AM,99.976,11.236,,-0.046,,,,
10800,10/26/19 03:07:38 AM,,,99.996,,,,,
10801,10/26/19 03:09:18 AM,99.964,11.236,,-0.046,,,,
10802,10/26/19 03:09:38 AM,,,99.985,,,,,
10803,10/26/19 03:11:18 AM,99.953,11.236,,-0.048,,,,
10804,10/26/19 03:11:38 AM,,,99.996,,,,,
10805,10/26/19 03:13:18 AM,99.964,11.236,,-0.047,,,,
10806,10/26/19 03:13:38 AM,,,99.996,,,,,
10807,10/26/19 03:15:18 AM,99.941,11.236,,-0.050,,,,
10808,10/26/19 03:15:38 AM,,,100.007,,,,,
10809,10/26/19 03:17:18 AM,99.964,11.236,,-0.047,,,,
10810,10/26/19 03:17:38 AM,,,99.996,,,,,
10811,10/26/19 03:19:18 AM,99.964,11.236,,-0.049,,,,
10812,10/26/19 03:19:38 AM,,,100.018,,,,,
10813,10/26/19 03:21:18 AM,99.964,11.236,,-0.049,,,,
10814,10/26/19 03:21:38 AM,,,100.007,,,,,
10815,10/26/19 03:23:18 AM,99.964,11.236,,-0.050,,,,
10816,10/26/19 03:23:38 AM,,,100.029,,,,,
10817,10/26/19 03:25:18 AM,99.999,11.236,,-0.047,,,,
10818,10/26/19 03:25:38 AM,,,100.029,,,,,
10819,10/26/19 03:27:18 AM,99.985,11.139,,-0.048,,,,
10820,10/26/19 03:27:38 AM,,,100.029,,,,,
10821,10/26/19 03:29:18 AM,99.985,11.139,,-0.049,,,,
10822,10/26/19 03:29:38 AM,,,100.036,,,,,
10823,10/26/19 03:31:18 AM,99.985,11.139,,-0.049,,,,
10824,10/26/19 03:31:38 AM,,,100.036,,,,,
10825,10/26/19 03:33:18 AM,99.973,11.139,,-0.049,,,,
10826,10/26/19 03:33:38 AM,,,100.025,,,,,
10827,10/26/19 03:35:18 AM,99.973,11.139,,-0.050,,,,
10828,10/26/19 03:35:38 AM,,,100.036,,,,,
10829,10/26/19 03:37:18 AM,99.985,11.139,,-0.049,,,,
10830,10/26/19 03:37:38 AM,,,100.036,,,,,
10831,10/26/19 03:39:18 AM,100.008,11.139,,-0.047,,,,
10832,10/26/19 03:39:38 AM,,,100.036,,,,,
10833,10/26/19 03:41:18 AM,100.031,11.139,,-0.045,,,,
10834,10/26/19 03:41:38 AM,,,100.047,,,,,
10835,10/26/19 03:43:18 AM,100.008,11.139,,-0.047,,,,
10836,10/26/19 03:43:38 AM,,,100.036,,,,,
10837,10/26/19 03:45:18 AM,99.996,11.139,,-0.046,,,,
10838,10/26/19 03:45:38 AM,,,100.014,,,,,
10839,10/26/19 03:47:18 AM,100.008,11.139,,-0.045,,,,
10840,10/26/19 03:47:38 AM,,,100.014,,,,,
10841,10/26/19 03:49:18 AM,100.008,11.139,,-0.045,,,,
10842,10/26/19 03:49:38 AM,,,100.025,,,,,
10843,10/26/19 03:51:18 AM,99.985,11.139,,-0.048,,,,
10844,10/26/19 03:51:38 AM,,,100.025,,,,,
10845,10/26/19 03:53:18 AM,100.008,11.139,,-0.046,,,,
10846,10/26/19 03:53:38 AM,,,100.025,,,,,
10847,10/26/19 03:55:18 AM,99.996,11.139,,-0.047,,,,
10848,10/26/19 03:55:38 AM,,,100.025,,,,,
10849,10/26/19 03:57:18 AM,99.985,11.139,,-0.048,,,,
10850,10/26/19 03:57:38 AM,,,100.025,,,,,
10851,10/26/19 03:59:18 AM,99.996,11.139,,-0.047,,,,
10852,10/26/19 03:59:38 AM,,,100.032,,,,,
10853,10/26/19 04:01:18 AM,99.996,11.139,,-0.047,,,,
10854,10/26/19 04:01:38 AM,,,100.021,,,,,
10855,10/26/19 04:03:18 AM,99.996,11.139,,-0.047,,,,
10856,10/26/19 04:03:38 AM,,,100.032,,,,,
10857,10/26/19 04:05:18 AM,99.985,11.139,,-0.048,,,,
10858,10/26/19 04:05:38 AM,,,100.021,,,,,
10859,10/26/19 04:07:18 AM,99.996,11.139,,-0.047,,,,
10860,10/26/19 04:07:38 AM,,,100.032,,,,,
10861,10/26/19 04:09:18 AM,99.973,11.139,,-0.050,,,,
10862,10/26/19 04:09:38 AM,,,100.032,,,,,
10863,10/26/19 04:11:18 AM,99.985,11.139,,-0.049,,,,
10864,10/26/19 04:11:38 AM,,,100.032,,,,,
10865,10/26/19 04:13:18 AM,99.988,11.236,,-0.048,,,,
10866,10/26/19 04:13:38 AM,,,100.032,,,,,
10867,10/26/19 04:15:18 AM,99.999,11.236,,-0.047,,,,
10868,10/26/19 04:15:38 AM,,,100.032,,,,,
10869,10/26/19 04:17:18 AM,99.999,11.236,,-0.049,,,,
10870,10/26/19 04:17:38 AM,,,100.054,,,,,
10871,10/26/19 04:19:18 AM,99.988,11.236,,-0.050,,,,
10872,10/26/19 04:19:38 AM,,,100.043,,,,,
10873,10/26/19 04:21:18 AM,99.968,11.334,,-0.051,,,,
10874,10/26/19 04:21:38 AM,,,100.032,,,,,
10875,10/26/19 04:23:18 AM,99.968,11.334,,-0.050,,,,
10876,10/26/19 04:23:38 AM,,,100.032,,,,,
10877,10/26/19 04:25:18 AM,99.991,11.334,,-0.048,,,,
10878,10/26/19 04:25:38 AM,,,100.032,,,,,
10879,10/26/19 04:27:18 AM,100.003,11.334,,-0.047,,,,
10880,10/26/19 04:27:38 AM,,,100.032,,,,,
10881,10/26/19 04:29:18 AM,99.994,11.431,,-0.048,,,,
10882,10/26/19 04:29:38 AM,,,100.032,,,,,
10883,10/26/19 04:31:18 AM,100.006,11.431,,-0.047,,,,
10884,10/26/19 04:31:38 AM,,,100.032,,,,,
10885,10/26/19 04:33:18 AM,100.021,11.528,,-0.045,,,,
10886,10/26/19 04:33:38 AM,,,100.032,,,,,
10887,10/26/19 04:35:18 AM,99.986,11.528,,-0.050,,,,
10888,10/26/19 04:35:38 AM,,,100.043,,,,,
10889,10/26/19 04:37:18 AM,100.001,11.625,,-0.048,,,,
10890,10/26/19 04:37:38 AM,,,100.043,,,,,
10891,10/26/19 04:39:18 AM,99.989,11.625,,-0.049,,,,
10892,10/26/19 04:39:38 AM,,,100.032,,,,,
10893,10/26/19 04:41:18 AM,100.004,11.722,,-0.048,,,,
10894,10/26/19 04:41:38 AM,,,100.043,,,,,
10895,10/26/19 04:43:18 AM,100.007,11.819,,-0.048,,,,
10896,10/26/19 04:43:38 AM,,,100.043,,,,,
10897,10/26/19 04:45:18 AM,100.019,11.819,,-0.045,,,,
10898,10/26/19 04:45:38 AM,,,100.032,,,,,
10899,10/26/19 04:47:18 AM,99.999,11.916,,-0.049,,,,
10900,10/26/19 04:47:38 AM,,,100.054,,,,,
10901,10/26/19 04:49:18 AM,100.034,11.916,,-0.044,,,,
10902,10/26/19 04:49:38 AM,,,100.032,,,,,
10903,10/26/19 04:51:18 AM,100.034,11.916,,-0.045,,,,
10904,10/26/19 04:51:38 AM,,,100.043,,,,,
10905,10/26/19 04:53:18 AM,100.022,11.916,,-0.048,,,,
10906,10/26/19 04:53:38 AM,,,100.065,,,,,
10907,10/26/19 04:55:18 AM,100.034,11.916,,-0.046,,,,
10908,10/26/19 04:55:38 AM,,,100.054,,,,,
10909,10/26/19 04:57:18 AM,100.025,12.013,,-0.048,,,,
10910,10/26/19 04:57:38 AM,,,100.065,,,,,
10911,10/26/19 04:59:18 AM,100.011,11.916,,-0.049,,,,
10912,10/26/19 04:59:38 AM,,,100.065,,,,,
10913,10/26/19 05:01:18 AM,100.046,11.916,,-0.046,,,,
10914,10/26/19 05:01:38 AM,,,100.065,,,,,
10915,10/26/19 05:03:18 AM,100.046,11.916,,-0.045,,,,
10916,10/26/19 05:03:38 AM,,,100.054,,,,,
10917,10/26/19 05:05:18 AM,100.025,12.013,,-0.048,,,,
10918,10/26/19 05:05:38 AM,,,100.065,,,,,
10919,10/26/19 05:07:18 AM,100.014,12.013,,-0.048,,,,
10920,10/26/19 05:07:38 AM,,,100.054,,,,,
10921,10/26/19 05:09:18 AM,100.025,12.013,,-0.048,,,,
10922,10/26/19 05:09:38 AM,,,100.065,,,,,
10923,10/26/19 05:11:18 AM,100.037,12.013,,-0.048,,,,
10924,10/26/19 05:11:38 AM,,,100.076,,,,,
10925,10/26/19 05:13:18 AM,100.025,12.013,,-0.048,,,,
10926,10/26/19 05:13:38 AM,,,100.065,,,,,
10927,10/26/19 05:15:18 AM,100.025,12.013,,-0.048,,,,
10928,10/26/19 05:15:38 AM,,,100.065,,,,,
10929,10/26/19 05:17:18 AM,100.049,12.013,,-0.046,,,,
10930,10/26/19 05:17:38 AM,,,100.065,,,,,
10931,10/26/19 05:19:18 AM,100.034,11.916,,-0.048,,,,
10932,10/26/19 05:19:38 AM,,,100.076,,,,,
10933,10/26/19 05:21:18 AM,100.034,11.916,,-0.048,,,,
10934,10/26/19 05:21:38 AM,,,100.076,,,,,
10935,10/26/19 05:23:18 AM,100.057,11.916,,-0.046,,,,
10936,10/26/19 05:23:38 AM,,,100.076,,,,,
10937,10/26/19 05:25:18 AM,100.034,11.916,,-0.048,,,,
10938,10/26/19 05:25:38 AM,,,100.076,,,,,
10939,10/26/19 05:27:18 AM,100.046,11.916,,-0.047,,,,
10940,10/26/19 05:27:38 AM,,,100.076,,,,,
10941,10/26/19 05:29:18 AM,100.031,11.819,,-0.049,,,,
10942,10/26/19 05:29:38 AM,,,100.087,,,,,
10943,10/26/19 05:31:18 AM,100.042,11.819,,-0.048,,,,
10944,10/26/19 05:31:38 AM,,,100.076,,,,,
10945,10/26/19 05:33:18 AM,100.054,11.819,,-0.047,,,,
10946,10/26/19 05:33:38 AM,,,100.087,,,,,
10947,10/26/19 05:35:18 AM,100.042,11.819,,-0.049,,,,
10948,10/26/19 05:35:38 AM,,,100.087,,,,,
10949,10/26/19 05:37:18 AM,100.051,11.722,,-0.049,,,,
10950,10/26/19 05:37:38 AM,,,100.098,,,,,
10951,10/26/19 05:39:18 AM,100.051,11.722,,-0.048,,,,
10952,10/26/19 05:39:38 AM,,,100.087,,,,,
10953,10/26/19 05:41:18 AM,100.051,11.722,,-0.048,,,,
10954,10/26/19 05:41:38 AM,,,100.087,,,,,
10955,10/26/19 05:43:18 AM,100.074,11.722,,-0.045,,,,
10956,10/26/19 05:43:38 AM,,,100.087,,,,,
10957,10/26/19 05:45:18 AM,100.059,11.625,,-0.047,,,,
10958,10/26/19 05:45:38 AM,,,100.087,,,,,
10959,10/26/19 05:47:18 AM,100.047,11.625,,-0.048,,,,
10960,10/26/19 05:47:38 AM,,,100.087,,,,,
10961,10/26/19 05:49:18 AM,100.047,11.625,,-0.048,,,,
10962,10/26/19 05:49:38 AM,,,100.087,,,,,
10963,10/26/19 05:51:18 AM,100.044,11.528,,-0.048,,,,
10964,10/26/19 05:51:38 AM,,,100.087,,,,,
10965,10/26/19 05:53:18 AM,100.044,11.528,,-0.047,,,,
10966,10/26/19 05:53:38 AM,,,100.076,,,,,
10967,10/26/19 05:55:18 AM,100.056,11.528,,-0.047,,,,
10968,10/26/19 05:55:38 AM,,,100.087,,,,,
10969,10/26/19 05:57:18 AM,100.056,11.528,,-0.048,,,,
10970,10/26/19 05:57:38 AM,,,100.098,,,,,
10971,10/26/19 05:59:18 AM,100.041,11.431,,-0.049,,,,
10972,10/26/19 05:59:38 AM,,,100.087,,,,,
10973,10/26/19 06:01:18 AM,100.064,11.431,,-0.045,,,,
10974,10/26/19 06:01:38 AM,,,100.076,,,,,
10975,10/26/19 06:03:18 AM,100.041,11.431,,-0.048,,,,
10976,10/26/19 06:03:38 AM,,,100.087,,,,,
10977,10/26/19 06:05:18 AM,100.064,11.431,,-0.047,,,,
10978,10/26/19 06:05:38 AM,,,100.098,,,,,
10979,10/26/19 06:07:18 AM,100.041,11.431,,-0.050,,,,
10980,10/26/19 06:07:38 AM,,,100.098,,,,,
10981,10/26/19 06:09:18 AM,100.073,11.334,,-0.047,,,,
10982,10/26/19 06:09:38 AM,,,100.108,,,,,
10983,10/26/19 06:11:18 AM,100.084,11.334,,-0.045,,,,
10984,10/26/19 06:11:38 AM,,,100.087,,,,,
10985,10/26/19 06:13:18 AM,100.061,11.334,,-0.048,,,,
10986,10/26/19 06:13:38 AM,,,100.098,,,,,
10987,10/26/19 06:15:18 AM,100.061,11.334,,-0.047,,,,
10988,10/26/19 06:15:38 AM,,,100.087,,,,,
10989,10/26/19 06:17:18 AM,100.073,11.334,,-0.047,,,,
10990,10/26/19 06:17:38 AM,,,100.108,,,,,
10991,10/26/19 06:19:18 AM,100.061,11.334,,-0.049,,,,
10992,10/26/19 06:19:38 AM,,,100.108,,,,,
10993,10/26/19 06:21:18 AM,100.061,11.334,,-0.049,,,,
10994,10/26/19 06:21:38 AM,,,100.115,,,,,
10995,10/26/19 06:23:18 AM,100.076,11.431,,-0.047,,,,
10996,10/26/19 06:23:38 AM,,,100.105,,,,,
10997,10/26/19 06:25:18 AM,100.053,11.431,,-0.048,,,,
10998,10/26/19 06:25:38 AM,,,100.094,,,,,
10999,10/26/19 06:27:18 AM,100.053,11.431,,-0.047,,,,
11000,10/26/19 06:27:38 AM,,,100.083,,,,,
11001,10/26/19 06:29:18 AM,100.064,11.431,,-0.046,,,,
11002,10/26/19 06:29:38 AM,,,100.083,,,,,
11003,10/26/19 06:31:18 AM,100.053,11.431,,-0.047,,,,
11004,10/26/19 06:31:38 AM,,,100.083,,,,,
11005,10/26/19 06:33:18 AM,100.067,11.528,,-0.047,,,,
11006,10/26/19 06:33:38 AM,,,100.094,,,,,
11007,10/26/19 06:35:18 AM,100.067,11.528,,-0.047,,,,
11008,10/26/19 06:35:38 AM,,,100.094,,,,,
11009,10/26/19 06:37:18 AM,100.056,11.528,,-0.048,,,,
11010,10/26/19 06:37:38 AM,,,100.094,,,,,
11011,10/26/19 06:39:18 AM,100.059,11.625,,-0.048,,,,
11012,10/26/19 06:39:38 AM,,,100.094,,,,,
11013,10/26/19 06:41:18 AM,100.059,11.625,,-0.048,,,,
11014,10/26/19 06:41:38 AM,,,100.094,,,,,
11015,10/26/19 06:43:18 AM,100.051,11.722,,-0.048,,,,
11016,10/26/19 06:43:38 AM,,,100.094,,,,,
11017,10/26/19 06:45:18 AM,100.051,11.722,,-0.048,,,,
11018,10/26/19 06:45:38 AM,,,100.094,,,,,
11019,10/26/19 06:47:18 AM,100.054,11.819,,-0.048,,,,
11020,10/26/19 06:47:38 AM,,,100.094,,,,,
11021,10/26/19 06:49:18 AM,100.066,11.819,,-0.047,,,,
11022,10/26/19 06:49:38 AM,,,100.094,,,,,
11023,10/26/19 06:51:18 AM,100.069,11.916,,-0.046,,,,
11024,10/26/19 06:51:38 AM,,,100.094,,,,,
11025,10/26/19 06:53:18 AM,100.046,11.916,,-0.049,,,,
11026,10/26/19 06:53:38 AM,,,100.094,,,,,
11027,10/26/19 06:55:18 AM,100.049,12.013,,-0.049,,,,
11028,10/26/19 06:55:38 AM,,,100.094,,,,,
11029,10/26/19 06:57:18 AM,100.040,12.110,,-0.049,,,,
11030,10/26/19 06:57:38 AM,,,100.083,,,,,
11031,10/26/19 06:59:18 AM,100.032,12.207,,-0.048,,,,
11032,10/26/19 06:59:38 AM,,,100.072,,,,,
11033,10/26/19 07:01:18 AM,100.035,12.304,,-0.047,,,,
11034,10/26/19 07:01:38 AM,,,100.068,,,,,
11035,10/26/19 07:03:18 AM,100.050,12.401,,-0.048,,,,
11036,10/26/19 07:03:38 AM,,,100.090,,,,,
11037,10/26/19 07:05:18 AM,100.053,12.497,,-0.047,,,,
11038,10/26/19 07:05:38 AM,,,100.079,,,,,
11039,10/26/19 07:07:18 AM,100.045,12.594,,-0.047,,,,
11040,10/26/19 07:07:38 AM,,,100.079,,,,,
11041,10/26/19 07:09:18 AM,100.037,12.690,,-0.048,,,,
11042,10/26/19 07:09:38 AM,,,100.079,,,,,
11043,10/26/19 07:11:18 AM,100.028,12.787,,-0.049,,,,
11044,10/26/19 07:11:38 AM,,,100.079,,,,,
11045,10/26/19 07:13:18 AM,100.043,12.883,,-0.049,,,,
11046,10/26/19 07:13:38 AM,,,100.090,,,,,
11047,10/26/19 07:15:18 AM,100.046,12.980,,-0.047,,,,
11048,10/26/19 07:15:38 AM,,,100.068,,,,,
11049,10/26/19 07:17:18 AM,100.038,13.076,,-0.047,,,,
11050,10/26/19 07:17:38 AM,,,100.068,,,,,
11051,10/26/19 07:19:18 AM,100.053,13.173,,-0.045,,,,
11052,10/26/19 07:19:38 AM,,,100.068,,,,,
11053,10/26/19 07:21:18 AM,100.044,13.269,,-0.046,,,,
11054,10/26/19 07:21:38 AM,,,100.068,,,,,
11055,10/26/19 07:23:18 AM,100.059,13.365,,-0.046,,,,
11056,10/26/19 07:23:38 AM,,,100.079,,,,,
11057,10/26/19 07:25:18 AM,100.039,13.461,,-0.048,,,,
11058,10/26/19 07:25:38 AM,,,100.075,,,,,
11059,10/26/19 07:27:18 AM,100.043,13.558,,-0.048,,,,
11060,10/26/19 07:27:38 AM,,,100.086,,,,,
11061,10/26/19 07:29:18 AM,100.046,13.654,,-0.048,,,,
11062,10/26/19 07:29:38 AM,,,100.086,,,,,
11063,10/26/19 07:31:18 AM,100.046,13.654,,-0.048,,,,
11064,10/26/19 07:31:38 AM,,,100.086,,,,,
11065,10/26/19 07:33:18 AM,100.049,13.750,,-0.048,,,,
11066,10/26/19 07:33:38 AM,,,100.086,,,,,
11067,10/26/19 07:35:18 AM,100.049,13.750,,-0.048,,,,
11068,10/26/19 07:35:38 AM,,,100.086,,,,,
11069,10/26/19 07:37:18 AM,100.041,13.846,,-0.049,,,,
11070,10/26/19 07:37:38 AM,,,100.086,,,,,
11071,10/26/19 07:39:18 AM,100.056,13.942,,-0.047,,,,
11072,10/26/19 07:39:38 AM,,,100.086,,,,,
11073,10/26/19 07:41:18 AM,100.067,13.942,,-0.046,,,,
11074,10/26/19 07:41:38 AM,,,100.086,,,,,
11075,10/26/19 07:43:18 AM,100.059,14.038,,-0.046,,,,
11076,10/26/19 07:43:38 AM,,,100.075,,,,,
11077,10/26/19 07:45:18 AM,100.050,14.134,,-0.046,,,,
11078,10/26/19 07:45:38 AM,,,100.064,,,,,
11079,10/26/19 07:47:18 AM,100.042,14.230,,-0.045,,,,
11080,10/26/19 07:47:38 AM,,,100.053,,,,,
11081,10/26/19 07:49:18 AM,100.022,14.325,,-0.047,,,,
11082,10/26/19 07:49:38 AM,,,100.057,,,,,
11083,10/26/19 07:51:18 AM,100.025,14.421,,-0.048,,,,
11084,10/26/19 07:51:38 AM,,,100.068,,,,,
11085,10/26/19 07:53:18 AM,100.028,14.517,,-0.048,,,,
11086,10/26/19 07:53:38 AM,,,100.072,,,,,
11087,10/26/19 07:55:18 AM,100.028,14.517,,-0.048,,,,
11088,10/26/19 07:55:38 AM,,,100.072,,,,,
11089,10/26/19 07:57:18 AM,100.043,14.613,,-0.046,,,,
11090,10/26/19 07:57:38 AM,,,100.065,,,,,
11091,10/26/19 07:59:18 AM,100.047,14.709,,-0.047,,,,
11092,10/26/19 07:59:38 AM,,,100.076,,,,,
11093,10/26/19 08:01:18 AM,100.035,14.709,,-0.048,,,,
11094,10/26/19 08:01:38 AM,,,100.069,,,,,
11095,10/26/19 08:03:18 AM,100.038,14.804,,-0.047,,,,
11096,10/26/19 08:03:38 AM,,,100.069,,,,,
11097,10/26/19 08:05:18 AM,100.038,14.804,,-0.047,,,,
11098,10/26/19 08:05:38 AM,,,100.062,,,,,
11099,10/26/19 08:07:18 AM,100.030,14.900,,-0.047,,,,
11100,10/26/19 08:07:38 AM,,,100.062,,,,,
11101,10/26/19 08:09:18 AM,100.018,14.900,,-0.048,,,,
11102,10/26/19 08:09:38 AM,,,100.055,,,,,
11103,10/26/19 08:11:18 AM,100.010,14.996,,-0.049,,,,
11104,10/26/19 08:11:38 AM,,,100.055,,,,,
11105,10/26/19 08:13:18 AM,99.998,14.996,,-0.050,,,,
11106,10/26/19 08:13:38 AM,,,100.059,,,,,
11107,10/26/19 08:15:18 AM,100.025,15.091,,-0.047,,,,
11108,10/26/19 08:15:38 AM,,,100.059,,,,,
11109,10/26/19 08:17:18 AM,100.040,15.187,,-0.046,,,,
11110,10/26/19 08:17:38 AM,,,100.062,,,,,
11111,10/26/19 08:19:18 AM,100.028,15.187,,-0.047,,,,
11112,10/26/19 08:19:38 AM,,,100.062,,,,,
11113,10/26/19 08:21:18 AM,100.019,15.282,,-0.049,,,,
11114,10/26/19 08:21:38 AM,,,100.066,,,,,
11115,10/26/19 08:23:18 AM,100.023,15.378,,-0.047,,,,
11116,10/26/19 08:23:38 AM,,,100.055,,,,,
11117,10/26/19 08:25:18 AM,100.034,15.378,,-0.047,,,,
11118,10/26/19 08:25:38 AM,,,100.070,,,,,
11119,10/26/19 08:27:18 AM,100.014,15.473,,-0.050,,,,
11120,10/26/19 08:27:38 AM,,,100.070,,,,,
11121,10/26/19 08:29:18 AM,100.018,15.569,,-0.049,,,,
11122,10/26/19 08:29:38 AM,,,100.063,,,,,
11123,10/26/19 08:31:18 AM,100.021,15.664,,-0.047,,,,
11124,10/26/19 08:31:38 AM,,,100.052,,,,,
11125,10/26/19 08:33:18 AM,100.012,15.760,,-0.048,,,,
11126,10/26/19 08:33:38 AM,,,100.056,,,,,
11127,10/26/19 08:35:18 AM,100.036,15.760,,-0.046,,,,
11128,10/26/19 08:35:38 AM,,,100.056,,,,,
11129,10/26/19 08:37:18 AM,100.016,15.855,,-0.047,,,,
11130,10/26/19 08:37:38 AM,,,100.045,,,,,
11131,10/26/19 08:39:18 AM,100.031,15.951,,-0.046,,,,
11132,10/26/19 08:39:38 AM,,,100.049,,,,,
11133,10/26/19 08:41:18 AM,99.999,16.046,,-0.048,,,,
11134,10/26/19 08:41:38 AM,,,100.038,,,,,
11135,10/26/19 08:43:18 AM,100.011,16.046,,-0.048,,,,
11136,10/26/19 08:43:38 AM,,,100.053,,,,,
11137,10/26/19 08:45:18 AM,100.002,16.141,,-0.048,,,,
11138,10/26/19 08:45:38 AM,,,100.042,,,,,
11139,10/26/19 08:47:18 AM,100.005,16.237,,-0.047,,,,
11140,10/26/19 08:47:38 AM,,,100.035,,,,,
11141,10/26/19 08:49:18 AM,99.997,16.332,,-0.048,,,,
11142,10/26/19 08:49:38 AM,,,100.035,,,,,
11143,10/26/19 08:51:18 AM,100.012,16.427,,-0.045,,,,
11144,10/26/19 08:51:38 AM,,,100.024,,,,,
11145,10/26/19 08:53:18 AM,100.004,16.523,,-0.047,,,,
11146,10/26/19 08:53:38 AM,,,100.039,,,,,
11147,10/26/19 08:55:18 AM,100.007,16.618,,-0.048,,,,
11148,10/26/19 08:55:38 AM,,,100.050,,,,,
11149,10/26/19 08:57:18 AM,99.998,16.713,,-0.049,,,,
11150,10/26/19 08:57:38 AM,,,100.043,,,,,
11151,10/26/19 08:59:18 AM,99.990,16.808,,-0.049,,,,
11152,10/26/19 08:59:38 AM,,,100.043,,,,,
11153,10/26/19 09:01:18 AM,100.013,16.808,,-0.045,,,,
11154,10/26/19 09:01:38 AM,,,100.021,,,,,
11155,10/26/19 09:03:18 AM,100.005,16.903,,-0.047,,,,
11156,10/26/19 09:03:38 AM,,,100.032,,,,,
11157,10/26/19 09:05:18 AM,99.997,16.999,,-0.048,,,,
11158,10/26/19 09:05:38 AM,,,100.036,,,,,
11159,10/26/19 09:07:18 AM,99.988,17.094,,-0.049,,,,
11160,10/26/19 09:07:38 AM,,,100.036,,,,,
11161,10/26/19 09:09:18 AM,99.977,17.094,,-0.049,,,,
11162,10/26/19 09:09:38 AM,,,100.025,,,,,
11163,10/26/19 09:11:18 AM,99.991,17.189,,-0.049,,,,
11164,10/26/19 09:11:38 AM,,,100.040,,,,,
11165,10/26/19 09:13:18 AM,99.991,17.189,,-0.047,,,,
11166,10/26/19 09:13:38 AM,,,100.018,,,,,
11167,10/26/19 09:15:18 AM,100.006,17.284,,-0.045,,,,
11168,10/26/19 09:15:38 AM,,,100.018,,,,,
11169,10/26/19 09:17:18 AM,100.010,17.379,,-0.045,,,,
11170,10/26/19 09:17:38 AM,,,100.018,,,,,
11171,10/26/19 09:19:18 AM,99.990,17.475,,-0.047,,,,
11172,10/26/19 09:19:38 AM,,,100.022,,,,,
11173,10/26/19 09:21:18 AM,99.981,17.570,,-0.047,,,,
11174,10/26/19 09:21:38 AM,,,100.011,,,,,
11175,10/26/19 09:23:18 AM,99.985,17.665,,-0.046,,,,
11176,10/26/19 09:23:38 AM,,,100.000,,,,,
11177,10/26/19 09:25:18 AM,99.988,17.760,,-0.046,,,,
11178,10/26/19 09:25:38 AM,,,100.004,,,,,
11179,10/26/19 09:27:18 AM,99.979,17.855,,-0.046,,,,
11180,10/26/19 09:27:38 AM,,,100.004,,,,,
11181,10/26/19 09:29:18 AM,99.994,17.950,,-0.045,,,,
11182,10/26/19 09:29:38 AM,,,100.004,,,,,
11183,10/26/19 09:31:18 AM,99.998,18.045,,-0.044,,,,
11184,10/26/19 09:31:38 AM,,,99.993,,,,,
11185,10/26/19 09:33:18 AM,99.978,18.140,,-0.047,,,,
11186,10/26/19 09:33:38 AM,,,100.008,,,,,
11187,10/26/19 09:35:18 AM,99.969,18.236,,-0.047,,,,
11188,10/26/19 09:35:38 AM,,,99.997,,,,,
11189,10/26/19 09:37:18 AM,99.991,18.521,,-0.044,,,,
11190,10/26/19 09:37:38 AM,,,99.986,,,,,
11191,10/26/19 09:39:18 AM,99.962,18.711,,-0.047,,,,
11192,10/26/19 09:39:38 AM,,,99.997,,,,,
11193,10/26/19 09:41:18 AM,99.964,19.092,,-0.047,,,,
11194,10/26/19 09:41:38 AM,,,99.997,,,,,
11195,10/26/19 09:43:18 AM,99.962,19.377,,-0.046,,,,
11196,10/26/19 09:43:38 AM,,,99.979,,,,,
11197,10/26/19 09:45:18 AM,99.972,19.662,,-0.046,,,,
11198,10/26/19 09:45:38 AM,,,99.990,,,,,
11199,10/26/19 09:47:18 AM,99.970,19.948,,-0.046,,,,
11200,10/26/19 09:47:38 AM,,,99.990,,,,,
11201,10/26/19 09:49:18 AM,99.957,20.234,,-0.047,,,,
11202,10/26/19 09:49:38 AM,,,99.990,,,,,
11203,10/26/19 09:51:18 AM,99.967,20.519,,-0.047,,,,
11204,10/26/19 09:51:38 AM,,,99.994,,,,,
11205,10/26/19 09:53:18 AM,99.985,20.710,,-0.044,,,,
11206,10/26/19 09:53:38 AM,,,99.983,,,,,
11207,10/26/19 09:55:18 AM,99.972,20.996,,-0.044,,,,
11208,10/26/19 09:55:38 AM,,,99.972,,,,,
11209,10/26/19 09:57:18 AM,99.967,21.187,,-0.045,,,,
11210,10/26/19 09:57:38 AM,,,99.983,,,,,
11211,10/26/19 09:59:18 AM,99.997,21.378,,-0.043,,,,
11212,10/26/19 09:59:38 AM,,,99.983,,,,,
11213,10/26/19 10:01:18 AM,99.980,21.569,,-0.045,,,,
11214,10/26/19 10:01:38 AM,,,99.987,,,,,
11215,10/26/19 10:03:18 AM,99.975,21.760,,-0.044,,,,
11216,10/26/19 10:03:38 AM,,,99.976,,,,,
11217,10/26/19 10:05:18 AM,99.955,21.855,,-0.047,,,,
11218,10/26/19 10:05:38 AM,,,99.987,,,,,
11219,10/26/19 10:07:18 AM,99.962,22.046,,-0.046,,,,
11220,10/26/19 10:07:38 AM,,,99.976,,,,,
11221,10/26/19 10:09:18 AM,99.954,22.142,,-0.046,,,,
11222,10/26/19 10:09:38 AM,,,99.976,,,,,
11223,10/26/19 10:11:18 AM,99.957,22.238,,-0.046,,,,
11224,10/26/19 10:11:38 AM,,,99.980,,,,,
11225,10/26/19 10:13:18 AM,99.976,22.429,,-0.044,,,,
11226,10/26/19 10:13:38 AM,,,99.980,,,,,
11227,10/26/19 10:15:18 AM,99.979,22.525,,-0.044,,,,
11228,10/26/19 10:15:38 AM,,,99.980,,,,,
11229,10/26/19 10:17:18 AM,99.974,22.717,,-0.044,,,,
11230,10/26/19 10:17:38 AM,,,99.969,,,,,
11231,10/26/19 10:19:18 AM,99.954,22.812,,-0.045,,,,
11232,10/26/19 10:19:38 AM,,,99.969,,,,,
11233,10/26/19 10:21:18 AM,99.957,22.908,,-0.045,,,,
11234,10/26/19 10:21:38 AM,,,99.962,,,,,
11235,10/26/19 10:23:18 AM,99.934,22.908,,-0.046,,,,
11236,10/26/19 10:23:38 AM,,,99.951,,,,,
11237,10/26/19 10:25:18 AM,99.926,23.004,,-0.047,,,,
11238,10/26/19 10:25:38 AM,,,99.962,,,,,
11239,10/26/19 10:27:18 AM,99.941,23.100,,-0.045,,,,
11240,10/26/19 10:27:38 AM,,,99.951,,,,,
11241,10/26/19 10:29:18 AM,99.933,23.196,,-0.044,,,,
11242,10/26/19 10:29:38 AM,,,99.929,,,,,
11243,10/26/19 10:31:18 AM,99.913,23.292,,-0.047,,,,
11244,10/26/19 10:31:38 AM,,,99.951,,,,,
11245,10/26/19 10:33:18 AM,99.928,23.388,,-0.044,,,,
11246,10/26/19 10:33:38 AM,,,99.929,,,,,
11247,10/26/19 10:35:18 AM,99.931,23.484,,-0.045,,,,
11248,10/26/19 10:35:38 AM,,,99.944,,,,,
11249,10/26/19 10:37:18 AM,99.923,23.581,,-0.046,,,,
11250,10/26/19 10:37:38 AM,,,99.944,,,,,
11251,10/26/19 10:39:18 AM,99.926,23.677,,-0.046,,,,
11252,10/26/19 10:39:38 AM,,,99.944,,,,,
11253,10/26/19 10:41:18 AM,99.926,23.677,,-0.045,,,,
11254,10/26/19 10:41:38 AM,,,99.933,,,,,
11255,10/26/19 10:43:18 AM,99.918,23.773,,-0.045,,,,
11256,10/26/19 10:43:38 AM,,,99.933,,,,,
11257,10/26/19 10:45:18 AM,99.906,23.773,,-0.047,,,,
11258,10/26/19 10:45:38 AM,,,99.933,,,,,
11259,10/26/19 10:47:18 AM,99.910,23.869,,-0.047,,,,
11260,10/26/19 10:47:38 AM,,,99.937,,,,,
11261,10/26/19 10:49:18 AM,99.910,23.869,,-0.047,,,,
11262,10/26/19 10:49:38 AM,,,99.937,,,,,
11263,10/26/19 10:51:18 AM,99.901,23.966,,-0.046,,,,
11264,10/26/19 10:51:38 AM,,,99.915,,,,,
11265,10/26/19 10:53:18 AM,99.913,23.966,,-0.043,,,,
11266,10/26/19 10:53:38 AM,,,99.905,,,,,
11267,10/26/19 10:55:18 AM,99.893,24.062,,-0.046,,,,
11268,10/26/19 10:55:38 AM,,,99.915,,,,,
11269,10/26/19 10:57:18 AM,99.905,24.062,,-0.045,,,,
11270,10/26/19 10:57:38 AM,,,99.915,,,,,
11271,10/26/19 10:59:18 AM,99.885,24.158,,-0.045,,,,
11272,10/26/19 10:59:38 AM,,,99.887,,,,,
11273,10/26/19 11:01:18 AM,99.885,24.158,,-0.045,,,,
11274,10/26/19 11:01:38 AM,,,99.898,,,,,
11275,10/26/19 11:03:18 AM,99.888,24.255,,-0.045,,,,
11276,10/26/19 11:03:38 AM,,,99.898,,,,,
11277,10/26/19 11:05:18 AM,99.888,24.255,,-0.045,,,,
11278,10/26/19 11:05:38 AM,,,99.898,,,,,
11279,10/26/19 11:07:18 AM,99.892,24.351,,-0.045,,,,
11280,10/26/19 11:07:38 AM,,,99.898,,,,,
11281,10/26/19 11:09:18 AM,99.880,24.351,,-0.045,,,,
11282,10/26/19 11:09:38 AM,,,99.891,,,,,
11283,10/26/19 11:11:18 AM,99.872,24.448,,-0.045,,,,
11284,10/26/19 11:11:38 AM,,,99.880,,,,,
11285,10/26/19 11:13:18 AM,99.875,24.545,,-0.044,,,,
11286,10/26/19 11:13:38 AM,,,99.880,,,,,
11287,10/26/19 11:15:18 AM,99.875,24.545,,-0.044,,,,
11288,10/26/19 11:15:38 AM,,,99.880,,,,,
11289,10/26/19 11:17:18 AM,99.863,24.545,,-0.046,,,,
11290,10/26/19 11:17:38 AM,,,99.884,,,,,
11291,10/26/19 11:19:18 AM,99.867,24.641,,-0.046,,,,
11292,10/26/19 11:19:38 AM,,,99.884,,,,,
11293,10/26/19 11:21:18 AM,99.867,24.641,,-0.045,,,,
11294,10/26/19 11:21:38 AM,,,99.873,,,,,
11295,10/26/19 11:23:18 AM,99.867,24.641,,-0.044,,,,
11296,10/26/19 11:23:38 AM,,,99.862,,,,,
11297,10/26/19 11:25:18 AM,99.859,24.738,,-0.045,,,,
11298,10/26/19 11:25:38 AM,,,99.866,,,,,
11299,10/26/19 11:27:18 AM,99.835,24.738,,-0.048,,,,
11300,10/26/19 11:27:38 AM,,,99.877,,,,,
11301,10/26/19 11:29:18 AM,99.847,24.738,,-0.046,,,,
11302,10/26/19 11:29:38 AM,,,99.866,,,,,
11303,10/26/19 11:31:18 AM,99.835,24.738,,-0.047,,,,
11304,10/26/19 11:31:38 AM,,,99.866,,,,,
11305,10/26/19 11:33:18 AM,99.839,24.835,,-0.046,,,,
11306,10/26/19 11:33:38 AM,,,99.859,,,,,
11307,10/26/19 11:35:18 AM,99.839,24.835,,-0.046,,,,
11308,10/26/19 11:35:38 AM,,,99.859,,,,,
11309,10/26/19 11:37:18 AM,99.839,24.835,,-0.045,,,,
11310,10/26/19 11:37:38 AM,,,99.848,,,,,
11311,10/26/19 11:39:18 AM,99.839,24.835,,-0.045,,,,
11312,10/26/19 11:39:38 AM,,,99.852,,,,,
11313,10/26/19 11:41:18 AM,99.850,24.835,,-0.046,,,,
11314,10/26/19 11:41:38 AM,,,99.874,,,,,
11315,10/26/19 11:43:18 AM,99.839,24.835,,-0.045,,,,
11316,10/26/19 11:43:38 AM,,,99.841,,,,,
11317,10/26/19 11:45:18 AM,99.842,24.931,,-0.045,,,,
11318,10/26/19 11:45:38 AM,,,99.852,,,,,
11319,10/26/19 11:47:18 AM,99.830,24.931,,-0.046,,,,
11320,10/26/19 11:47:38 AM,,,99.845,,,,,
11321,10/26/19 11:49:18 AM,99.830,24.931,,-0.045,,,,
11322,10/26/19 11:49:38 AM,,,99.845,,,,,
11323,10/26/19 11:51:18 AM,99.819,24.931,,-0.047,,,,
11324,10/26/19 11:51:38 AM,,,99.845,,,,,
11325,10/26/19 11:53:18 AM,99.834,25.028,,-0.044,,,,
11326,10/26/19 11:53:38 AM,,,99.834,,,,,
11327,10/26/19 11:55:18 AM,99.822,25.028,,-0.047,,,,
11328,10/26/19 11:55:38 AM,,,99.860,,,,,
11329,10/26/19 11:57:18 AM,99.822,25.028,,-0.046,,,,
11330,10/26/19 11:57:38 AM,,,99.838,,,,,
11331,10/26/19 11:59:18 AM,99.802,25.125,,-0.049,,,,
11332,10/26/19 11:59:38 AM,,,99.849,,,,,
11333,10/26/19 12:01:18 PM,99.794,25.222,,-0.049,,,,
11334,10/26/19 12:01:38 PM,,,99.838,,,,,
11335,10/26/19 12:03:18 PM,99.821,25.319,,-0.045,,,,
11336,10/26/19 12:03:38 PM,,,99.827,,,,,
11337,10/26/19 12:05:18 PM,99.809,25.319,,-0.046,,,,
11338,10/26/19 12:05:38 PM,,,99.831,,,,,
11339,10/26/19 12:07:18 PM,99.813,25.416,,-0.045,,,,
11340,10/26/19 12:07:38 PM,,,99.820,,,,,
11341,10/26/19 12:09:18 PM,99.804,25.513,,-0.046,,,,
11342,10/26/19 12:09:38 PM,,,99.820,,,,,
11343,10/26/19 12:11:18 PM,99.804,25.513,,-0.046,,,,
11344,10/26/19 12:11:38 PM,,,99.820,,,,,
11345,10/26/19 12:13:18 PM,99.808,25.610,,-0.045,,,,
11346,10/26/19 12:13:38 PM,,,99.820,,,,,
11347,10/26/19 12:15:18 PM,99.808,25.610,,-0.045,,,,
11348,10/26/19 12:15:38 PM,,,99.820,,,,,
11349,10/26/19 12:17:18 PM,99.788,25.708,,-0.046,,,,
11350,10/26/19 12:17:38 PM,,,99.802,,,,,
11351,10/26/19 12:19:18 PM,99.791,25.805,,-0.045,,,,
11352,10/26/19 12:19:38 PM,,,99.802,,,,,
11353,10/26/19 12:21:18 PM,99.803,25.805,,-0.043,,,,
11354,10/26/19 12:21:38 PM,,,99.791,,,,,
11355,10/26/19 12:23:18 PM,99.780,25.805,,-0.046,,,,
11356,10/26/19 12:23:38 PM,,,99.802,,,,,
11357,10/26/19 12:25:18 PM,99.771,25.902,,-0.047,,,,
11358,10/26/19 12:25:38 PM,,,99.795,,,,,
11359,10/26/19 12:27:18 PM,99.771,25.902,,-0.047,,,,
11360,10/26/19 12:27:38 PM,,,99.806,,,,,
11361,10/26/19 12:29:18 PM,99.763,26.000,,-0.046,,,,
11362,10/26/19 12:29:38 PM,,,99.773,,,,,
11363,10/26/19 12:31:18 PM,99.763,26.000,,-0.044,,,,
11364,10/26/19 12:31:38 PM,,,99.762,,,,,
11365,10/26/19 12:33:18 PM,99.755,26.097,,-0.045,,,,
11366,10/26/19 12:33:38 PM,,,99.762,,,,,
11367,10/26/19 12:35:18 PM,99.755,26.097,,-0.046,,,,
11368,10/26/19 12:35:38 PM,,,99.773,,,,,
11369,10/26/19 12:37:18 PM,99.755,26.097,,-0.045,,,,
11370,10/26/19 12:37:38 PM,,,99.766,,,,,
11371,10/26/19 12:39:18 PM,99.735,26.195,,-0.046,,,,
11372,10/26/19 12:39:38 PM,,,99.755,,,,,
11373,10/26/19 12:41:18 PM,99.739,26.292,,-0.045,,,,
11374,10/26/19 12:41:38 PM,,,99.745,,,,,
11375,10/26/19 12:43:18 PM,99.719,26.390,,-0.046,,,,
11376,10/26/19 12:43:38 PM,,,99.734,,,,,
11377,10/26/19 12:45:18 PM,99.711,26.488,,-0.046,,,,
11378,10/26/19 12:45:38 PM,,,99.734,,,,,
11379,10/26/19 12:47:18 PM,99.699,26.488,,-0.047,,,,
11380,10/26/19 12:47:38 PM,,,99.723,,,,,
11381,10/26/19 12:49:18 PM,99.679,26.585,,-0.050,,,,
11382,10/26/19 12:49:38 PM,,,99.738,,,,,
11383,10/26/19 12:51:18 PM,99.679,26.585,,-0.049,,,,
11384,10/26/19 12:51:38 PM,,,99.727,,,,,
11385,10/26/19 12:53:18 PM,99.682,26.683,,-0.048,,,,
11386,10/26/19 12:53:38 PM,,,99.716,,,,,
11387,10/26/19 12:55:18 PM,99.706,26.683,,-0.046,,,,
11388,10/26/19 12:55:38 PM,,,99.727,,,,,
11389,10/26/19 12:57:18 PM,99.674,26.781,,-0.048,,,,
11390,10/26/19 12:57:38 PM,,,99.709,,,,,
11391,10/26/19 12:59:18 PM,99.674,26.781,,-0.048,,,,
11392,10/26/19 12:59:38 PM,,,99.709,,,,,
11393,10/26/19 01:01:18 PM,99.678,26.879,,-0.045,,,,
11394,10/26/19 01:01:38 PM,,,99.687,,,,,
11395,10/26/19 01:03:18 PM,99.689,26.879,,-0.046,,,,
11396,10/26/19 01:03:38 PM,,,99.709,,,,,
11397,10/26/19 01:05:18 PM,99.681,26.977,,-0.048,,,,
11398,10/26/19 01:05:38 PM,,,99.720,,,,,
11399,10/26/19 01:07:18 PM,99.693,26.977,,-0.046,,,,
11400,10/26/19 01:07:38 PM,,,99.713,,,,,
11401,10/26/19 01:09:18 PM,99.693,26.977,,-0.046,,,,
11402,10/26/19 01:09:38 PM,,,99.713,,,,,
11403,10/26/19 01:11:18 PM,99.685,27.075,,-0.046,,,,
11404,10/26/19 01:11:38 PM,,,99.702,,,,,
11405,10/26/19 01:13:18 PM,99.673,27.075,,-0.047,,,,
11406,10/26/19 01:13:38 PM,,,99.702,,,,,
11407,10/26/19 01:15:18 PM,99.688,27.173,,-0.046,,,,
11408,10/26/19 01:15:38 PM,,,99.706,,,,,
11409,10/26/19 01:17:18 PM,99.688,27.173,,-0.047,,,,
11410,10/26/19 01:17:38 PM,,,99.717,,,,,
11411,10/26/19 01:19:18 PM,99.688,27.173,,-0.046,,,,
11412,10/26/19 01:19:38 PM,,,99.706,,,,,
11413,10/26/19 01:21:18 PM,99.680,27.272,,-0.046,,,,
11414,10/26/19 01:21:38 PM,,,99.695,,,,,
11415,10/26/19 01:23:18 PM,99.672,27.370,,-0.048,,,,
11416,10/26/19 01:23:38 PM,,,99.710,,,,,
11417,10/26/19 01:25:18 PM,99.687,27.468,,-0.046,,,,
11418,10/26/19 01:25:38 PM,,,99.710,,,,,
11419,10/26/19 01:27:18 PM,99.676,27.468,,-0.045,,,,
11420,10/26/19 01:27:38 PM,,,99.677,,,,,
11421,10/26/19 01:29:18 PM,99.664,27.468,,-0.045,,,,
11422,10/26/19 01:29:38 PM,,,99.677,,,,,
11423,10/26/19 01:31:18 PM,99.656,27.567,,-0.047,,,,
11424,10/26/19 01:31:38 PM,,,99.692,,,,,
11425,10/26/19 01:33:18 PM,99.659,27.665,,-0.046,,,,
11426,10/26/19 01:33:38 PM,,,99.681,,,,,
11427,10/26/19 01:35:18 PM,99.663,27.764,,-0.046,,,,
11428,10/26/19 01:35:38 PM,,,99.681,,,,,
11429,10/26/19 01:37:18 PM,99.675,27.764,,-0.045,,,,
11430,10/26/19 01:37:38 PM,,,99.681,,,,,
11431,10/26/19 01:39:18 PM,99.666,27.862,,-0.044,,,,
11432,10/26/19 01:39:38 PM,,,99.659,,,,,
11433,10/26/19 01:41:18 PM,99.682,27.961,,-0.041,,,,
11434,10/26/19 01:41:38 PM,,,99.652,,,,,
11435,10/26/19 01:43:18 PM,99.662,28.060,,-0.044,,,,
11436,10/26/19 01:43:38 PM,,,99.663,,,,,
11437,10/26/19 01:45:18 PM,99.674,28.060,,-0.041,,,,
11438,10/26/19 01:45:38 PM,,,99.641,,,,,
11439,10/26/19 01:47:18 PM,99.677,28.159,,-0.040,,,,
11440,10/26/19 01:47:38 PM,,,99.641,,,,,
11441,10/26/19 01:49:18 PM,99.681,28.258,,-0.040,,,,
11442,10/26/19 01:49:38 PM,,,99.645,,,,,
11443,10/26/19 01:51:18 PM,99.673,28.357,,-0.041,,,,
11444,10/26/19 01:51:38 PM,,,99.645,,,,,
11445,10/26/19 01:53:18 PM,99.680,28.555,,-0.040,,,,
11446,10/26/19 01:53:38 PM,,,99.645,,,,,
11447,10/26/19 01:55:18 PM,99.656,28.555,,-0.043,,,,
11448,10/26/19 01:55:38 PM,,,99.645,,,,,
11449,10/26/19 01:57:18 PM,99.656,28.555,,-0.041,,,,
11450,10/26/19 01:57:38 PM,,,99.628,,,,,
11451,10/26/19 01:59:18 PM,99.656,28.555,,-0.040,,,,
11452,10/26/19 01:59:38 PM,,,99.617,,,,,
11453,10/26/19 02:01:18 PM,99.672,28.655,,-0.039,,,,
11454,10/26/19 02:01:38 PM,,,99.628,,,,,
11455,10/26/19 02:03:18 PM,99.664,28.754,,-0.039,,,,
11456,10/26/19 02:03:38 PM,,,99.617,,,,,
11457,10/26/19 02:05:18 PM,99.652,28.754,,-0.042,,,,
11458,10/26/19 02:05:38 PM,,,99.631,,,,,
11459,10/26/19 02:07:18 PM,99.664,28.754,,-0.041,,,,
11460,10/26/19 02:07:38 PM,,,99.631,,,,,
11461,10/26/19 02:09:18 PM,99.644,28.853,,-0.042,,,,
11462,10/26/19 02:09:38 PM,,,99.621,,,,,
11463,10/26/19 02:11:18 PM,99.647,28.953,,-0.040,,,,
11464,10/26/19 02:11:38 PM,,,99.610,,,,,
11465,10/26/19 02:13:18 PM,99.639,29.053,,-0.040,,,,
11466,10/26/19 02:13:38 PM,,,99.599,,,,,
11467,10/26/19 02:15:18 PM,99.643,29.152,,-0.041,,,,
11468,10/26/19 02:15:38 PM,,,99.614,,,,,
11469,10/26/19 02:17:18 PM,99.635,29.252,,-0.041,,,,
11470,10/26/19 02:17:38 PM,,,99.603,,,,,
11471,10/26/19 02:19:18 PM,99.635,29.252,,-0.041,,,,
11472,10/26/19 02:19:38 PM,,,99.603,,,,,
11473,10/26/19 02:21:18 PM,99.627,29.352,,-0.041,,,,
11474,10/26/19 02:21:38 PM,,,99.592,,,,,
11475,10/26/19 02:23:18 PM,99.619,29.452,,-0.040,,,,
11476,10/26/19 02:23:38 PM,,,99.581,,,,,
11477,10/26/19 02:25:18 PM,99.630,29.452,,-0.041,,,,
11478,10/26/19 02:25:38 PM,,,99.607,,,,,
11479,10/26/19 02:27:18 PM,99.626,29.652,,-0.040,,,,
11480,10/26/19 02:27:38 PM,,,99.585,,,,,
11481,10/26/19 02:29:18 PM,99.630,29.752,,-0.039,,,,
11482,10/26/19 02:29:38 PM,,,99.585,,,,,
11483,10/26/19 02:31:18 PM,99.633,29.853,,-0.039,,,,
11484,10/26/19 02:31:38 PM,,,99.585,,,,,
11485,10/26/19 02:33:18 PM,99.625,29.953,,-0.039,,,,
11486,10/26/19 02:33:38 PM,,,99.578,,,,,
11487,10/26/19 02:35:18 PM,99.652,30.054,,-0.036,,,,
11488,10/26/19 02:35:38 PM,,,99.578,,,,,
11489,10/26/19 02:37:18 PM,99.624,30.255,,-0.039,,,,
11490,10/26/19 02:37:38 PM,,,99.578,,,,,
11491,10/26/19 02:39:18 PM,99.624,30.255,,-0.037,,,,
11492,10/26/19 02:39:38 PM,,,99.556,,,,,
11493,10/26/19 02:41:18 PM,99.613,30.255,,-0.039,,,,
11494,10/26/19 02:41:38 PM,,,99.571,,,,,
11495,10/26/19 02:43:18 PM,99.640,30.356,,-0.036,,,,
11496,10/26/19 02:43:38 PM,,,99.560,,,,,
11497,10/26/19 02:45:18 PM,99.616,30.356,,-0.037,,,,
11498,10/26/19 02:45:38 PM,,,99.549,,,,,
11499,10/26/19 02:47:18 PM,99.616,30.356,,-0.036,,,,
11500,10/26/19 02:47:38 PM,,,99.538,,,,,
11501,10/26/19 02:49:18 PM,99.616,30.356,,-0.035,,,,
11502,10/26/19 02:49:38 PM,,,99.527,,,,,
11503,10/26/19 02:51:18 PM,99.628,30.356,,-0.033,,,,
11504,10/26/19 02:51:38 PM,,,99.521,,,,,
11505,10/26/19 02:53:18 PM,99.644,30.457,,-0.030,,,,
11506,10/26/19 02:53:38 PM,,,99.510,,,,,
11507,10/26/19 02:55:18 PM,99.616,30.659,,-0.035,,,,
11508,10/26/19 02:55:38 PM,,,99.531,,,,,
11509,10/26/19 02:57:18 PM,99.604,30.659,,-0.036,,,,
11510,10/26/19 02:57:38 PM,,,99.531,,,,,
11511,10/26/19 02:59:18 PM,99.631,30.760,,-0.032,,,,
11512,10/26/19 02:59:38 PM,,,99.510,,,,,
11513,10/26/19 03:01:18 PM,99.623,30.862,,-0.033,,,,
11514,10/26/19 03:01:38 PM,,,99.514,,,,,
11515,10/26/19 03:03:18 PM,99.639,30.963,,-0.032,,,,
11516,10/26/19 03:03:38 PM,,,99.524,,,,,
11517,10/26/19 03:05:18 PM,99.650,30.963,,-0.031,,,,
11518,10/26/19 03:05:38 PM,,,99.524,,,,,
11519,10/26/19 03:07:18 PM,99.639,30.963,,-0.032,,,,
11520,10/26/19 03:07:38 PM,,,99.524,,,,,
11521,10/26/19 03:09:18 PM,99.654,31.064,,-0.029,,,,
11522,10/26/19 03:09:38 PM,,,99.503,,,,,
11523,10/26/19 03:11:18 PM,99.631,31.064,,-0.031,,,,
11524,10/26/19 03:11:38 PM,,,99.507,,,,,
11525,10/26/19 03:13:18 PM,99.631,31.064,,-0.032,,,,
11526,10/26/19 03:13:38 PM,,,99.518,,,,,
11527,10/26/19 03:15:18 PM,99.642,31.064,,-0.030,,,,
11528,10/26/19 03:15:38 PM,,,99.507,,,,,
11529,10/26/19 03:17:18 PM,99.654,31.064,,-0.029,,,,
11530,10/26/19 03:17:38 PM,,,99.507,,,,,
11531,10/26/19 03:19:18 PM,99.642,31.064,,-0.030,,,,
11532,10/26/19 03:19:38 PM,,,99.500,,,,,
11533,10/26/19 03:21:18 PM,99.646,31.166,,-0.028,,,,
11534,10/26/19 03:21:38 PM,,,99.489,,,,,
11535,10/26/19 03:23:18 PM,99.634,31.166,,-0.031,,,,
11536,10/26/19 03:23:38 PM,,,99.511,,,,,
11537,10/26/19 03:25:18 PM,99.623,31.166,,-0.030,,,,
11538,10/26/19 03:25:38 PM,,,99.478,,,,,
11539,10/26/19 03:27:18 PM,99.619,31.064,,-0.029,,,,
11540,10/26/19 03:27:38 PM,,,99.478,,,,,
11541,10/26/19 03:29:18 PM,99.627,30.963,,-0.030,,,,
11542,10/26/19 03:29:38 PM,,,99.493,,,,,
11543,10/26/19 03:31:18 PM,99.627,30.963,,-0.029,,,,
11544,10/26/19 03:31:38 PM,,,99.482,,,,,
11545,10/26/19 03:33:18 PM,99.627,30.963,,-0.029,,,,
11546,10/26/19 03:33:38 PM,,,99.482,,,,,
11547,10/26/19 03:35:18 PM,99.619,31.064,,-0.029,,,,
11548,10/26/19 03:35:38 PM,,,99.471,,,,,
11549,10/26/19 03:37:18 PM,99.611,31.166,,-0.029,,,,
11550,10/26/19 03:37:38 PM,,,99.464,,,,,
11551,10/26/19 03:39:18 PM,99.618,31.370,,-0.028,,,,
11552,10/26/19 03:39:38 PM,,,99.464,,,,,
11553,10/26/19 03:41:18 PM,99.634,31.472,,-0.027,,,,
11554,10/26/19 03:41:38 PM,,,99.475,,,,,
11555,10/26/19 03:43:18 PM,99.622,31.472,,-0.028,,,,
11556,10/26/19 03:43:38 PM,,,99.464,,,,,
11557,10/26/19 03:45:18 PM,99.622,31.472,,-0.027,,,,
11558,10/26/19 03:45:38 PM,,,99.457,,,,,
11559,10/26/19 03:47:18 PM,99.626,31.574,,-0.026,,,,
11560,10/26/19 03:47:38 PM,,,99.446,,,,,
11561,10/26/19 03:49:18 PM,99.618,31.676,,-0.026,,,,
11562,10/26/19 03:49:38 PM,,,99.446,,,,,
11563,10/26/19 03:51:18 PM,99.622,31.778,,-0.027,,,,
11564,10/26/19 03:51:38 PM,,,99.461,,,,,
11565,10/26/19 03:53:18 PM,99.610,31.778,,-0.029,,,,
11566,10/26/19 03:53:38 PM,,,99.461,,,,,
11567,10/26/19 03:55:18 PM,99.614,31.880,,-0.027,,,,
11568,10/26/19 03:55:38 PM,,,99.450,,,,,
11569,10/26/19 03:57:18 PM,99.629,31.983,,-0.026,,,,
11570,10/26/19 03:57:38 PM,,,99.450,,,,,
11571,10/26/19 03:59:18 PM,99.617,31.983,,-0.025,,,,
11572,10/26/19 03:59:38 PM,,,99.429,,,,,
11573,10/26/19 04:01:18 PM,99.614,31.880,,-0.025,,,,
11574,10/26/19 04:01:38 PM,,,99.433,,,,,
11575,10/26/19 04:03:18 PM,99.618,31.676,,-0.024,,,,
11576,10/26/19 04:03:38 PM,,,99.422,,,,,
11577,10/26/19 04:05:18 PM,99.579,31.268,,-0.030,,,,
11578,10/26/19 04:05:38 PM,,,99.443,,,,,
11579,10/26/19 04:07:18 PM,99.565,30.862,,-0.031,,,,
11580,10/26/19 04:07:38 PM,,,99.433,,,,,
11581,10/26/19 04:09:18 PM,99.553,30.558,,-0.032,,,,
11582,10/26/19 04:09:38 PM,,,99.437,,,,,
11583,10/26/19 04:11:18 PM,99.554,30.255,,-0.030,,,,
11584,10/26/19 04:11:38 PM,,,99.415,,,,,
11585,10/26/19 04:13:18 PM,99.555,29.953,,-0.031,,,,
11586,10/26/19 04:13:38 PM,,,99.426,,,,,
11587,10/26/19 04:15:18 PM,99.547,29.752,,-0.032,,,,
11588,10/26/19 04:15:38 PM,,,99.426,,,,,
11589,10/26/19 04:17:18 PM,99.564,29.552,,-0.029,,,,
11590,10/26/19 04:17:38 PM,,,99.415,,,,,
11591,10/26/19 04:19:18 PM,99.564,29.252,,-0.029,,,,
11592,10/26/19 04:19:38 PM,,,99.415,,,,,
11593,10/26/19 04:21:18 PM,99.530,28.953,,-0.033,,,,
11594,10/26/19 04:21:38 PM,,,99.426,,,,,
11595,10/26/19 04:23:18 PM,99.535,28.754,,-0.032,,,,
11596,10/26/19 04:23:38 PM,,,99.415,,,,,
11597,10/26/19 04:25:18 PM,99.536,28.456,,-0.032,,,,
11598,10/26/19 04:25:38 PM,,,99.419,,,,,
11599,10/26/19 04:27:18 PM,99.544,28.357,,-0.032,,,,
11600,10/26/19 04:27:38 PM,,,99.430,,,,,
11601,10/26/19 04:29:18 PM,99.540,28.258,,-0.032,,,,
11602,10/26/19 04:29:38 PM,,,99.419,,,,,
11603,10/26/19 04:31:18 PM,99.501,28.159,,-0.035,,,,
11604,10/26/19 04:31:38 PM,,,99.408,,,,,
11605,10/26/19 04:33:18 PM,99.521,28.060,,-0.033,,,,
11606,10/26/19 04:33:38 PM,,,99.419,,,,,
11607,10/26/19 04:35:18 PM,99.529,27.961,,-0.034,,,,
11608,10/26/19 04:35:38 PM,,,99.430,,,,,
11609,10/26/19 04:37:18 PM,99.538,27.862,,-0.032,,,,
11610,10/26/19 04:37:38 PM,,,99.419,,,,,
11611,10/26/19 04:39:18 PM,99.511,27.764,,-0.036,,,,
11612,10/26/19 04:39:38 PM,,,99.441,,,,,
11613,10/26/19 04:41:18 PM,99.522,27.764,,-0.034,,,,
11614,10/26/19 04:41:38 PM,,,99.419,,,,,
11615,10/26/19 04:43:18 PM,99.507,27.665,,-0.036,,,,
11616,10/26/19 04:43:38 PM,,,99.434,,,,,
11617,10/26/19 04:45:18 PM,99.519,27.665,,-0.035,,,,
11618,10/26/19 04:45:38 PM,,,99.434,,,,,
11619,10/26/19 04:47:18 PM,99.519,27.665,,-0.033,,,,
11620,10/26/19 04:47:38 PM,,,99.412,,,,,
11621,10/26/19 04:49:18 PM,99.511,27.764,,-0.034,,,,
11622,10/26/19 04:49:38 PM,,,99.412,,,,,
11623,10/26/19 04:51:18 PM,99.518,27.961,,-0.032,,,,
11624,10/26/19 04:51:38 PM,,,99.401,,,,,
11625,10/26/19 04:53:18 PM,99.517,28.258,,-0.032,,,,
11626,10/26/19 04:53:38 PM,,,99.401,,,,,
11627,10/26/19 04:55:18 PM,99.519,28.655,,-0.033,,,,
11628,10/26/19 04:55:38 PM,,,99.412,,,,,
11629,10/26/19 04:57:18 PM,99.510,29.053,,-0.032,,,,
11630,10/26/19 04:57:38 PM,,,99.390,,,,,
11631,10/26/19 04:59:18 PM,99.521,29.352,,-0.030,,,,
11632,10/26/19 04:59:38 PM,,,99.383,,,,,
11633,10/26/19 05:01:18 PM,99.525,29.452,,-0.030,,,,
11634,10/26/19 05:01:38 PM,,,99.394,,,,,
11635,10/26/19 05:03:18 PM,99.455,29.152,,-0.037,,,,
11636,10/26/19 05:03:38 PM,,,99.383,,,,,
11637,10/26/19 05:05:18 PM,99.445,28.853,,-0.038,,,,
11638,10/26/19 05:05:38 PM,,,99.387,,,,,
11639,10/26/19 05:07:18 PM,99.437,28.655,,-0.039,,,,
11640,10/26/19 05:07:38 PM,,,99.387,,,,,
11641,10/26/19 05:09:18 PM,99.454,28.456,,-0.037,,,,
11642,10/26/19 05:09:38 PM,,,99.387,,,,,
11643,10/26/19 05:11:18 PM,99.435,28.258,,-0.040,,,,
11644,10/26/19 05:11:38 PM,,,99.402,,,,,
11645,10/26/19 05:13:18 PM,99.428,28.060,,-0.041,,,,
11646,10/26/19 05:13:38 PM,,,99.402,,,,,
11647,10/26/19 05:15:18 PM,99.432,27.862,,-0.040,,,,
11648,10/26/19 05:15:38 PM,,,99.391,,,,,
11649,10/26/19 05:17:18 PM,99.429,27.764,,-0.040,,,,
11650,10/26/19 05:17:38 PM,,,99.395,,,,,
11651,10/26/19 05:19:18 PM,99.429,27.764,,-0.040,,,,
11652,10/26/19 05:19:38 PM,,,99.395,,,,,
11653,10/26/19 05:21:18 PM,99.440,27.764,,-0.040,,,,
11654,10/26/19 05:21:38 PM,,,99.406,,,,,
11655,10/26/19 05:23:18 PM,99.448,27.665,,-0.038,,,,
11656,10/26/19 05:23:38 PM,,,99.384,,,,,
11657,10/26/19 05:25:18 PM,99.437,27.665,,-0.039,,,,
11658,10/26/19 05:25:38 PM,,,99.388,,,,,
11659,10/26/19 05:27:18 PM,99.413,27.665,,-0.042,,,,
11660,10/26/19 05:27:38 PM,,,99.399,,,,,
11661,10/26/19 05:29:18 PM,99.413,27.665,,-0.041,,,,
11662,10/26/19 05:29:38 PM,,,99.377,,,,,
11663,10/26/19 05:31:18 PM,99.422,27.567,,-0.039,,,,
11664,10/26/19 05:31:38 PM,,,99.377,,,,,
11665,10/26/19 05:33:18 PM,99.438,27.370,,-0.039,,,,
11666,10/26/19 05:33:38 PM,,,99.388,,,,,
11667,10/26/19 05:35:18 PM,99.404,27.075,,-0.043,,,,
11668,10/26/19 05:35:38 PM,,,99.392,,,,,
11669,10/26/19 05:37:18 PM,99.420,26.879,,-0.040,,,,
11670,10/26/19 05:37:38 PM,,,99.381,,,,,
11671,10/26/19 05:39:18 PM,99.413,26.683,,-0.042,,,,
11672,10/26/19 05:39:38 PM,,,99.392,,,,,
11673,10/26/19 05:41:18 PM,99.410,26.585,,-0.041,,,,
11674,10/26/19 05:41:38 PM,,,99.381,,,,,
11675,10/26/19 05:43:18 PM,99.386,26.585,,-0.043,,,,
11676,10/26/19 05:43:38 PM,,,99.381,,,,,
11677,10/26/19 05:45:18 PM,99.406,26.488,,-0.041,,,,
11678,10/26/19 05:45:38 PM,,,99.371,,,,,
11679,10/26/19 05:47:18 PM,99.394,26.488,,-0.042,,,,
11680,10/26/19 05:47:38 PM,,,99.371,,,,,
11681,10/26/19 05:49:18 PM,99.406,26.488,,-0.040,,,,
11682,10/26/19 05:49:38 PM,,,99.371,,,,,
11683,10/26/19 05:51:18 PM,99.391,26.390,,-0.043,,,,
11684,10/26/19 05:51:38 PM,,,99.381,,,,,
11685,10/26/19 05:53:18 PM,99.399,26.292,,-0.041,,,,
11686,10/26/19 05:53:38 PM,,,99.371,,,,,
11687,10/26/19 05:55:18 PM,99.387,26.292,,-0.041,,,,
11688,10/26/19 05:55:38 PM,,,99.360,,,,,
11689,10/26/19 05:57:18 PM,99.384,26.195,,-0.041,,,,
11690,10/26/19 05:57:38 PM,,,99.360,,,,,
11691,10/26/19 05:59:18 PM,99.381,26.097,,-0.043,,,,
11692,10/26/19 05:59:38 PM,,,99.371,,,,,
11693,10/26/19 06:01:18 PM,99.381,26.097,,-0.042,,,,
11694,10/26/19 06:01:38 PM,,,99.360,,,,,
11695,10/26/19 06:03:18 PM,99.369,26.097,,-0.043,,,,
11696,10/26/19 06:03:38 PM,,,99.360,,,,,
11697,10/26/19 06:05:18 PM,99.377,26.000,,-0.043,,,,
11698,10/26/19 06:05:38 PM,,,99.371,,,,,
11699,10/26/19 06:07:18 PM,99.377,26.000,,-0.042,,,,
11700,10/26/19 06:07:38 PM,,,99.360,,,,,
11701,10/26/19 06:09:18 PM,99.370,25.805,,-0.043,,,,
11702,10/26/19 06:09:38 PM,,,99.360,,,,,
11703,10/26/19 06:11:18 PM,99.378,25.708,,-0.042,,,,
11704,10/26/19 06:11:38 PM,,,99.360,,,,,
11705,10/26/19 06:13:18 PM,99.383,25.513,,-0.042,,,,
11706,10/26/19 06:13:38 PM,,,99.360,,,,,
11707,10/26/19 06:15:18 PM,99.376,25.319,,-0.043,,,,
11708,10/26/19 06:15:38 PM,,,99.371,,,,,
11709,10/26/19 06:17:18 PM,99.369,25.125,,-0.043,,,,
11710,10/26/19 06:17:38 PM,,,99.360,,,,,
11711,10/26/19 06:19:18 PM,99.351,24.931,,-0.045,,,,
11712,10/26/19 06:19:38 PM,,,99.360,,,,,
11713,10/26/19 06:21:18 PM,99.344,24.738,,-0.045,,,,
11714,10/26/19 06:21:38 PM,,,99.349,,,,,
11715,10/26/19 06:23:18 PM,99.349,24.545,,-0.043,,,,
11716,10/26/19 06:23:38 PM,,,99.334,,,,,
11717,10/26/19 06:25:18 PM,99.307,24.351,,-0.048,,,,
11718,10/26/19 06:25:38 PM,,,99.345,,,,,
11719,10/26/19 06:27:18 PM,99.323,24.158,,-0.046,,,,
11720,10/26/19 06:27:38 PM,,,99.345,,,,,
11721,10/26/19 06:29:18 PM,99.340,23.966,,-0.045,,,,
11722,10/26/19 06:29:38 PM,,,99.356,,,,,
11723,10/26/19 06:31:18 PM,99.333,23.773,,-0.045,,,,
11724,10/26/19 06:31:38 PM,,,99.345,,,,,
11725,10/26/19 06:33:18 PM,99.326,23.581,,-0.046,,,,
11726,10/26/19 06:33:38 PM,,,99.352,,,,,
11727,10/26/19 06:35:18 PM,99.319,23.388,,-0.047,,,,
11728,10/26/19 06:35:38 PM,,,99.352,,,,,
11729,10/26/19 06:37:18 PM,99.313,23.196,,-0.048,,,,
11730,10/26/19 06:37:38 PM,,,99.348,,,,,
11731,10/26/19 06:39:18 PM,99.318,23.004,,-0.047,,,,
11732,10/26/19 06:39:38 PM,,,99.348,,,,,
11733,10/26/19 06:41:18 PM,99.299,22.812,,-0.050,,,,
11734,10/26/19 06:41:38 PM,,,99.358,,,,,
11735,10/26/19 06:43:18 PM,99.292,22.621,,-0.050,,,,
11736,10/26/19 06:43:38 PM,,,99.354,,,,,
11737,10/26/19 06:45:18 PM,99.274,22.429,,-0.051,,,,
11738,10/26/19 06:45:38 PM,,,99.344,,,,,
11739,10/26/19 06:47:18 PM,99.291,22.238,,-0.049,,,,
11740,10/26/19 06:47:38 PM,,,99.340,,,,,
11741,10/26/19 06:49:18 PM,99.287,22.142,,-0.051,,,,
11742,10/26/19 06:49:38 PM,,,99.361,,,,,
11743,10/26/19 06:51:18 PM,99.269,21.951,,-0.053,,,,
11744,10/26/19 06:51:38 PM,,,99.361,,,,,
11745,10/26/19 06:53:18 PM,99.274,21.760,,-0.052,,,,
11746,10/26/19 06:53:38 PM,,,99.357,,,,,
11747,10/26/19 06:55:18 PM,99.267,21.569,,-0.052,,,,
11748,10/26/19 06:55:38 PM,,,99.346,,,,,
11749,10/26/19 06:57:18 PM,99.249,21.378,,-0.053,,,,
11750,10/26/19 06:57:38 PM,,,99.331,,,,,
11751,10/26/19 06:59:18 PM,99.254,21.187,,-0.052,,,,
11752,10/26/19 06:59:38 PM,,,99.338,,,,,
11753,10/26/19 07:01:18 PM,99.259,20.996,,-0.051,,,,
11754,10/26/19 07:01:38 PM,,,99.327,,,,,
11755,10/26/19 07:03:18 PM,99.264,20.805,,-0.050,,,,
11756,10/26/19 07:03:38 PM,,,99.323,,,,,
11757,10/26/19 07:05:18 PM,99.257,20.615,,-0.053,,,,
11758,10/26/19 07:05:38 PM,,,99.356,,,,,
11759,10/26/19 07:07:18 PM,99.262,20.424,,-0.051,,,,
11760,10/26/19 07:07:38 PM,,,99.330,,,,,
11761,10/26/19 07:09:18 PM,99.244,20.234,,-0.054,,,,
11762,10/26/19 07:09:38 PM,,,99.341,,,,,
11763,10/26/19 07:11:18 PM,99.252,20.138,,-0.053,,,,
11764,10/26/19 07:11:38 PM,,,99.337,,,,,
11765,10/26/19 07:13:18 PM,99.246,19.948,,-0.054,,,,
11766,10/26/19 07:13:38 PM,,,99.344,,,,,
11767,10/26/19 07:15:18 PM,99.243,19.853,,-0.054,,,,
11768,10/26/19 07:15:38 PM,,,99.344,,,,,
11769,10/26/19 07:17:18 PM,99.248,19.662,,-0.052,,,,
11770,10/26/19 07:17:38 PM,,,99.329,,,,,
11771,10/26/19 07:19:18 PM,99.256,19.567,,-0.053,,,,
11772,10/26/19 07:19:38 PM,,,99.351,,,,,
11773,10/26/19 07:21:18 PM,99.261,19.377,,-0.052,,,,
11774,10/26/19 07:21:38 PM,,,99.336,,,,,
11775,10/26/19 07:23:18 PM,99.258,19.282,,-0.053,,,,
11776,10/26/19 07:23:38 PM,,,99.343,,,,,
11777,10/26/19 07:25:18 PM,99.255,19.187,,-0.053,,,,
11778,10/26/19 07:25:38 PM,,,99.343,,,,,
11779,10/26/19 07:27:18 PM,99.263,19.092,,-0.053,,,,
11780,10/26/19 07:27:38 PM,,,99.350,,,,,
11781,10/26/19 07:29:18 PM,99.245,18.901,,-0.055,,,,
11782,10/26/19 07:29:38 PM,,,99.350,,,,,
11783,10/26/19 07:31:18 PM,99.265,18.806,,-0.052,,,,
11784,10/26/19 07:31:38 PM,,,99.346,,,,,
11785,10/26/19 07:33:18 PM,99.250,18.711,,-0.053,,,,
11786,10/26/19 07:33:38 PM,,,99.342,,,,,
11787,10/26/19 07:35:18 PM,99.258,18.616,,-0.052,,,,
11788,10/26/19 07:35:38 PM,,,99.331,,,,,
11789,10/26/19 07:37:18 PM,99.243,18.521,,-0.053,,,,
11790,10/26/19 07:37:38 PM,,,99.327,,,,,
11791,10/26/19 07:39:18 PM,99.228,18.426,,-0.053,,,,
11792,10/26/19 07:39:38 PM,,,99.316,,,,,
11793,10/26/19 07:41:18 PM,99.237,18.331,,-0.053,,,,
11794,10/26/19 07:41:38 PM,,,99.323,,,,,
11795,10/26/19 07:43:18 PM,99.248,18.331,,-0.051,,,,
11796,10/26/19 07:43:38 PM,,,99.319,,,,,
11797,10/26/19 07:45:18 PM,99.245,18.236,,-0.052,,,,
11798,10/26/19 07:45:38 PM,,,99.319,,,,,
11799,10/26/19 07:47:18 PM,99.242,18.140,,-0.051,,,,
11800,10/26/19 07:47:38 PM,,,99.315,,,,,
11801,10/26/19 07:49:18 PM,99.250,18.045,,-0.052,,,,
11802,10/26/19 07:49:38 PM,,,99.337,,,,,
11803,10/26/19 07:51:18 PM,99.250,18.045,,-0.052,,,,
11804,10/26/19 07:51:38 PM,,,99.333,,,,,
11805,10/26/19 07:53:18 PM,99.270,17.950,,-0.049,,,,
11806,10/26/19 07:53:38 PM,,,99.322,,,,,
11807,10/26/19 07:55:18 PM,99.267,17.855,,-0.049,,,,
11808,10/26/19 07:55:38 PM,,,99.318,,,,,
11809,10/26/19 07:57:18 PM,99.255,17.855,,-0.051,,,,
11810,10/26/19 07:57:38 PM,,,99.329,,,,,
11811,10/26/19 07:59:18 PM,99.241,17.760,,-0.054,,,,
11812,10/26/19 07:59:38 PM,,,99.340,,,,,
11813,10/26/19 08:01:18 PM,99.264,17.760,,-0.051,,,,
11814,10/26/19 08:01:38 PM,,,99.336,,,,,
11815,10/26/19 08:03:18 PM,99.249,17.665,,-0.052,,,,
11816,10/26/19 08:03:38 PM,,,99.325,,,,,
11817,10/26/19 08:05:18 PM,99.249,17.665,,-0.050,,,,
11818,10/26/19 08:05:38 PM,,,99.310,,,,,
11819,10/26/19 08:07:18 PM,99.249,17.665,,-0.049,,,,
11820,10/26/19 08:07:38 PM,,,99.300,,,,,
11821,10/26/19 08:09:18 PM,99.222,17.570,,-0.051,,,,
11822,10/26/19 08:09:38 PM,,,99.289,,,,,
11823,10/26/19 08:11:18 PM,99.234,17.570,,-0.050,,,,
11824,10/26/19 08:11:38 PM,,,99.296,,,,,
11825,10/26/19 08:13:18 PM,99.234,17.570,,-0.051,,,,
11826,10/26/19 08:13:38 PM,,,99.306,,,,,
11827,10/26/19 08:15:18 PM,99.222,17.570,,-0.052,,,,
11828,10/26/19 08:15:38 PM,,,99.303,,,,,
11829,10/26/19 08:17:18 PM,99.234,17.570,,-0.050,,,,
11830,10/26/19 08:17:38 PM,,,99.292,,,,,
11831,10/26/19 08:19:18 PM,99.196,17.475,,-0.055,,,,
11832,10/26/19 08:19:38 PM,,,99.303,,,,,
11833,10/26/19 08:21:18 PM,99.207,17.475,,-0.054,,,,
11834,10/26/19 08:21:38 PM,,,99.303,,,,,
11835,10/26/19 08:23:18 PM,99.207,17.475,,-0.052,,,,
11836,10/26/19 08:23:38 PM,,,99.288,,,,,
11837,10/26/19 08:25:18 PM,99.231,17.475,,-0.050,,,,
11838,10/26/19 08:25:38 PM,,,99.288,,,,,
11839,10/26/19 08:27:18 PM,99.219,17.475,,-0.052,,,,
11840,10/26/19 08:27:38 PM,,,99.299,,,,,
11841,10/26/19 08:29:18 PM,99.207,17.475,,-0.052,,,,
11842,10/26/19 08:29:38 PM,,,99.284,,,,,
11843,10/26/19 08:31:18 PM,99.196,17.475,,-0.053,,,,
11844,10/26/19 08:31:38 PM,,,99.284,,,,,
11845,10/26/19 08:33:18 PM,99.184,17.475,,-0.054,,,,
11846,10/26/19 08:33:38 PM,,,99.284,,,,,
11847,10/26/19 08:35:18 PM,99.216,17.379,,-0.050,,,,
11848,10/26/19 08:35:38 PM,,,99.273,,,,,
11849,10/26/19 08:37:18 PM,99.192,17.379,,-0.051,,,,
11850,10/26/19 08:37:38 PM,,,99.262,,,,,
11851,10/26/19 08:39:18 PM,99.204,17.379,,-0.050,,,,
11852,10/26/19 08:39:38 PM,,,99.258,,,,,
11853,10/26/19 08:41:18 PM,99.192,17.379,,-0.052,,,,
11854,10/26/19 08:41:38 PM,,,99.269,,,,,
11855,10/26/19 08:43:18 PM,99.201,17.284,,-0.050,,,,
11856,10/26/19 08:43:38 PM,,,99.258,,,,,
11857,10/26/19 08:45:18 PM,99.201,17.284,,-0.049,,,,
11858,10/26/19 08:45:38 PM,,,99.247,,,,,
11859,10/26/19 08:47:18 PM,99.178,17.284,,-0.052,,,,
11860,10/26/19 08:47:38 PM,,,99.254,,,,,
11861,10/26/19 08:49:18 PM,99.174,17.189,,-0.050,,,,
11862,10/26/19 08:49:38 PM,,,99.232,,,,,
11863,10/26/19 08:51:18 PM,99.163,17.189,,-0.051,,,,
11864,10/26/19 08:51:38 PM,,,99.232,,,,,
11865,10/26/19 08:53:18 PM,99.171,17.094,,-0.050,,,,
11866,10/26/19 08:53:38 PM,,,99.232,,,,,
11867,10/26/19 08:55:18 PM,99.148,17.094,,-0.053,,,,
11868,10/26/19 08:55:38 PM,,,99.232,,,,,
11869,10/26/19 08:57:18 PM,99.159,17.094,,-0.050,,,,
11870,10/26/19 08:57:38 PM,,,99.221,,,,,
11871,10/26/19 08:59:18 PM,99.144,16.999,,-0.051,,,,
11872,10/26/19 08:59:38 PM,,,99.217,,,,,
11873,10/26/19 09:01:18 PM,99.144,16.999,,-0.050,,,,
11874,10/26/19 09:01:38 PM,,,99.196,,,,,
11875,10/26/19 09:03:18 PM,99.133,16.999,,-0.051,,,,
11876,10/26/19 09:03:38 PM,,,99.207,,,,,
11877,10/26/19 09:05:18 PM,99.121,16.999,,-0.053,,,,
11878,10/26/19 09:05:38 PM,,,99.207,,,,,
11879,10/26/19 09:07:18 PM,99.133,16.999,,-0.053,,,,
11880,10/26/19 09:07:38 PM,,,99.228,,,,,
11881,10/26/19 09:09:18 PM,99.133,16.999,,-0.052,,,,
11882,10/26/19 09:09:38 PM,,,99.214,,,,,
11883,10/26/19 09:11:18 PM,99.156,16.999,,-0.050,,,,
11884,10/26/19 09:11:38 PM,,,99.214,,,,,
11885,10/26/19 09:13:18 PM,99.141,16.903,,-0.053,,,,
11886,10/26/19 09:13:38 PM,,,99.235,,,,,
11887,10/26/19 09:15:18 PM,99.141,16.903,,-0.053,,,,
11888,10/26/19 09:15:38 PM,,,99.224,,,,,
11889,10/26/19 09:17:18 PM,99.141,16.903,,-0.052,,,,
11890,10/26/19 09:17:38 PM,,,99.224,,,,,
11891,10/26/19 09:19:18 PM,99.153,16.903,,-0.051,,,,
11892,10/26/19 09:19:38 PM,,,99.224,,,,,
11893,10/26/19 09:21:18 PM,99.165,16.903,,-0.051,,,,
11894,10/26/19 09:21:38 PM,,,99.231,,,,,
11895,10/26/19 09:23:18 PM,99.165,16.903,,-0.052,,,,
11896,10/26/19 09:23:38 PM,,,99.242,,,,,
11897,10/26/19 09:25:18 PM,99.176,16.903,,-0.051,,,,
11898,10/26/19 09:25:38 PM,,,99.242,,,,,
11899,10/26/19 09:27:18 PM,99.165,16.903,,-0.052,,,,
11900,10/26/19 09:27:38 PM,,,99.242,,,,,
11901,10/26/19 09:29:18 PM,99.188,16.903,,-0.050,,,,
11902,10/26/19 09:29:38 PM,,,99.253,,,,,
11903,10/26/19 09:31:18 PM,99.165,16.903,,-0.052,,,,
11904,10/26/19 09:31:38 PM,,,99.242,,,,,
11905,10/26/19 09:33:18 PM,99.176,16.903,,-0.050,,,,
11906,10/26/19 09:33:38 PM,,,99.238,,,,,
11907,10/26/19 09:35:18 PM,99.168,16.999,,-0.051,,,,
11908,10/26/19 09:35:38 PM,,,99.238,,,,,
11909,10/26/19 09:37:18 PM,99.168,16.999,,-0.050,,,,
11910,10/26/19 09:37:38 PM,,,99.228,,,,,
11911,10/26/19 09:39:18 PM,99.183,17.094,,-0.050,,,,
11912,10/26/19 09:39:38 PM,,,99.249,,,,,
11913,10/26/19 09:41:18 PM,99.174,17.189,,-0.052,,,,
11914,10/26/19 09:41:38 PM,,,99.249,,,,,
11915,10/26/19 09:43:18 PM,99.186,17.189,,-0.050,,,,
11916,10/26/19 09:43:38 PM,,,99.249,,,,,
11917,10/26/19 09:45:18 PM,99.189,17.284,,-0.051,,,,
11918,10/26/19 09:45:38 PM,,,99.260,,,,,
11919,10/26/19 09:47:18 PM,99.189,17.284,,-0.051,,,,
11920,10/26/19 09:47:38 PM,,,99.260,,,,,
11921,10/26/19 09:49:18 PM,99.169,17.379,,-0.052,,,,
11922,10/26/19 09:49:38 PM,,,99.249,,,,,
11923,10/26/19 09:51:18 PM,99.181,17.379,,-0.052,,,,
11924,10/26/19 09:51:38 PM,,,99.260,,,,,
11925,10/26/19 09:53:18 PM,99.184,17.475,,-0.052,,,,
11926,10/26/19 09:53:38 PM,,,99.260,,,,,
11927,10/26/19 09:55:18 PM,99.184,17.475,,-0.051,,,,
11928,10/26/19 09:55:38 PM,,,99.249,,,,,
11929,10/26/19 09:57:18 PM,99.187,17.570,,-0.050,,,,
11930,10/26/19 09:57:38 PM,,,99.249,,,,,
11931,10/26/19 09:59:18 PM,99.199,17.570,,-0.049,,,,
11932,10/26/19 09:59:38 PM,,,99.249,,,,,
11933,10/26/19 10:01:18 PM,99.187,17.570,,-0.050,,,,
11934,10/26/19 10:01:38 PM,,,99.249,,,,,
11935,10/26/19 10:03:18 PM,99.191,17.665,,-0.051,,,,
11936,10/26/19 10:03:38 PM,,,99.260,,,,,
11937,10/26/19 10:05:18 PM,99.191,17.665,,-0.051,,,,
11938,10/26/19 10:05:38 PM,,,99.260,,,,,
11939,10/26/19 10:07:18 PM,99.179,17.665,,-0.052,,,,
11940,10/26/19 10:07:38 PM,,,99.260,,,,,
11941,10/26/19 10:09:18 PM,99.167,17.665,,-0.054,,,,
11942,10/26/19 10:09:38 PM,,,99.271,,,,,
11943,10/26/19 10:11:18 PM,99.170,17.760,,-0.053,,,,
11944,10/26/19 10:11:38 PM,,,99.260,,,,,
11945,10/26/19 10:13:18 PM,99.194,17.760,,-0.051,,,,
11946,10/26/19 10:13:38 PM,,,99.260,,,,,
11947,10/26/19 10:15:18 PM,99.205,17.760,,-0.050,,,,
11948,10/26/19 10:15:38 PM,,,99.260,,,,,
11949,10/26/19 10:17:18 PM,99.159,17.760,,-0.052,,,,
11950,10/26/19 10:17:38 PM,,,99.238,,,,,
11951,10/26/19 10:19:18 PM,99.170,17.760,,-0.051,,,,
11952,10/26/19 10:19:38 PM,,,99.238,,,,,
11953,10/26/19 10:21:18 PM,99.159,17.760,,-0.051,,,,
11954,10/26/19 10:21:38 PM,,,99.228,,,,,
11955,10/26/19 10:23:18 PM,99.170,17.760,,-0.052,,,,
11956,10/26/19 10:23:38 PM,,,99.249,,,,,
11957,10/26/19 10:25:18 PM,99.185,17.855,,-0.051,,,,
11958,10/26/19 10:25:38 PM,,,99.260,,,,,
11959,10/26/19 10:27:18 PM,99.174,17.855,,-0.052,,,,
11960,10/26/19 10:27:38 PM,,,99.256,,,,,
11961,10/26/19 10:29:18 PM,99.197,17.855,,-0.051,,,,
11962,10/26/19 10:29:38 PM,,,99.271,,,,,
11963,10/26/19 10:31:18 PM,99.209,17.855,,-0.051,,,,
11964,10/26/19 10:31:38 PM,,,99.282,,,,,
11965,10/26/19 10:33:18 PM,99.197,17.855,,-0.052,,,,
11966,10/26/19 10:33:38 PM,,,99.271,,,,,
11967,10/26/19 10:35:18 PM,99.212,17.950,,-0.048,,,,
11968,10/26/19 10:35:38 PM,,,99.245,,,,,
11969,10/26/19 10:37:18 PM,99.189,17.950,,-0.052,,,,
11970,10/26/19 10:37:38 PM,,,99.267,,,,,
11971,10/26/19 10:39:18 PM,99.177,17.950,,-0.051,,,,
11972,10/26/19 10:39:38 PM,,,99.245,,,,,
11973,10/26/19 10:41:18 PM,99.169,18.045,,-0.052,,,,
11974,10/26/19 10:41:38 PM,,,99.249,,,,,
11975,10/26/19 10:43:18 PM,99.180,18.045,,-0.050,,,,
11976,10/26/19 10:43:38 PM,,,99.238,,,,,
11977,10/26/19 10:45:18 PM,99.180,18.045,,-0.050,,,,
11978,10/26/19 10:45:38 PM,,,99.238,,,,,
11979,10/26/19 10:47:18 PM,99.184,18.140,,-0.049,,,,
11980,10/26/19 10:47:38 PM,,,99.238,,,,,
11981,10/26/19 10:49:18 PM,99.172,18.140,,-0.051,,,,
11982,10/26/19 10:49:38 PM,,,99.238,,,,,
11983,10/26/19 10:51:18 PM,99.160,18.140,,-0.051,,,,
11984,10/26/19 10:51:38 PM,,,99.228,,,,,
11985,10/26/19 10:53:18 PM,99.163,18.236,,-0.051,,,,
11986,10/26/19 10:53:38 PM,,,99.228,,,,,
11987,10/26/19 10:55:18 PM,99.175,18.236,,-0.050,,,,
11988,10/26/19 10:55:38 PM,,,99.238,,,,,
11989,10/26/19 10:57:18 PM,99.190,18.331,,-0.050,,,,
11990,10/26/19 10:57:38 PM,,,99.249,,,,,
11991,10/26/19 10:59:18 PM,99.190,18.331,,-0.051,,,,
11992,10/26/19 10:59:38 PM,,,99.260,,,,,
11993,10/26/19 11:01:18 PM,99.190,18.331,,-0.050,,,,
11994,10/26/19 11:01:38 PM,,,99.249,,,,,
11995,10/26/19 11:03:18 PM,99.170,18.426,,-0.051,,,,
11996,10/26/19 11:03:38 PM,,,99.238,,,,,
11997,10/26/19 11:05:18 PM,99.182,18.426,,-0.050,,,,
11998,10/26/19 11:05:38 PM,,,99.238,,,,,
11999,10/26/19 11:07:18 PM,99.197,18.521,,-0.050,,,,
12000,10/26/19 11:07:38 PM,,,99.260,,,,,
12001,10/26/19 11:09:18 PM,99.208,18.521,,-0.049,,,,
12002,10/26/19 11:09:38 PM,,,99.260,,,,,
12003,10/26/19 11:11:18 PM,99.220,18.521,,-0.049,,,,
12004,10/26/19 11:11:38 PM,,,99.271,,,,,
12005,10/26/19 11:13:18 PM,99.185,18.521,,-0.052,,,,
12006,10/26/19 11:13:38 PM,,,99.260,,,,,
12007,10/26/19 11:15:18 PM,99.177,18.616,,-0.052,,,,
12008,10/26/19 11:15:38 PM,,,99.260,,,,,
12009,10/26/19 11:17:18 PM,99.177,18.616,,-0.051,,,,
12010,10/26/19 11:17:38 PM,,,99.249,,,,,
12011,10/26/19 11:19:18 PM,99.200,18.616,,-0.051,,,,
12012,10/26/19 11:19:38 PM,,,99.271,,,,,
12013,10/26/19 11:21:18 PM,99.200,18.616,,-0.050,,,,
12014,10/26/19 11:21:38 PM,,,99.260,,,,,
12015,10/26/19 11:23:18 PM,99.188,18.616,,-0.052,,,,
12016,10/26/19 11:23:38 PM,,,99.271,,,,,
12017,10/26/19 11:25:18 PM,99.208,18.521,,-0.050,,,,
12018,10/26/19 11:25:38 PM,,,99.271,,,,,
12019,10/26/19 11:27:18 PM,99.232,18.521,,-0.049,,,,
12020,10/26/19 11:27:38 PM,,,99.282,,,,,
12021,10/26/19 11:29:18 PM,99.243,18.521,,-0.050,,,,
12022,10/26/19 11:29:38 PM,,,99.304,,,,,
12023,10/26/19 11:31:18 PM,99.240,18.426,,-0.048,,,,
12024,10/26/19 11:31:38 PM,,,99.271,,,,,
12025,10/26/19 11:33:18 PM,99.240,18.426,,-0.049,,,,
12026,10/26/19 11:33:38 PM,,,99.293,,,,,
12027,10/26/19 11:35:18 PM,99.240,18.426,,-0.050,,,,
12028,10/26/19 11:35:38 PM,,,99.304,,,,,
12029,10/26/19 11:37:18 PM,99.272,18.331,,-0.049,,,,
12030,10/26/19 11:37:38 PM,,,99.326,,,,,
12031,10/26/19 11:39:18 PM,99.260,18.331,,-0.051,,,,
12032,10/26/19 11:39:38 PM,,,99.326,,,,,
12033,10/26/19 11:41:18 PM,99.237,18.331,,-0.049,,,,
12034,10/26/19 11:41:38 PM,,,99.282,,,,,
12035,10/26/19 11:43:18 PM,99.225,18.331,,-0.050,,,,
12036,10/26/19 11:43:38 PM,,,99.282,,,,,
12037,10/26/19 11:45:18 PM,99.202,18.331,,-0.052,,,,
12038,10/26/19 11:45:38 PM,,,99.282,,,,,
12039,10/26/19 11:47:18 PM,99.213,18.331,,-0.050,,,,
12040,10/26/19 11:47:38 PM,,,99.271,,,,,
12041,10/26/19 11:49:18 PM,99.202,18.331,,-0.051,,,,
12042,10/26/19 11:49:38 PM,,,99.271,,,,,
12043,10/26/19 11:51:18 PM,99.210,18.236,,-0.050,,,,
12044,10/26/19 11:51:38 PM,,,99.271,,,,,
12045,10/26/19 11:53:18 PM,99.210,18.236,,-0.051,,,,
12046,10/26/19 11:53:38 PM,,,99.282,,,,,
12047,10/26/19 11:55:18 PM,99.222,18.236,,-0.050,,,,
12048,10/26/19 11:55:38 PM,,,99.282,,,,,
12049,10/26/19 11:57:18 PM,99.222,18.236,,-0.051,,,,
12050,10/26/19 11:57:38 PM,,,99.293,,,,,
12051,10/26/19 11:59:18 PM,99.234,18.236,,-0.051,,,,
12052,10/26/19 11:59:38 PM,,,99.304,,,,,
12053,10/27/19 12:01:18 AM,99.222,18.236,,-0.051,,,,
12054,10/27/19 12:01:38 AM,,,99.293,,,,,
12055,10/27/19 12:03:18 AM,99.210,18.236,,-0.051,,,,
12056,10/27/19 12:03:38 AM,,,99.282,,,,,
12057,10/27/19 12:05:18 AM,99.198,18.236,,-0.053,,,,
12058,10/27/19 12:05:38 AM,,,99.282,,,,,
12059,10/27/19 12:07:18 AM,99.198,18.236,,-0.050,,,,
12060,10/27/19 12:07:38 AM,,,99.249,,,,,
12061,10/27/19 12:09:18 AM,99.187,18.236,,-0.050,,,,
12062,10/27/19 12:09:38 AM,,,99.249,,,,,
12063,10/27/19 12:11:18 AM,99.175,18.236,,-0.051,,,,
12064,10/27/19 12:11:38 AM,,,99.238,,,,,
12065,10/27/19 12:13:18 AM,99.187,18.236,,-0.048,,,,
12066,10/27/19 12:13:38 AM,,,99.228,,,,,
12067,10/27/19 12:15:18 AM,99.175,18.236,,-0.050,,,,
12068,10/27/19 12:15:38 AM,,,99.238,,,,,
12069,10/27/19 12:17:18 AM,99.172,18.140,,-0.050,,,,
12070,10/27/19 12:17:38 AM,,,99.228,,,,,
12071,10/27/19 12:19:18 AM,99.172,18.140,,-0.051,,,,
12072,10/27/19 12:19:38 AM,,,99.238,,,,,
12073,10/27/19 12:21:18 AM,99.160,18.140,,-0.051,,,,
12074,10/27/19 12:21:38 AM,,,99.228,,,,,
12075,10/27/19 12:23:18 AM,99.160,18.140,,-0.050,,,,
12076,10/27/19 12:23:38 AM,,,99.217,,,,,
12077,10/27/19 12:25:18 AM,99.160,18.140,,-0.050,,,,
12078,10/27/19 12:25:38 AM,,,99.217,,,,,
12079,10/27/19 12:27:18 AM,99.160,18.140,,-0.049,,,,
12080,10/27/19 12:27:38 AM,,,99.213,,,,,
12081,10/27/19 12:29:18 AM,99.160,18.140,,-0.048,,,,
12082,10/27/19 12:29:38 AM,,,99.202,,,,,
12083,10/27/19 12:31:18 AM,99.137,18.140,,-0.049,,,,
12084,10/27/19 12:31:38 AM,,,99.180,,,,,
12085,10/27/19 12:33:18 AM,99.125,18.140,,-0.050,,,,
12086,10/27/19 12:33:38 AM,,,99.191,,,,,
12087,10/27/19 12:35:18 AM,99.125,18.140,,-0.051,,,,
12088,10/27/19 12:35:38 AM,,,99.191,,,,,
12089,10/27/19 12:37:18 AM,99.113,18.140,,-0.051,,,,
12090,10/27/19 12:37:38 AM,,,99.180,,,,,
12091,10/27/19 12:39:18 AM,99.137,18.140,,-0.049,,,,
12092,10/27/19 12:39:38 AM,,,99.191,,,,,
12093,10/27/19 12:41:18 AM,99.122,18.045,,-0.051,,,,
12094,10/27/19 12:41:38 AM,,,99.191,,,,,
12095,10/27/19 12:43:18 AM,99.145,18.045,,-0.051,,,,
12096,10/27/19 12:43:38 AM,,,99.213,,,,,
12097,10/27/19 12:45:18 AM,99.169,18.045,,-0.050,,,,
12098,10/27/19 12:45:38 AM,,,99.234,,,,,
12099,10/27/19 12:47:18 AM,99.180,18.045,,-0.050,,,,
12100,10/27/19 12:47:38 AM,,,99.245,,,,,
12101,10/27/19 12:49:18 AM,99.215,18.045,,-0.050,,,,
12102,10/27/19 12:49:38 AM,,,99.278,,,,,
12103,10/27/19 12:51:18 AM,99.227,18.045,,-0.054,,,,
12104,10/27/19 12:51:38 AM,,,99.333,,,,,
12105,10/27/19 12:53:18 AM,99.239,18.045,,-0.053,,,,
12106,10/27/19 12:53:38 AM,,,99.322,,,,,
12107,10/27/19 12:55:18 AM,99.262,18.045,,-0.050,,,,
12108,10/27/19 12:55:38 AM,,,99.322,,,,,
12109,10/27/19 12:57:18 AM,99.250,18.045,,-0.050,,,,
12110,10/27/19 12:57:38 AM,,,99.311,,,,,
12111,10/27/19 12:59:18 AM,99.242,18.140,,-0.050,,,,
12112,10/27/19 12:59:38 AM,,,99.300,,,,,
12113,10/27/19 01:01:18 AM,99.230,18.140,,-0.048,,,,
12114,10/27/19 01:01:38 AM,,,99.267,,,,,
12115,10/27/19 01:03:18 AM,99.195,18.140,,-0.050,,,,
12116,10/27/19 01:03:38 AM,,,99.256,,,,,
12117,10/27/19 01:05:18 AM,99.207,18.140,,-0.048,,,,
12118,10/27/19 01:05:38 AM,,,99.245,,,,,
12119,10/27/19 01:07:18 AM,99.207,18.140,,-0.049,,,,
12120,10/27/19 01:07:38 AM,,,99.256,,,,,
12121,10/27/19 01:09:18 AM,99.184,18.140,,-0.051,,,,
12122,10/27/19 01:09:38 AM,,,99.256,,,,,
12123,10/27/19 01:11:18 AM,99.163,18.236,,-0.053,,,,
12124,10/27/19 01:11:38 AM,,,99.245,,,,,
12125,10/27/19 01:13:18 AM,99.198,18.236,,-0.051,,,,
12126,10/27/19 01:13:38 AM,,,99.267,,,,,
12127,10/27/19 01:15:18 AM,99.187,18.236,,-0.051,,,,
12128,10/27/19 01:15:38 AM,,,99.256,,,,,
12129,10/27/19 01:17:18 AM,99.187,18.236,,-0.049,,,,
12130,10/27/19 01:17:38 AM,,,99.234,,,,,
12131,10/27/19 01:19:18 AM,99.175,18.236,,-0.051,,,,
12132,10/27/19 01:19:38 AM,,,99.245,,,,,
12133,10/27/19 01:21:18 AM,99.175,18.236,,-0.051,,,,
12134,10/27/19 01:21:38 AM,,,99.245,,,,,
12135,10/27/19 01:23:18 AM,99.163,18.236,,-0.051,,,,
12136,10/27/19 01:23:38 AM,,,99.234,,,,,
12137,10/27/19 01:25:18 AM,99.175,18.236,,-0.050,,,,
12138,10/27/19 01:25:38 AM,,,99.234,,,,,
12139,10/27/19 01:27:18 AM,99.187,18.236,,-0.049,,,,
12140,10/27/19 01:27:38 AM,,,99.234,,,,,
12141,10/27/19 01:29:18 AM,99.175,18.236,,-0.048,,,,
12142,10/27/19 01:29:38 AM,,,99.213,,,,,
12143,10/27/19 01:31:18 AM,99.152,18.236,,-0.049,,,,
12144,10/27/19 01:31:38 AM,,,99.202,,,,,
12145,10/27/19 01:33:18 AM,99.140,18.236,,-0.049,,,,
12146,10/27/19 01:33:38 AM,,,99.191,,,,,
12147,10/27/19 01:35:18 AM,99.128,18.236,,-0.049,,,,
12148,10/27/19 01:35:38 AM,,,99.180,,,,,
12149,10/27/19 01:37:18 AM,99.140,18.236,,-0.048,,,,
12150,10/27/19 01:37:38 AM,,,99.180,,,,,
12151,10/27/19 01:39:18 AM,99.128,18.236,,-0.050,,,,
12152,10/27/19 01:39:38 AM,,,99.191,,,,,
12153,10/27/19 01:41:18 AM,99.117,18.236,,-0.050,,,,
12154,10/27/19 01:41:38 AM,,,99.169,,,,,
12155,10/27/19 01:43:18 AM,99.128,18.236,,-0.049,,,,
12156,10/27/19 01:43:38 AM,,,99.180,,,,,
12157,10/27/19 01:45:18 AM,99.105,18.236,,-0.051,,,,
12158,10/27/19 01:45:38 AM,,,99.169,,,,,
12159,10/27/19 01:47:18 AM,99.093,18.236,,-0.051,,,,
12160,10/27/19 01:47:38 AM,,,99.158,,,,,
12161,10/27/19 01:49:18 AM,99.105,18.236,,-0.049,,,,
12162,10/27/19 01:49:38 AM,,,99.158,,,,,
12163,10/27/19 01:51:18 AM,99.102,18.140,,-0.050,,,,
12164,10/27/19 01:51:38 AM,,,99.158,,,,,
12165,10/27/19 01:53:18 AM,99.102,18.140,,-0.049,,,,
12166,10/27/19 01:53:38 AM,,,99.147,,,,,
12167,10/27/19 01:55:18 AM,99.102,18.140,,-0.049,,,,
12168,10/27/19 01:55:38 AM,,,99.147,,,,,
12169,10/27/19 01:57:18 AM,99.090,18.140,,-0.051,,,,
12170,10/27/19 01:57:38 AM,,,99.158,,,,,
12171,10/27/19 01:59:18 AM,99.078,18.140,,-0.050,,,,
12172,10/27/19 01:59:38 AM,,,99.136,,,,,
12173,10/27/19 02:01:18 AM,99.078,18.140,,-0.051,,,,
12174,10/27/19 02:01:38 AM,,,99.147,,,,,
12175,10/27/19 02:03:18 AM,99.090,18.140,,-0.050,,,,
12176,10/27/19 02:03:38 AM,,,99.147,,,,,
12177,10/27/19 02:05:18 AM,99.075,18.045,,-0.050,,,,
12178,10/27/19 02:05:38 AM,,,99.136,,,,,
12179,10/27/19 02:07:18 AM,99.064,18.045,,-0.051,,,,
12180,10/27/19 02:07:38 AM,,,99.136,,,,,
12181,10/27/19 02:09:18 AM,99.064,18.045,,-0.050,,,,
12182,10/27/19 02:09:38 AM,,,99.126,,,,,
12183,10/27/19 02:11:18 AM,99.052,18.045,,-0.051,,,,
12184,10/27/19 02:11:38 AM,,,99.115,,,,,
12185,10/27/19 02:13:18 AM,99.052,18.045,,-0.050,,,,
12186,10/27/19 02:13:38 AM,,,99.115,,,,,
12187,10/27/19 02:15:18 AM,99.052,18.045,,-0.049,,,,
12188,10/27/19 02:15:38 AM,,,99.104,,,,,
12189,10/27/19 02:17:18 AM,99.040,18.045,,-0.051,,,,
12190,10/27/19 02:17:38 AM,,,99.115,,,,,
12191,10/27/19 02:19:18 AM,99.064,18.045,,-0.048,,,,
12192,10/27/19 02:19:38 AM,,,99.104,,,,,
12193,10/27/19 02:21:18 AM,99.052,18.045,,-0.049,,,,
12194,10/27/19 02:21:38 AM,,,99.104,,,,,
12195,10/27/19 02:23:18 AM,99.052,18.045,,-0.048,,,,
12196,10/27/19 02:23:38 AM,,,99.093,,,,,
12197,10/27/19 02:25:18 AM,99.040,18.045,,-0.050,,,,
12198,10/27/19 02:25:38 AM,,,99.104,,,,,
12199,10/27/19 02:27:18 AM,99.040,18.045,,-0.050,,,,
12200,10/27/19 02:27:38 AM,,,99.104,,,,,
12201,10/27/19 02:29:18 AM,99.040,18.045,,-0.050,,,,
12202,10/27/19 02:29:38 AM,,,99.093,,,,,
12203,10/27/19 02:31:18 AM,99.064,18.045,,-0.047,,,,
12204,10/27/19 02:31:38 AM,,,99.089,,,,,
12205,10/27/19 02:33:18 AM,99.052,18.045,,-0.050,,,,
12206,10/27/19 02:33:38 AM,,,99.111,,,,,
12207,10/27/19 02:35:18 AM,99.052,18.045,,-0.049,,,,
12208,10/27/19 02:35:38 AM,,,99.100,,,,,
12209,10/27/19 02:37:18 AM,99.052,18.045,,-0.050,,,,
12210,10/27/19 02:37:38 AM,,,99.111,,,,,
12211,10/27/19 02:39:18 AM,99.040,18.045,,-0.051,,,,
12212,10/27/19 02:39:38 AM,,,99.111,,,,,
12213,10/27/19 02:41:18 AM,99.052,18.045,,-0.048,,,,
12214,10/27/19 02:41:38 AM,,,99.089,,,,,
12215,10/27/19 02:43:18 AM,99.040,18.045,,-0.050,,,,
12216,10/27/19 02:43:38 AM,,,99.100,,,,,
12217,10/27/19 02:45:18 AM,99.040,18.045,,-0.049,,,,
12218,10/27/19 02:45:38 AM,,,99.089,,,,,
12219,10/27/19 02:47:18 AM,99.032,18.140,,-0.051,,,,
12220,10/27/19 02:47:38 AM,,,99.100,,,,,
12221,10/27/19 02:49:18 AM,99.043,18.140,,-0.050,,,,
12222,10/27/19 02:49:38 AM,,,99.100,,,,,
12223,10/27/19 02:51:18 AM,99.032,18.140,,-0.049,,,,
12224,10/27/19 02:51:38 AM,,,99.078,,,,,
12225,10/27/19 02:53:18 AM,99.032,18.140,,-0.049,,,,
12226,10/27/19 02:53:38 AM,,,99.078,,,,,
12227,10/27/19 02:55:18 AM,99.032,18.140,,-0.049,,,,
12228,10/27/19 02:55:38 AM,,,99.078,,,,,
12229,10/27/19 02:57:18 AM,99.008,18.140,,-0.050,,,,
12230,10/27/19 02:57:38 AM,,,99.067,,,,,
12231,10/27/19 02:59:18 AM,98.997,18.140,,-0.048,,,,
12232,10/27/19 02:59:38 AM,,,99.034,,,,,
12233,10/27/19 03:01:18 AM,98.985,18.140,,-0.048,,,,
12234,10/27/19 03:01:38 AM,,,99.024,,,,,
12235,10/27/19 03:03:18 AM,98.985,18.140,,-0.050,,,,
12236,10/27/19 03:03:38 AM,,,99.045,,,,,
12237,10/27/19 03:05:18 AM,98.997,18.140,,-0.048,,,,
12238,10/27/19 03:05:38 AM,,,99.034,,,,,
12239,10/27/19 03:07:18 AM,98.985,18.140,,-0.050,,,,
12240,10/27/19 03:07:38 AM,,,99.045,,,,,
12241,10/27/19 03:09:18 AM,98.973,18.140,,-0.052,,,,
12242,10/27/19 03:09:38 AM,,,99.056,,,,,
12243,10/27/19 03:11:18 AM,98.997,18.140,,-0.051,,,,
12244,10/27/19 03:11:38 AM,,,99.067,,,,,
12245,10/27/19 03:13:18 AM,99.032,18.140,,-0.048,,,,
12246,10/27/19 03:13:38 AM,,,99.078,,,,,
12247,10/27/19 03:15:18 AM,99.067,18.140,,-0.048,,,,
12248,10/27/19 03:15:38 AM,,,99.111,,,,,
12249,10/27/19 03:17:18 AM,99.067,18.140,,-0.051,,,,
12250,10/27/19 03:17:38 AM,,,99.143,,,,,
12251,10/27/19 03:19:18 AM,99.125,18.140,,-0.052,,,,
12252,10/27/19 03:19:38 AM,,,99.220,,,,,
12253,10/27/19 03:21:18 AM,99.172,18.140,,-0.051,,,,
12254,10/27/19 03:21:38 AM,,,99.241,,,,,
12255,10/27/19 03:23:18 AM,99.172,18.140,,-0.052,,,,
12256,10/27/19 03:23:38 AM,,,99.252,,,,,
12257,10/27/19 03:25:18 AM,99.207,18.140,,-0.049,,,,
12258,10/27/19 03:25:38 AM,,,99.252,,,,,
12259,10/27/19 03:27:18 AM,99.195,18.140,,-0.048,,,,
12260,10/27/19 03:27:38 AM,,,99.231,,,,,
12261,10/27/19 03:29:18 AM,99.148,18.140,,-0.051,,,,
12262,10/27/19 03:29:38 AM,,,99.209,,,,,
12263,10/27/19 03:31:18 AM,99.160,18.140,,-0.052,,,,
12264,10/27/19 03:31:38 AM,,,99.241,,,,,
12265,10/27/19 03:33:18 AM,99.172,18.140,,-0.052,,,,
12266,10/27/19 03:33:38 AM,,,99.252,,,,,
12267,10/27/19 03:35:18 AM,99.207,18.140,,-0.049,,,,
12268,10/27/19 03:35:38 AM,,,99.252,,,,,
12269,10/27/19 03:37:18 AM,99.175,18.236,,-0.051,,,,
12270,10/27/19 03:37:38 AM,,,99.241,,,,,
12271,10/27/19 03:39:18 AM,99.187,18.236,,-0.049,,,,
12272,10/27/19 03:39:38 AM,,,99.241,,,,,
12273,10/27/19 03:41:18 AM,99.198,18.236,,-0.048,,,,
12274,10/27/19 03:41:38 AM,,,99.241,,,,,
12275,10/27/19 03:43:18 AM,99.187,18.236,,-0.049,,,,
12276,10/27/19 03:43:38 AM,,,99.241,,,,,
12277,10/27/19 03:45:18 AM,99.198,18.236,,-0.049,,,,
12278,10/27/19 03:45:38 AM,,,99.252,,,,,
12279,10/27/19 03:47:18 AM,99.195,18.140,,-0.050,,,,
12280,10/27/19 03:47:38 AM,,,99.252,,,,,
12281,10/27/19 03:49:18 AM,99.184,18.140,,-0.050,,,,
12282,10/27/19 03:49:38 AM,,,99.241,,,,,
12283,10/27/19 03:51:18 AM,99.172,18.140,,-0.050,,,,
12284,10/27/19 03:51:38 AM,,,99.231,,,,,
12285,10/27/19 03:53:18 AM,99.160,18.140,,-0.050,,,,
12286,10/27/19 03:53:38 AM,,,99.213,,,,,
12287,10/27/19 03:55:18 AM,99.148,18.140,,-0.051,,,,
12288,10/27/19 03:55:38 AM,,,99.220,,,,,
12289,10/27/19 03:57:18 AM,99.148,18.140,,-0.050,,,,
12290,10/27/19 03:57:38 AM,,,99.209,,,,,
12291,10/27/19 03:59:18 AM,99.137,18.140,,-0.050,,,,
12292,10/27/19 03:59:38 AM,,,99.198,,,,,
12293,10/27/19 04:01:18 AM,99.137,18.140,,-0.050,,,,
12294,10/27/19 04:01:38 AM,,,99.198,,,,,
12295,10/27/19 04:03:18 AM,99.148,18.140,,-0.048,,,,
12296,10/27/19 04:03:38 AM,,,99.191,,,,,
12297,10/27/19 04:05:18 AM,99.137,18.140,,-0.050,,,,
12298,10/27/19 04:05:38 AM,,,99.202,,,,,
12299,10/27/19 04:07:18 AM,99.137,18.140,,-0.052,,,,
12300,10/27/19 04:07:38 AM,,,99.224,,,,,
12301,10/27/19 04:09:18 AM,99.148,18.140,,-0.054,,,,
12302,10/27/19 04:09:38 AM,,,99.256,,,,,
12303,10/27/19 04:11:18 AM,99.207,18.140,,-0.052,,,,
12304,10/27/19 04:11:38 AM,,,99.289,,,,,
12305,10/27/19 04:13:18 AM,99.230,18.140,,-0.052,,,,
12306,10/27/19 04:13:38 AM,,,99.311,,,,,
12307,10/27/19 04:15:18 AM,99.242,18.140,,-0.050,,,,
12308,10/27/19 04:15:38 AM,,,99.300,,,,,
12309,10/27/19 04:17:18 AM,99.242,18.140,,-0.051,,,,
12310,10/27/19 04:17:38 AM,,,99.311,,,,,
12311,10/27/19 04:19:18 AM,99.289,18.140,,-0.047,,,,
12312,10/27/19 04:19:38 AM,,,99.318,,,,,
12313,10/27/19 04:21:18 AM,99.300,18.140,,-0.049,,,,
12314,10/27/19 04:21:38 AM,,,99.354,,,,,
12315,10/27/19 04:23:18 AM,99.320,18.045,,-0.051,,,,
12316,10/27/19 04:23:38 AM,,,99.394,,,,,
12317,10/27/19 04:25:18 AM,99.367,18.045,,-0.052,,,,
12318,10/27/19 04:25:38 AM,,,99.452,,,,,
12319,10/27/19 04:27:18 AM,99.390,18.045,,-0.049,,,,
12320,10/27/19 04:27:38 AM,,,99.438,,,,,
12321,10/27/19 04:29:18 AM,99.355,18.045,,-0.051,,,,
12322,10/27/19 04:29:38 AM,,,99.416,,,,,
12323,10/27/19 04:31:18 AM,99.344,18.045,,-0.050,,,,
12324,10/27/19 04:31:38 AM,,,99.405,,,,,
12325,10/27/19 04:33:18 AM,99.332,18.045,,-0.050,,,,
12326,10/27/19 04:33:38 AM,,,99.383,,,,,
12327,10/27/19 04:35:18 AM,99.297,18.045,,-0.050,,,,
12328,10/27/19 04:35:38 AM,,,99.350,,,,,
12329,10/27/19 04:37:18 AM,99.297,18.045,,-0.048,,,,
12330,10/27/19 04:37:38 AM,,,99.329,,,,,
12331,10/27/19 04:39:18 AM,99.274,18.045,,-0.050,,,,
12332,10/27/19 04:39:38 AM,,,99.329,,,,,
12333,10/27/19 04:41:18 AM,99.309,18.045,,-0.049,,,,
12334,10/27/19 04:41:38 AM,,,99.361,,,,,
12335,10/27/19 04:43:18 AM,99.340,17.950,,-0.048,,,,
12336,10/27/19 04:43:38 AM,,,99.383,,,,,
12337,10/27/19 04:45:18 AM,99.352,17.950,,-0.048,,,,
12338,10/27/19 04:45:38 AM,,,99.394,,,,,
12339,10/27/19 04:47:18 AM,99.340,17.950,,-0.049,,,,
12340,10/27/19 04:47:38 AM,,,99.394,,,,,
12341,10/27/19 04:49:18 AM,99.329,17.950,,-0.050,,,,
12342,10/27/19 04:49:38 AM,,,99.383,,,,,
12343,10/27/19 04:51:18 AM,99.305,17.950,,-0.052,,,,
12344,10/27/19 04:51:38 AM,,,99.383,,,,,
12345,10/27/19 04:53:18 AM,99.305,17.950,,-0.051,,,,
12346,10/27/19 04:53:38 AM,,,99.372,,,,,
12347,10/27/19 04:55:18 AM,99.317,17.950,,-0.048,,,,
12348,10/27/19 04:55:38 AM,,,99.350,,,,,
12349,10/27/19 04:57:18 AM,99.309,18.045,,-0.048,,,,
12350,10/27/19 04:57:38 AM,,,99.350,,,,,
12351,10/27/19 04:59:18 AM,99.294,17.950,,-0.049,,,,
12352,10/27/19 04:59:38 AM,,,99.340,,,,,
12353,10/27/19 05:01:18 AM,99.294,17.950,,-0.048,,,,
12354,10/27/19 05:01:38 AM,,,99.329,,,,,
12355,10/27/19 05:03:18 AM,99.282,17.950,,-0.048,,,,
12356,10/27/19 05:03:38 AM,,,99.318,,,,,
12357,10/27/19 05:05:18 AM,99.282,17.950,,-0.048,,,,
12358,10/27/19 05:05:38 AM,,,99.318,,,,,
12359,10/27/19 05:07:18 AM,99.247,17.950,,-0.051,,,,
12360,10/27/19 05:07:38 AM,,,99.318,,,,,
12361,10/27/19 05:09:18 AM,99.270,17.950,,-0.048,,,,
12362,10/27/19 05:09:38 AM,,,99.307,,,,,
12363,10/27/19 05:11:18 AM,99.247,17.950,,-0.051,,,,
12364,10/27/19 05:11:38 AM,,,99.318,,,,,
12365,10/27/19 05:13:18 AM,99.282,17.950,,-0.048,,,,
12366,10/27/19 05:13:38 AM,,,99.318,,,,,
12367,10/27/19 05:15:18 AM,99.282,17.950,,-0.049,,,,
12368,10/27/19 05:15:38 AM,,,99.329,,,,,
12369,10/27/19 05:17:18 AM,99.282,17.950,,-0.048,,,,
12370,10/27/19 05:17:38 AM,,,99.318,,,,,
12371,10/27/19 05:19:18 AM,99.282,17.950,,-0.048,,,,
12372,10/27/19 05:19:38 AM,,,99.318,,,,,
12373,10/27/19 05:21:18 AM,99.285,18.045,,-0.049,,,,
12374,10/27/19 05:21:38 AM,,,99.340,,,,,
12375,10/27/19 05:23:18 AM,99.274,18.045,,-0.050,,,,
12376,10/27/19 05:23:38 AM,,,99.329,,,,,
12377,10/27/19 05:25:18 AM,99.274,18.045,,-0.050,,,,
12378,10/27/19 05:25:38 AM,,,99.340,,,,,
12379,10/27/19 05:27:18 AM,99.297,18.045,,-0.050,,,,
12380,10/27/19 05:27:38 AM,,,99.361,,,,,
12381,10/27/19 05:29:18 AM,99.309,18.045,,-0.048,,,,
12382,10/27/19 05:29:38 AM,,,99.350,,,,,
12383,10/27/19 05:31:18 AM,99.309,18.045,,-0.049,,,,
12384,10/27/19 05:31:38 AM,,,99.361,,,,,
12385,10/27/19 05:33:18 AM,99.297,18.045,,-0.050,,,,
12386,10/27/19 05:33:38 AM,,,99.361,,,,,
12387,10/27/19 05:35:18 AM,99.309,18.045,,-0.047,,,,
12388,10/27/19 05:35:38 AM,,,99.336,,,,,
12389,10/27/19 05:37:18 AM,99.309,18.045,,-0.048,,,,
12390,10/27/19 05:37:38 AM,,,99.347,,,,,
12391,10/27/19 05:39:18 AM,99.285,18.045,,-0.049,,,,
12392,10/27/19 05:39:38 AM,,,99.336,,,,,
12393,10/27/19 05:41:18 AM,99.300,18.140,,-0.048,,,,
12394,10/27/19 05:41:38 AM,,,99.336,,,,,
12395,10/27/19 05:43:18 AM,99.312,18.140,,-0.048,,,,
12396,10/27/19 05:43:38 AM,,,99.357,,,,,
12397,10/27/19 05:45:18 AM,99.324,18.140,,-0.049,,,,
12398,10/27/19 05:45:38 AM,,,99.379,,,,,
12399,10/27/19 05:47:18 AM,99.312,18.140,,-0.048,,,,
12400,10/27/19 05:47:38 AM,,,99.347,,,,,
12401,10/27/19 05:49:18 AM,99.289,18.140,,-0.048,,,,
12402,10/27/19 05:49:38 AM,,,99.325,,,,,
12403,10/27/19 05:51:18 AM,99.289,18.140,,-0.047,,,,
12404,10/27/19 05:51:38 AM,,,99.314,,,,,
12405,10/27/19 05:53:18 AM,99.254,18.140,,-0.049,,,,
12406,10/27/19 05:53:38 AM,,,99.303,,,,,
12407,10/27/19 05:55:18 AM,99.230,18.140,,-0.050,,,,
12408,10/27/19 05:55:38 AM,,,99.281,,,,,
12409,10/27/19 05:57:18 AM,99.242,18.140,,-0.048,,,,
12410,10/27/19 05:57:38 AM,,,99.281,,,,,
12411,10/27/19 05:59:18 AM,99.242,18.140,,-0.050,,,,
12412,10/27/19 05:59:38 AM,,,99.303,,,,,
12413,10/27/19 06:01:18 AM,99.230,18.140,,-0.050,,,,
12414,10/27/19 06:01:38 AM,,,99.292,,,,,
12415,10/27/19 06:03:18 AM,99.254,18.140,,-0.049,,,,
12416,10/27/19 06:03:38 AM,,,99.303,,,,,
12417,10/27/19 06:05:18 AM,99.265,18.140,,-0.049,,,,
12418,10/27/19 06:05:38 AM,,,99.314,,,,,
12419,10/27/19 06:07:18 AM,99.277,18.140,,-0.049,,,,
12420,10/27/19 06:07:38 AM,,,99.325,,,,,
12421,10/27/19 06:09:18 AM,99.289,18.140,,-0.049,,,,
12422,10/27/19 06:09:38 AM,,,99.336,,,,,
12423,10/27/19 06:11:18 AM,99.292,18.236,,-0.048,,,,
12424,10/27/19 06:11:38 AM,,,99.336,,,,,
12425,10/27/19 06:13:18 AM,99.292,18.236,,-0.048,,,,
12426,10/27/19 06:13:38 AM,,,99.325,,,,,
12427,10/27/19 06:15:18 AM,99.304,18.236,,-0.046,,,,
12428,10/27/19 06:15:38 AM,,,99.325,,,,,
12429,10/27/19 06:17:18 AM,99.304,18.236,,-0.049,,,,
12430,10/27/19 06:17:38 AM,,,99.357,,,,,
12431,10/27/19 06:19:18 AM,99.327,18.236,,-0.049,,,,
12432,10/27/19 06:19:38 AM,,,99.379,,,,,
12433,10/27/19 06:21:18 AM,99.362,18.236,,-0.048,,,,
12434,10/27/19 06:21:38 AM,,,99.412,,,,,
12435,10/27/19 06:23:18 AM,99.374,18.236,,-0.049,,,,
12436,10/27/19 06:23:38 AM,,,99.423,,,,,
12437,10/27/19 06:25:18 AM,99.374,18.236,,-0.050,,,,
12438,10/27/19 06:25:38 AM,,,99.434,,,,,
12439,10/27/19 06:27:18 AM,99.362,18.236,,-0.049,,,,
12440,10/27/19 06:27:38 AM,,,99.412,,,,,
12441,10/27/19 06:29:18 AM,99.362,18.236,,-0.048,,,,
12442,10/27/19 06:29:38 AM,,,99.401,,,,,
12443,10/27/19 06:31:18 AM,99.362,18.236,,-0.049,,,,
12444,10/27/19 06:31:38 AM,,,99.412,,,,,
12445,10/27/19 06:33:18 AM,99.385,18.236,,-0.049,,,,
12446,10/27/19 06:33:38 AM,,,99.434,,,,,
12447,10/27/19 06:35:18 AM,99.400,18.331,,-0.047,,,,
12448,10/27/19 06:35:38 AM,,,99.434,,,,,
12449,10/27/19 06:37:18 AM,99.400,18.331,,-0.048,,,,
12450,10/27/19 06:37:38 AM,,,99.445,,,,,
12451,10/27/19 06:39:18 AM,99.389,18.331,,-0.048,,,,
12452,10/27/19 06:39:38 AM,,,99.423,,,,,
12453,10/27/19 06:41:18 AM,99.389,18.331,,-0.046,,,,
12454,10/27/19 06:41:38 AM,,,99.401,,,,,
12455,10/27/19 06:43:18 AM,99.377,18.331,,-0.046,,,,
12456,10/27/19 06:43:38 AM,,,99.401,,,,,
12457,10/27/19 06:45:18 AM,99.365,18.331,,-0.049,,,,
12458,10/27/19 06:45:38 AM,,,99.412,,,,,
12459,10/27/19 06:47:18 AM,99.365,18.331,,-0.047,,,,
12460,10/27/19 06:47:38 AM,,,99.390,,,,,
12461,10/27/19 06:49:18 AM,99.365,18.331,,-0.047,,,,
12462,10/27/19 06:49:38 AM,,,99.401,,,,,
12463,10/27/19 06:51:18 AM,99.389,18.331,,-0.045,,,,
12464,10/27/19 06:51:38 AM,,,99.401,,,,,
12465,10/27/19 06:53:18 AM,99.377,18.331,,-0.047,,,,
12466,10/27/19 06:53:38 AM,,,99.412,,,,,
12467,10/27/19 06:55:18 AM,99.389,18.331,,-0.046,,,,
12468,10/27/19 06:55:38 AM,,,99.412,,,,,
12469,10/27/19 06:57:18 AM,99.389,18.331,,-0.046,,,,
12470,10/27/19 06:57:38 AM,,,99.412,,,,,
12471,10/27/19 06:59:18 AM,99.389,18.331,,-0.047,,,,
12472,10/27/19 06:59:38 AM,,,99.423,,,,,
12473,10/27/19 07:01:18 AM,99.377,18.331,,-0.050,,,,
12474,10/27/19 07:01:38 AM,,,99.434,,,,,
12475,10/27/19 07:03:18 AM,99.412,18.331,,-0.046,,,,
12476,10/27/19 07:03:38 AM,,,99.434,,,,,
12477,10/27/19 07:05:18 AM,99.412,18.331,,-0.048,,,,
12478,10/27/19 07:05:38 AM,,,99.455,,,,,
12479,10/27/19 07:07:18 AM,99.412,18.331,,-0.049,,,,
12480,10/27/19 07:07:38 AM,,,99.466,,,,,
12481,10/27/19 07:09:18 AM,99.447,18.331,,-0.048,,,,
12482,10/27/19 07:09:38 AM,,,99.492,,,,,
12483,10/27/19 07:11:18 AM,99.459,18.331,,-0.050,,,,
12484,10/27/19 07:11:38 AM,,,99.521,,,,,
12485,10/27/19 07:13:18 AM,99.485,18.426,,-0.050,,,,
12486,10/27/19 07:13:38 AM,,,99.554,,,,,
12487,10/27/19 07:15:18 AM,99.509,18.426,,-0.049,,,,
12488,10/27/19 07:15:38 AM,,,99.564,,,,,
12489,10/27/19 07:17:18 AM,99.532,18.426,,-0.049,,,,
12490,10/27/19 07:17:38 AM,,,99.590,,,,,
12491,10/27/19 07:19:18 AM,99.544,18.426,,-0.048,,,,
12492,10/27/19 07:19:38 AM,,,99.579,,,,,
12493,10/27/19 07:21:18 AM,99.567,18.426,,-0.047,,,,
12494,10/27/19 07:21:38 AM,,,99.601,,,,,
12495,10/27/19 07:23:18 AM,99.567,18.426,,-0.048,,,,
12496,10/27/19 07:23:38 AM,,,99.612,,,,,
12497,10/27/19 07:25:18 AM,99.544,18.426,,-0.051,,,,
12498,10/27/19 07:25:38 AM,,,99.612,,,,,
12499,10/27/19 07:27:18 AM,99.555,18.426,,-0.049,,,,
12500,10/27/19 07:27:38 AM,,,99.601,,,,,
12501,10/27/19 07:29:18 AM,99.555,18.426,,-0.049,,,,
12502,10/27/19 07:29:38 AM,,,99.601,,,,,
12503,10/27/19 07:31:18 AM,99.567,18.426,,-0.046,,,,
12504,10/27/19 07:31:38 AM,,,99.590,,,,,
12505,10/27/19 07:33:18 AM,99.567,18.426,,-0.047,,,,
12506,10/27/19 07:33:38 AM,,,99.601,,,,,
12507,10/27/19 07:35:18 AM,99.567,18.426,,-0.048,,,,
12508,10/27/19 07:35:38 AM,,,99.612,,,,,
12509,10/27/19 07:37:18 AM,99.555,18.426,,-0.050,,,,
12510,10/27/19 07:37:38 AM,,,99.612,,,,,
12511,10/27/19 07:39:18 AM,99.567,18.426,,-0.048,,,,
12512,10/27/19 07:39:38 AM,,,99.601,,,,,
12513,10/27/19 07:41:18 AM,99.555,18.426,,-0.049,,,,
12514,10/27/19 07:41:38 AM,,,99.601,,,,,
12515,10/27/19 07:43:18 AM,99.575,18.331,,-0.048,,,,
12516,10/27/19 07:43:38 AM,,,99.612,,,,,
12517,10/27/19 07:45:18 AM,99.552,18.331,,-0.051,,,,
12518,10/27/19 07:45:38 AM,,,99.623,,,,,
12519,10/27/19 07:47:18 AM,99.564,18.331,,-0.048,,,,
12520,10/27/19 07:47:38 AM,,,99.601,,,,,
12521,10/27/19 07:49:18 AM,99.552,18.331,,-0.048,,,,
12522,10/27/19 07:49:38 AM,,,99.590,,,,,
12523,10/27/19 07:51:18 AM,99.540,18.331,,-0.049,,,,
12524,10/27/19 07:51:38 AM,,,99.590,,,,,
12525,10/27/19 07:53:18 AM,99.517,18.331,,-0.050,,,,
12526,10/27/19 07:53:38 AM,,,99.568,,,,,
12527,10/27/19 07:55:18 AM,99.529,18.331,,-0.048,,,,
12528,10/27/19 07:55:38 AM,,,99.568,,,,,
12529,10/27/19 07:57:18 AM,99.529,18.331,,-0.048,,,,
12530,10/27/19 07:57:38 AM,,,99.568,,,,,
12531,10/27/19 07:59:18 AM,99.529,18.331,,-0.050,,,,
12532,10/27/19 07:59:38 AM,,,99.590,,,,,
12533,10/27/19 08:01:18 AM,99.540,18.331,,-0.049,,,,
12534,10/27/19 08:01:38 AM,,,99.590,,,,,
12535,10/27/19 08:03:18 AM,99.552,18.331,,-0.049,,,,
12536,10/27/19 08:03:38 AM,,,99.601,,,,,
12537,10/27/19 08:05:18 AM,99.540,18.331,,-0.050,,,,
12538,10/27/19 08:05:38 AM,,,99.601,,,,,
12539,10/27/19 08:07:18 AM,99.540,18.331,,-0.049,,,,
12540,10/27/19 08:07:38 AM,,,99.590,,,,,
12541,10/27/19 08:09:18 AM,99.540,18.331,,-0.048,,,,
12542,10/27/19 08:09:38 AM,,,99.579,,,,,
12543,10/27/19 08:11:18 AM,99.517,18.331,,-0.050,,,,
12544,10/27/19 08:11:38 AM,,,99.579,,,,,
12545,10/27/19 08:13:18 AM,99.529,18.331,,-0.049,,,,
12546,10/27/19 08:13:38 AM,,,99.579,,,,,
12547,10/27/19 08:15:18 AM,99.529,18.331,,-0.048,,,,
12548,10/27/19 08:15:38 AM,,,99.568,,,,,
12549,10/27/19 08:17:18 AM,99.517,18.331,,-0.051,,,,
12550,10/27/19 08:17:38 AM,,,99.590,,,,,
12551,10/27/19 08:19:18 AM,99.540,18.331,,-0.050,,,,
12552,10/27/19 08:19:38 AM,,,99.601,,,,,
12553,10/27/19 08:21:18 AM,99.540,18.331,,-0.050,,,,
12554,10/27/19 08:21:38 AM,,,99.601,,,,,
12555,10/27/19 08:23:18 AM,99.564,18.331,,-0.051,,,,
12556,10/27/19 08:23:38 AM,,,99.634,,,,,
12557,10/27/19 08:25:18 AM,99.564,18.331,,-0.049,,,,
12558,10/27/19 08:25:38 AM,,,99.612,,,,,
12559,10/27/19 08:27:18 AM,99.552,18.331,,-0.051,,,,
12560,10/27/19 08:27:38 AM,,,99.623,,,,,
12561,10/27/19 08:29:18 AM,99.540,18.331,,-0.052,,,,
12562,10/27/19 08:29:38 AM,,,99.623,,,,,
12563,10/27/19 08:31:18 AM,99.599,18.331,,-0.048,,,,
12564,10/27/19 08:31:38 AM,,,99.645,,,,,
12565,10/27/19 08:33:18 AM,99.599,18.331,,-0.050,,,,
12566,10/27/19 08:33:38 AM,,,99.656,,,,,
12567,10/27/19 08:35:18 AM,99.622,18.331,,-0.048,,,,
12568,10/27/19 08:35:38 AM,,,99.666,,,,,
12569,10/27/19 08:37:18 AM,99.645,18.331,,-0.048,,,,
12570,10/27/19 08:37:38 AM,,,99.688,,,,,
12571,10/27/19 08:39:18 AM,99.654,18.236,,-0.048,,,,
12572,10/27/19 08:39:38 AM,,,99.699,,,,,
12573,10/27/19 08:41:18 AM,99.666,18.236,,-0.048,,,,
12574,10/27/19 08:41:38 AM,,,99.710,,,,,
12575,10/27/19 08:43:18 AM,99.689,18.236,,-0.048,,,,
12576,10/27/19 08:43:38 AM,,,99.732,,,,,
12577,10/27/19 08:45:18 AM,99.712,18.236,,-0.047,,,,
12578,10/27/19 08:45:38 AM,,,99.743,,,,,
12579,10/27/19 08:47:18 AM,99.712,18.236,,-0.046,,,,
12580,10/27/19 08:47:38 AM,,,99.732,,,,,
12581,10/27/19 08:49:18 AM,99.689,18.236,,-0.047,,,,
12582,10/27/19 08:49:38 AM,,,99.721,,,,,
12583,10/27/19 08:51:18 AM,99.689,18.236,,-0.047,,,,
12584,10/27/19 08:51:38 AM,,,99.721,,,,,
12585,10/27/19 08:53:18 AM,99.666,18.236,,-0.046,,,,
12586,10/27/19 08:53:38 AM,,,99.677,,,,,
12587,10/27/19 08:55:18 AM,99.634,18.331,,-0.047,,,,
12588,10/27/19 08:55:38 AM,,,99.656,,,,,
12589,10/27/19 08:57:18 AM,99.599,18.331,,-0.046,,,,
12590,10/27/19 08:57:38 AM,,,99.612,,,,,
12591,10/27/19 08:59:18 AM,99.540,18.331,,-0.049,,,,
12592,10/27/19 08:59:38 AM,,,99.590,,,,,
12593,10/27/19 09:01:18 AM,99.540,18.331,,-0.048,,,,
12594,10/27/19 09:01:38 AM,,,99.579,,,,,
12595,10/27/19 09:03:18 AM,99.552,18.331,,-0.048,,,,
12596,10/27/19 09:03:38 AM,,,99.590,,,,,
12597,10/27/19 09:05:18 AM,99.564,18.331,,-0.049,,,,
12598,10/27/19 09:05:38 AM,,,99.623,,,,,
12599,10/27/19 09:07:18 AM,99.552,18.331,,-0.051,,,,
12600,10/27/19 09:07:38 AM,,,99.623,,,,,
12601,10/27/19 09:09:18 AM,99.579,18.426,,-0.049,,,,
12602,10/27/19 09:09:38 AM,,,99.634,,,,,
12603,10/27/19 09:11:18 AM,99.590,18.426,,-0.049,,,,
12604,10/27/19 09:11:38 AM,,,99.645,,,,,
12605,10/27/19 09:13:18 AM,99.602,18.426,,-0.047,,,,
12606,10/27/19 09:13:38 AM,,,99.634,,,,,
12607,10/27/19 09:15:18 AM,99.602,18.426,,-0.049,,,,
12608,10/27/19 09:15:38 AM,,,99.656,,,,,
12609,10/27/19 09:17:18 AM,99.582,18.521,,-0.050,,,,
12610,10/27/19 09:17:38 AM,,,99.634,,,,,
12611,10/27/19 09:19:18 AM,99.582,18.521,,-0.049,,,,
12612,10/27/19 09:19:38 AM,,,99.634,,,,,
12613,10/27/19 09:21:18 AM,99.594,18.521,,-0.048,,,,
12614,10/27/19 09:21:38 AM,,,99.634,,,,,
12615,10/27/19 09:23:18 AM,99.582,18.521,,-0.048,,,,
12616,10/27/19 09:23:38 AM,,,99.623,,,,,
12617,10/27/19 09:25:18 AM,99.594,18.521,,-0.049,,,,
12618,10/27/19 09:25:38 AM,,,99.645,,,,,
12619,10/27/19 09:27:18 AM,99.605,18.521,,-0.048,,,,
12620,10/27/19 09:27:38 AM,,,99.645,,,,,
12621,10/27/19 09:29:18 AM,99.594,18.521,,-0.049,,,,
12622,10/27/19 09:29:38 AM,,,99.645,,,,,
12623,10/27/19 09:31:18 AM,99.594,18.521,,-0.048,,,,
12624,10/27/19 09:31:38 AM,,,99.634,,,,,
12625,10/27/19 09:33:18 AM,99.582,18.521,,-0.048,,,,
12626,10/27/19 09:33:38 AM,,,99.623,,,,,
12627,10/27/19 09:35:18 AM,99.605,18.521,,-0.048,,,,
12628,10/27/19 09:35:38 AM,,,99.645,,,,,
12629,10/27/19 09:37:18 AM,99.620,18.616,,-0.046,,,,
12630,10/27/19 09:37:38 AM,,,99.645,,,,,
12631,10/27/19 09:39:18 AM,99.597,18.616,,-0.047,,,,
12632,10/27/19 09:39:38 AM,,,99.623,,,,,
12633,10/27/19 09:41:18 AM,99.585,18.616,,-0.050,,,,
12634,10/27/19 09:41:38 AM,,,99.645,,,,,
12635,10/27/19 09:43:18 AM,99.620,18.616,,-0.046,,,,
12636,10/27/19 09:43:38 AM,,,99.645,,,,,
12637,10/27/19 09:45:18 AM,99.620,18.616,,-0.048,,,,
12638,10/27/19 09:45:38 AM,,,99.666,,,,,
12639,10/27/19 09:47:18 AM,99.632,18.616,,-0.046,,,,
12640,10/27/19 09:47:38 AM,,,99.645,,,,,
12641,10/27/19 09:49:18 AM,99.632,18.616,,-0.047,,,,
12642,10/27/19 09:49:38 AM,,,99.666,,,,,
12643,10/27/19 09:51:18 AM,99.655,18.616,,-0.046,,,,
12644,10/27/19 09:51:38 AM,,,99.677,,,,,
12645,10/27/19 09:53:18 AM,99.644,18.616,,-0.046,,,,
12646,10/27/19 09:53:38 AM,,,99.666,,,,,
12647,10/27/19 09:55:18 AM,99.644,18.616,,-0.043,,,,
12648,10/27/19 09:55:38 AM,,,99.634,,,,,
12649,10/27/19 09:57:18 AM,99.597,18.616,,-0.047,,,,
12650,10/27/19 09:57:38 AM,,,99.623,,,,,
12651,10/27/19 09:59:18 AM,99.609,18.616,,-0.045,,,,
12652,10/27/19 09:59:38 AM,,,99.623,,,,,
12653,10/27/19 10:01:18 AM,99.597,18.616,,-0.048,,,,
12654,10/27/19 10:01:38 AM,,,99.645,,,,,
12655,10/27/19 10:03:18 AM,99.644,18.616,,-0.045,,,,
12656,10/27/19 10:03:38 AM,,,99.656,,,,,
12657,10/27/19 10:05:18 AM,99.632,18.616,,-0.046,,,,
12658,10/27/19 10:05:38 AM,,,99.656,,,,,
12659,10/27/19 10:07:18 AM,99.655,18.616,,-0.046,,,,
12660,10/27/19 10:07:38 AM,,,99.677,,,,,
12661,10/27/19 10:09:18 AM,99.632,18.616,,-0.047,,,,
12662,10/27/19 10:09:38 AM,,,99.656,,,,,
12663,10/27/19 10:11:18 AM,99.609,18.616,,-0.049,,,,
12664,10/27/19 10:11:38 AM,,,99.656,,,,,
12665,10/27/19 10:13:18 AM,99.632,18.616,,-0.046,,,,
12666,10/27/19 10:13:38 AM,,,99.656,,,,,
12667,10/27/19 10:15:18 AM,99.644,18.616,,-0.045,,,,
12668,10/27/19 10:15:38 AM,,,99.656,,,,,
12669,10/27/19 10:17:18 AM,99.632,18.616,,-0.045,,,,
12670,10/27/19 10:17:38 AM,,,99.645,,,,,
12671,10/27/19 10:19:18 AM,99.620,18.616,,-0.046,,,,
12672,10/27/19 10:19:38 AM,,,99.634,,,,,
12673,10/27/19 10:21:18 AM,99.609,18.616,,-0.045,,,,
12674,10/27/19 10:21:38 AM,,,99.612,,,,,
12675,10/27/19 10:23:18 AM,99.585,18.616,,-0.046,,,,
12676,10/27/19 10:23:38 AM,,,99.601,,,,,
12677,10/27/19 10:25:18 AM,99.562,18.616,,-0.049,,,,
12678,10/27/19 10:25:38 AM,,,99.612,,,,,
12679,10/27/19 10:27:18 AM,99.574,18.616,,-0.049,,,,
12680,10/27/19 10:27:38 AM,,,99.623,,,,,
12681,10/27/19 10:29:18 AM,99.597,18.616,,-0.047,,,,
12682,10/27/19 10:29:38 AM,,,99.623,,,,,
12683,10/27/19 10:31:18 AM,99.585,18.616,,-0.048,,,,
12684,10/27/19 10:31:38 AM,,,99.623,,,,,
12685,10/27/19 10:33:18 AM,99.585,18.616,,-0.047,,,,
12686,10/27/19 10:33:38 AM,,,99.612,,,,,
12687,10/27/19 10:35:18 AM,99.597,18.616,,-0.047,,,,
12688,10/27/19 10:35:38 AM,,,99.634,,,,,
12689,10/27/19 10:37:18 AM,99.597,18.616,,-0.048,,,,
12690,10/27/19 10:37:38 AM,,,99.634,,,,,
12691,10/27/19 10:39:18 AM,99.597,18.616,,-0.047,,,,
12692,10/27/19 10:39:38 AM,,,99.623,,,,,
12693,10/27/19 10:41:18 AM,99.585,18.616,,-0.048,,,,
12694,10/27/19 10:41:38 AM,,,99.623,,,,,
12695,10/27/19 10:43:18 AM,99.597,18.616,,-0.048,,,,
12696,10/27/19 10:43:38 AM,,,99.645,,,,,
12697,10/27/19 10:45:18 AM,99.632,18.616,,-0.046,,,,
12698,10/27/19 10:45:38 AM,,,99.656,,,,,
12699,10/27/19 10:47:18 AM,99.620,18.616,,-0.047,,,,
12700,10/27/19 10:47:38 AM,,,99.645,,,,,
12701,10/27/19 10:49:18 AM,99.620,18.616,,-0.047,,,,
12702,10/27/19 10:49:38 AM,,,99.656,,,,,
12703,10/27/19 10:51:18 AM,99.620,18.616,,-0.049,,,,
12704,10/27/19 10:51:38 AM,,,99.677,,,,,
12705,10/27/19 10:53:18 AM,99.632,18.616,,-0.049,,,,
12706,10/27/19 10:53:38 AM,,,99.677,,,,,
12707,10/27/19 10:55:18 AM,99.632,18.616,,-0.049,,,,
12708,10/27/19 10:55:38 AM,,,99.677,,,,,
12709,10/27/19 10:57:18 AM,99.635,18.711,,-0.047,,,,
12710,10/27/19 10:57:38 AM,,,99.666,,,,,
12711,10/27/19 10:59:18 AM,99.659,18.711,,-0.047,,,,
12712,10/27/19 10:59:38 AM,,,99.688,,,,,
12713,10/27/19 11:01:18 AM,99.635,18.711,,-0.049,,,,
12714,10/27/19 11:01:38 AM,,,99.688,,,,,
12715,10/27/19 11:03:18 AM,99.635,18.711,,-0.047,,,,
12716,10/27/19 11:03:38 AM,,,99.656,,,,,
12717,10/27/19 11:05:18 AM,99.659,18.711,,-0.046,,,,
12718,10/27/19 11:05:38 AM,,,99.688,,,,,
12719,10/27/19 11:07:18 AM,99.659,18.711,,-0.046,,,,
12720,10/27/19 11:07:38 AM,,,99.677,,,,,
12721,10/27/19 11:09:18 AM,99.647,18.711,,-0.046,,,,
12722,10/27/19 11:09:38 AM,,,99.666,,,,,
12723,10/27/19 11:11:18 AM,99.635,18.711,,-0.046,,,,
12724,10/27/19 11:11:38 AM,,,99.656,,,,,
12725,10/27/19 11:13:18 AM,99.635,18.711,,-0.047,,,,
12726,10/27/19 11:13:38 AM,,,99.670,,,,,
12727,10/27/19 11:15:18 AM,99.612,18.711,,-0.048,,,,
12728,10/27/19 11:15:38 AM,,,99.649,,,,,
12729,10/27/19 11:17:18 AM,99.647,18.711,,-0.045,,,,
12730,10/27/19 11:17:38 AM,,,99.659,,,,,
12731,10/27/19 11:19:18 AM,99.635,18.711,,-0.047,,,,
12732,10/27/19 11:19:38 AM,,,99.670,,,,,
12733,10/27/19 11:21:18 AM,99.647,18.711,,-0.046,,,,
12734,10/27/19 11:21:38 AM,,,99.670,,,,,
12735,10/27/19 11:23:18 AM,99.647,18.711,,-0.045,,,,
12736,10/27/19 11:23:38 AM,,,99.659,,,,,
12737,10/27/19 11:25:18 AM,99.647,18.711,,-0.045,,,,
12738,10/27/19 11:25:38 AM,,,99.659,,,,,
12739,10/27/19 11:27:18 AM,99.624,18.711,,-0.047,,,,
12740,10/27/19 11:27:38 AM,,,99.649,,,,,
12741,10/27/19 11:29:18 AM,99.635,18.711,,-0.045,,,,
12742,10/27/19 11:29:38 AM,,,99.649,,,,,
12743,10/27/19 11:31:18 AM,99.624,18.711,,-0.046,,,,
12744,10/27/19 11:31:38 AM,,,99.649,,,,,
12745,10/27/19 11:33:18 AM,99.624,18.711,,-0.046,,,,
12746,10/27/19 11:33:38 AM,,,99.638,,,,,
12747,10/27/19 11:35:18 AM,99.624,18.711,,-0.043,,,,
12748,10/27/19 11:35:38 AM,,,99.616,,,,,
12749,10/27/19 11:37:18 AM,99.600,18.711,,-0.046,,,,
12750,10/27/19 11:37:38 AM,,,99.616,,,,,
12751,10/27/19 11:39:18 AM,99.600,18.711,,-0.045,,,,
12752,10/27/19 11:39:38 AM,,,99.605,,,,,
12753,10/27/19 11:41:18 AM,99.580,18.806,,-0.046,,,,
12754,10/27/19 11:41:38 AM,,,99.594,,,,,
12755,10/27/19 11:43:18 AM,99.568,18.806,,-0.047,,,,
12756,10/27/19 11:43:38 AM,,,99.594,,,,,
12757,10/27/19 11:45:18 AM,99.580,18.806,,-0.043,,,,
12758,10/27/19 11:45:38 AM,,,99.561,,,,,
12759,10/27/19 11:47:18 AM,99.557,18.806,,-0.043,,,,
12760,10/27/19 11:47:38 AM,,,99.551,,,,,
12761,10/27/19 11:49:18 AM,99.545,18.806,,-0.045,,,,
12762,10/27/19 11:49:38 AM,,,99.551,,,,,
12763,10/27/19 11:51:18 AM,99.545,18.806,,-0.043,,,,
12764,10/27/19 11:51:38 AM,,,99.529,,,,,
12765,10/27/19 11:53:18 AM,99.522,18.806,,-0.046,,,,
12766,10/27/19 11:53:38 AM,,,99.540,,,,,
12767,10/27/19 11:55:18 AM,99.510,18.806,,-0.047,,,,
12768,10/27/19 11:55:38 AM,,,99.540,,,,,
12769,10/27/19 11:57:18 AM,99.510,18.806,,-0.044,,,,
12770,10/27/19 11:57:38 AM,,,99.507,,,,,
12771,10/27/19 11:59:18 AM,99.475,18.806,,-0.044,,,,
12772,10/27/19 11:59:38 AM,,,99.474,,,,,
12773,10/27/19 12:01:18 PM,99.420,18.901,,-0.045,,,,
12774,10/27/19 12:01:38 PM,,,99.420,,,,,
12775,10/27/19 12:03:18 PM,99.385,18.901,,-0.043,,,,
12776,10/27/19 12:03:38 PM,,,99.365,,,,,
12777,10/27/19 12:05:18 PM,99.338,18.901,,-0.043,,,,
12778,10/27/19 12:05:38 PM,,,99.322,,,,,
12779,10/27/19 12:07:18 PM,99.338,18.901,,-0.046,,,,
12780,10/27/19 12:07:38 PM,,,99.365,,,,,
12781,10/27/19 12:09:18 PM,99.443,18.901,,-0.046,,,,
12782,10/27/19 12:09:38 PM,,,99.485,,,,,
12783,10/27/19 12:11:18 PM,99.587,18.996,,-0.046,,,,
12784,10/27/19 12:11:38 PM,,,99.627,,,,,
12785,10/27/19 12:13:18 PM,99.680,18.996,,-0.044,,,,
12786,10/27/19 12:13:38 PM,,,99.696,,,,,
12787,10/27/19 12:15:18 PM,99.680,18.996,,-0.042,,,,
12788,10/27/19 12:15:38 PM,,,99.653,,,,,
12789,10/27/19 12:17:18 PM,99.622,18.996,,-0.042,,,,
12790,10/27/19 12:17:38 PM,,,99.598,,,,,
12791,10/27/19 12:19:18 PM,99.610,18.996,,-0.044,,,,
12792,10/27/19 12:19:38 PM,,,99.609,,,,,
12793,10/27/19 12:21:18 PM,99.648,19.092,,-0.045,,,,
12794,10/27/19 12:21:38 PM,,,99.663,,,,,
12795,10/27/19 12:23:18 PM,99.660,19.092,,-0.045,,,,
12796,10/27/19 12:23:38 PM,,,99.674,,,,,
12797,10/27/19 12:25:18 PM,99.648,19.092,,-0.040,,,,
12798,10/27/19 12:25:38 PM,,,99.598,,,,,
12799,10/27/19 12:27:18 PM,99.582,19.187,,-0.043,,,,
12800,10/27/19 12:27:38 PM,,,99.565,,,,,
12801,10/27/19 12:29:18 PM,99.547,19.187,,-0.045,,,,
12802,10/27/19 12:29:38 PM,,,99.554,,,,,
12803,10/27/19 12:31:18 PM,99.593,19.187,,-0.044,,,,
12804,10/27/19 12:31:38 PM,,,99.598,,,,,
12805,10/27/19 12:33:18 PM,99.608,19.282,,-0.040,,,,
12806,10/27/19 12:33:38 PM,,,99.565,,,,,
12807,10/27/19 12:35:18 PM,99.527,19.282,,-0.042,,,,
12808,10/27/19 12:35:38 PM,,,99.500,,,,,
12809,10/27/19 12:37:18 PM,99.480,19.282,,-0.043,,,,
12810,10/27/19 12:37:38 PM,,,99.467,,,,,
12811,10/27/19 12:39:18 PM,99.480,19.282,,-0.044,,,,
12812,10/27/19 12:39:38 PM,,,99.478,,,,,
12813,10/27/19 12:41:18 PM,99.456,19.282,,-0.043,,,,
12814,10/27/19 12:41:38 PM,,,99.445,,,,,
12815,10/27/19 12:43:18 PM,99.445,19.282,,-0.042,,,,
12816,10/27/19 12:43:38 PM,,,99.424,,,,,
12817,10/27/19 12:45:18 PM,99.421,19.282,,-0.044,,,,
12818,10/27/19 12:45:38 PM,,,99.424,,,,,
12819,10/27/19 12:47:18 PM,99.398,19.282,,-0.041,,,,
12820,10/27/19 12:47:38 PM,,,99.358,,,,,
12821,10/27/19 12:49:18 PM,99.375,19.282,,-0.043,,,,
12822,10/27/19 12:49:38 PM,,,99.369,,,,,
12823,10/27/19 12:51:18 PM,99.386,19.282,,-0.042,,,,
12824,10/27/19 12:51:38 PM,,,99.369,,,,,
12825,10/27/19 12:53:18 PM,99.363,19.282,,-0.043,,,,
12826,10/27/19 12:53:38 PM,,,99.347,,,,,
12827,10/27/19 12:55:18 PM,99.320,19.377,,-0.043,,,,
12828,10/27/19 12:55:38 PM,,,99.304,,,,,
12829,10/27/19 12:57:18 PM,99.320,19.377,,-0.042,,,,
12830,10/27/19 12:57:38 PM,,,99.304,,,,,
12831,10/27/19 12:59:18 PM,99.320,19.377,,-0.042,,,,
12832,10/27/19 12:59:38 PM,,,99.304,,,,,
12833,10/27/19 01:01:18 PM,99.296,19.377,,-0.043,,,,
12834,10/27/19 01:01:38 PM,,,99.286,,,,,
12835,10/27/19 01:03:18 PM,99.296,19.377,,-0.042,,,,
12836,10/27/19 01:03:38 PM,,,99.275,,,,,
12837,10/27/19 01:05:18 PM,99.296,19.377,,-0.046,,,,
12838,10/27/19 01:05:38 PM,,,99.319,,,,,
12839,10/27/19 01:07:18 PM,99.343,19.377,,-0.043,,,,
12840,10/27/19 01:07:38 PM,,,99.340,,,,,
12841,10/27/19 01:09:18 PM,99.355,19.377,,-0.044,,,,
12842,10/27/19 01:09:38 PM,,,99.362,,,,,
12843,10/27/19 01:11:18 PM,99.355,19.377,,-0.044,,,,
12844,10/27/19 01:11:38 PM,,,99.351,,,,,
12845,10/27/19 01:13:18 PM,99.323,19.472,,-0.043,,,,
12846,10/27/19 01:13:38 PM,,,99.308,,,,,
12847,10/27/19 01:15:18 PM,99.288,19.472,,-0.042,,,,
12848,10/27/19 01:15:38 PM,,,99.264,,,,,
12849,10/27/19 01:17:18 PM,99.229,19.472,,-0.044,,,,
12850,10/27/19 01:17:38 PM,,,99.221,,,,,
12851,10/27/19 01:19:18 PM,99.206,19.472,,-0.048,,,,
12852,10/27/19 01:19:38 PM,,,99.253,,,,,
12853,10/27/19 01:21:18 PM,99.303,19.567,,-0.045,,,,
12854,10/27/19 01:21:38 PM,,,99.330,,,,,
12855,10/27/19 01:23:18 PM,99.373,19.567,,-0.043,,,,
12856,10/27/19 01:23:38 PM,,,99.373,,,,,
12857,10/27/19 01:25:18 PM,99.376,19.662,,-0.043,,,,
12858,10/27/19 01:25:38 PM,,,99.362,,,,,
12859,10/27/19 01:27:18 PM,99.353,19.662,,-0.043,,,,
12860,10/27/19 01:27:38 PM,,,99.340,,,,,
12861,10/27/19 01:29:18 PM,99.368,19.758,,-0.043,,,,
12862,10/27/19 01:29:38 PM,,,99.362,,,,,
12863,10/27/19 01:31:18 PM,99.368,19.758,,-0.043,,,,
12864,10/27/19 01:31:38 PM,,,99.362,,,,,
12865,10/27/19 01:33:18 PM,99.383,19.853,,-0.043,,,,
12866,10/27/19 01:33:38 PM,,,99.373,,,,,
12867,10/27/19 01:35:18 PM,99.383,19.853,,-0.044,,,,
12868,10/27/19 01:35:38 PM,,,99.388,,,,,
12869,10/27/19 01:37:18 PM,99.348,19.853,,-0.044,,,,
12870,10/27/19 01:37:38 PM,,,99.344,,,,,
12871,10/27/19 01:39:18 PM,99.301,19.853,,-0.047,,,,
12872,10/27/19 01:39:38 PM,,,99.323,,,,,
12873,10/27/19 01:41:18 PM,99.281,19.948,,-0.045,,,,
12874,10/27/19 01:41:38 PM,,,99.290,,,,,
12875,10/27/19 01:43:18 PM,99.269,19.948,,-0.044,,,,
12876,10/27/19 01:43:38 PM,,,99.268,,,,,
12877,10/27/19 01:45:18 PM,99.269,19.948,,-0.044,,,,
12878,10/27/19 01:45:38 PM,,,99.268,,,,,
12879,10/27/19 01:47:18 PM,99.281,19.948,,-0.043,,,,
12880,10/27/19 01:47:38 PM,,,99.268,,,,,
12881,10/27/19 01:49:18 PM,99.269,19.948,,-0.043,,,,
12882,10/27/19 01:49:38 PM,,,99.257,,,,,
12883,10/27/19 01:51:18 PM,99.234,19.948,,-0.045,,,,
12884,10/27/19 01:51:38 PM,,,99.246,,,,,
12885,10/27/19 01:53:18 PM,99.246,19.948,,-0.043,,,,
12886,10/27/19 01:53:38 PM,,,99.235,,,,,
12887,10/27/19 01:55:18 PM,99.246,19.948,,-0.044,,,,
12888,10/27/19 01:55:38 PM,,,99.246,,,,,
12889,10/27/19 01:57:18 PM,99.243,19.853,,-0.046,,,,
12890,10/27/19 01:57:38 PM,,,99.268,,,,,
12891,10/27/19 01:59:18 PM,99.266,19.853,,-0.045,,,,
12892,10/27/19 01:59:38 PM,,,99.279,,,,,
12893,10/27/19 02:01:18 PM,99.258,19.948,,-0.047,,,,
12894,10/27/19 02:01:38 PM,,,99.290,,,,,
12895,10/27/19 02:03:18 PM,99.258,19.948,,-0.046,,,,
12896,10/27/19 02:03:38 PM,,,99.279,,,,,
12897,10/27/19 02:05:18 PM,99.258,19.948,,-0.046,,,,
12898,10/27/19 02:05:38 PM,,,99.283,,,,,
12899,10/27/19 02:07:18 PM,99.281,19.948,,-0.045,,,,
12900,10/27/19 02:07:38 PM,,,99.294,,,,,
12901,10/27/19 02:09:18 PM,99.269,19.948,,-0.046,,,,
12902,10/27/19 02:09:38 PM,,,99.294,,,,,
12903,10/27/19 02:11:18 PM,99.269,19.948,,-0.046,,,,
12904,10/27/19 02:11:38 PM,,,99.283,,,,,
12905,10/27/19 02:13:18 PM,99.258,19.948,,-0.045,,,,
12906,10/27/19 02:13:38 PM,,,99.261,,,,,
12907,10/27/19 02:15:18 PM,99.246,19.948,,-0.046,,,,
12908,10/27/19 02:15:38 PM,,,99.272,,,,,
12909,10/27/19 02:17:18 PM,99.269,19.948,,-0.044,,,,
12910,10/27/19 02:17:38 PM,,,99.272,,,,,
12911,10/27/19 02:19:18 PM,99.246,19.948,,-0.046,,,,
12912,10/27/19 02:19:38 PM,,,99.261,,,,,
12913,10/27/19 02:21:18 PM,99.234,19.948,,-0.045,,,,
12914,10/27/19 02:21:38 PM,,,99.239,,,,,
12915,10/27/19 02:23:18 PM,99.223,19.948,,-0.045,,,,
12916,10/27/19 02:23:38 PM,,,99.228,,,,,
12917,10/27/19 02:25:18 PM,99.199,19.948,,-0.046,,,,
12918,10/27/19 02:25:38 PM,,,99.217,,,,,
12919,10/27/19 02:27:18 PM,99.187,19.948,,-0.047,,,,
12920,10/27/19 02:27:38 PM,,,99.217,,,,,
12921,10/27/19 02:29:18 PM,99.199,19.948,,-0.045,,,,
12922,10/27/19 02:29:38 PM,,,99.207,,,,,
12923,10/27/19 02:31:18 PM,99.161,19.853,,-0.045,,,,
12924,10/27/19 02:31:38 PM,,,99.163,,,,,
12925,10/27/19 02:33:18 PM,99.126,19.853,,-0.044,,,,
12926,10/27/19 02:33:38 PM,,,99.119,,,,,
12927,10/27/19 02:35:18 PM,99.102,19.853,,-0.044,,,,
12928,10/27/19 02:35:38 PM,,,99.098,,,,,
12929,10/27/19 02:37:18 PM,99.091,19.853,,-0.046,,,,
12930,10/27/19 02:37:38 PM,,,99.112,,,,,
12931,10/27/19 02:39:18 PM,99.091,19.853,,-0.046,,,,
12932,10/27/19 02:39:38 PM,,,99.112,,,,,
12933,10/27/19 02:41:18 PM,99.091,19.853,,-0.048,,,,
12934,10/27/19 02:41:38 PM,,,99.134,,,,,
12935,10/27/19 02:43:18 PM,99.091,19.853,,-0.047,,,,
12936,10/27/19 02:43:38 PM,,,99.123,,,,,
12937,10/27/19 02:45:18 PM,99.091,19.853,,-0.047,,,,
12938,10/27/19 02:45:38 PM,,,99.123,,,,,
12939,10/27/19 02:47:18 PM,99.087,19.758,,-0.048,,,,
12940,10/27/19 02:47:38 PM,,,99.123,,,,,
12941,10/27/19 02:49:18 PM,99.099,19.758,,-0.046,,,,
12942,10/27/19 02:49:38 PM,,,99.123,,,,,
12943,10/27/19 02:51:18 PM,99.114,19.853,,-0.045,,,,
12944,10/27/19 02:51:38 PM,,,99.123,,,,,
12945,10/27/19 02:53:18 PM,99.126,19.853,,-0.046,,,,
12946,10/27/19 02:53:38 PM,,,99.156,,,,,
12947,10/27/19 02:55:18 PM,99.149,19.853,,-0.047,,,,
12948,10/27/19 02:55:38 PM,,,99.178,,,,,
12949,10/27/19 02:57:18 PM,99.149,19.853,,-0.046,,,,
12950,10/27/19 02:57:38 PM,,,99.167,,,,,
12951,10/27/19 02:59:18 PM,99.149,19.853,,-0.047,,,,
12952,10/27/19 02:59:38 PM,,,99.178,,,,,
12953,10/27/19 03:01:18 PM,99.173,19.853,,-0.045,,,,
12954,10/27/19 03:01:38 PM,,,99.189,,,,,
12955,10/27/19 03:03:18 PM,99.137,19.853,,-0.047,,,,
12956,10/27/19 03:03:38 PM,,,99.167,,,,,
12957,10/27/19 03:05:18 PM,99.173,19.853,,-0.045,,,,
12958,10/27/19 03:05:38 PM,,,99.189,,,,,
12959,10/27/19 03:07:18 PM,99.149,19.853,,-0.047,,,,
12960,10/27/19 03:07:38 PM,,,99.178,,,,,
12961,10/27/19 03:09:18 PM,99.099,19.758,,-0.048,,,,
12962,10/27/19 03:09:38 PM,,,99.134,,,,,
12963,10/27/19 03:11:18 PM,99.122,19.758,,-0.050,,,,
12964,10/27/19 03:11:38 PM,,,99.189,,,,,
12965,10/27/19 03:13:18 PM,99.111,19.758,,-0.050,,,,
12966,10/27/19 03:13:38 PM,,,99.167,,,,,
12967,10/27/19 03:15:18 PM,99.122,19.758,,-0.049,,,,
12968,10/27/19 03:15:38 PM,,,99.178,,,,,
12969,10/27/19 03:17:18 PM,99.108,19.662,,-0.051,,,,
12970,10/27/19 03:17:38 PM,,,99.178,,,,,
12971,10/27/19 03:19:18 PM,99.119,19.662,,-0.049,,,,
12972,10/27/19 03:19:38 PM,,,99.167,,,,,
12973,10/27/19 03:21:18 PM,99.108,19.662,,-0.051,,,,
12974,10/27/19 03:21:38 PM,,,99.178,,,,,
12975,10/27/19 03:23:18 PM,99.108,19.662,,-0.048,,,,
12976,10/27/19 03:23:38 PM,,,99.145,,,,,
12977,10/27/19 03:25:18 PM,99.119,19.662,,-0.048,,,,
12978,10/27/19 03:25:38 PM,,,99.156,,,,,
12979,10/27/19 03:27:18 PM,99.116,19.567,,-0.048,,,,
12980,10/27/19 03:27:38 PM,,,99.156,,,,,
12981,10/27/19 03:29:18 PM,99.116,19.567,,-0.048,,,,
12982,10/27/19 03:29:38 PM,,,99.156,,,,,
12983,10/27/19 03:31:18 PM,99.104,19.567,,-0.048,,,,
12984,10/27/19 03:31:38 PM,,,99.145,,,,,
12985,10/27/19 03:33:18 PM,99.081,19.567,,-0.050,,,,
12986,10/27/19 03:33:38 PM,,,99.134,,,,,
12987,10/27/19 03:35:18 PM,99.081,19.567,,-0.047,,,,
12988,10/27/19 03:35:38 PM,,,99.112,,,,,
12989,10/27/19 03:37:18 PM,99.069,19.567,,-0.047,,,,
12990,10/27/19 03:37:38 PM,,,99.102,,,,,
12991,10/27/19 03:39:18 PM,99.057,19.567,,-0.049,,,,
12992,10/27/19 03:39:38 PM,,,99.102,,,,,
12993,10/27/19 03:41:18 PM,99.069,19.567,,-0.047,,,,
12994,10/27/19 03:41:38 PM,,,99.102,,,,,
12995,10/27/19 03:43:18 PM,99.078,19.472,,-0.046,,,,
12996,10/27/19 03:43:38 PM,,,99.102,,,,,
12997,10/27/19 03:45:18 PM,99.054,19.472,,-0.049,,,,
12998,10/27/19 03:45:38 PM,,,99.102,,,,,
12999,10/27/19 03:47:18 PM,99.031,19.472,,-0.049,,,,
13000,10/27/19 03:47:38 PM,,,99.080,,,,,
13001,10/27/19 03:49:18 PM,99.031,19.472,,-0.046,,,,
13002,10/27/19 03:49:38 PM,,,99.047,,,,,
13003,10/27/19 03:51:18 PM,99.019,19.472,,-0.048,,,,
13004,10/27/19 03:51:38 PM,,,99.058,,,,,
13005,10/27/19 03:53:18 PM,99.028,19.377,,-0.047,,,,
13006,10/27/19 03:53:38 PM,,,99.058,,,,,
13007,10/27/19 03:55:18 PM,99.028,19.377,,-0.050,,,,
13008,10/27/19 03:55:38 PM,,,99.091,,,,,
13009,10/27/19 03:57:18 PM,99.028,19.377,,-0.048,,,,
13010,10/27/19 03:57:38 PM,,,99.058,,,,,
13011,10/27/19 03:59:18 PM,99.016,19.377,,-0.049,,,,
13012,10/27/19 03:59:38 PM,,,99.069,,,,,
13013,10/27/19 04:01:18 PM,99.024,19.282,,-0.050,,,,
13014,10/27/19 04:01:38 PM,,,99.091,,,,,
13015,10/27/19 04:03:18 PM,99.059,19.282,,-0.050,,,,
13016,10/27/19 04:03:38 PM,,,99.123,,,,,
13017,10/27/19 04:05:18 PM,99.094,19.282,,-0.050,,,,
13018,10/27/19 04:05:38 PM,,,99.156,,,,,
13019,10/27/19 04:07:18 PM,99.106,19.282,,-0.049,,,,
13020,10/27/19 04:07:38 PM,,,99.156,,,,,
13021,10/27/19 04:09:18 PM,99.129,19.282,,-0.048,,,,
13022,10/27/19 04:09:38 PM,,,99.167,,,,,
13023,10/27/19 04:11:18 PM,99.138,19.187,,-0.048,,,,
13024,10/27/19 04:11:38 PM,,,99.178,,,,,
13025,10/27/19 04:13:18 PM,99.161,19.187,,-0.048,,,,
13026,10/27/19 04:13:38 PM,,,99.200,,,,,
13027,10/27/19 04:15:18 PM,99.231,19.187,,-0.047,,,,
13028,10/27/19 04:15:38 PM,,,99.276,,,,,
13029,10/27/19 04:17:18 PM,99.255,19.187,,-0.049,,,,
13030,10/27/19 04:17:38 PM,,,99.309,,,,,
13031,10/27/19 04:19:18 PM,99.301,19.187,,-0.047,,,,
13032,10/27/19 04:19:38 PM,,,99.330,,,,,
13033,10/27/19 04:21:18 PM,99.333,19.092,,-0.046,,,,
13034,10/27/19 04:21:38 PM,,,99.363,,,,,
13035,10/27/19 04:23:18 PM,99.321,19.092,,-0.050,,,,
13036,10/27/19 04:23:38 PM,,,99.385,,,,,
13037,10/27/19 04:25:18 PM,99.321,19.092,,-0.050,,,,
13038,10/27/19 04:25:38 PM,,,99.374,,,,,
13039,10/27/19 04:27:18 PM,99.321,19.092,,-0.047,,,,
13040,10/27/19 04:27:38 PM,,,99.352,,,,,
13041,10/27/19 04:29:18 PM,99.345,19.092,,-0.046,,,,
13042,10/27/19 04:29:38 PM,,,99.363,,,,,
13043,10/27/19 04:31:18 PM,99.333,19.092,,-0.046,,,,
13044,10/27/19 04:31:38 PM,,,99.352,,,,,
13045,10/27/19 04:33:18 PM,99.271,18.996,,-0.048,,,,
13046,10/27/19 04:33:38 PM,,,99.298,,,,,
13047,10/27/19 04:35:18 PM,99.271,18.996,,-0.048,,,,
13048,10/27/19 04:35:38 PM,,,99.319,,,,,
13049,10/27/19 04:37:18 PM,99.306,18.996,,-0.048,,,,
13050,10/27/19 04:37:38 PM,,,99.352,,,,,
13051,10/27/19 04:39:18 PM,99.306,18.996,,-0.048,,,,
13052,10/27/19 04:39:38 PM,,,99.341,,,,,
13053,10/27/19 04:41:18 PM,99.306,18.996,,-0.048,,,,
13054,10/27/19 04:41:38 PM,,,99.352,,,,,
13055,10/27/19 04:43:18 PM,99.295,18.996,,-0.048,,,,
13056,10/27/19 04:43:38 PM,,,99.330,,,,,
13057,10/27/19 04:45:18 PM,99.295,18.996,,-0.048,,,,
13058,10/27/19 04:45:38 PM,,,99.330,,,,,
13059,10/27/19 04:47:18 PM,99.280,18.901,,-0.047,,,,
13060,10/27/19 04:47:38 PM,,,99.309,,,,,
13061,10/27/19 04:49:18 PM,99.268,18.901,,-0.049,,,,
13062,10/27/19 04:49:38 PM,,,99.319,,,,,
13063,10/27/19 04:51:18 PM,99.268,18.901,,-0.048,,,,
13064,10/27/19 04:51:38 PM,,,99.309,,,,,
13065,10/27/19 04:53:18 PM,99.268,18.901,,-0.047,,,,
13066,10/27/19 04:53:38 PM,,,99.294,,,,,
13067,10/27/19 04:55:18 PM,99.233,18.901,,-0.049,,,,
13068,10/27/19 04:55:38 PM,,,99.283,,,,,
13069,10/27/19 04:57:18 PM,99.233,18.901,,-0.048,,,,
13070,10/27/19 04:57:38 PM,,,99.272,,,,,
13071,10/27/19 04:59:18 PM,99.221,18.901,,-0.049,,,,
13072,10/27/19 04:59:38 PM,,,99.272,,,,,
13073,10/27/19 05:01:18 PM,99.221,18.901,,-0.048,,,,
13074,10/27/19 05:01:38 PM,,,99.261,,,,,
13075,10/27/19 05:03:18 PM,99.233,18.901,,-0.049,,,,
13076,10/27/19 05:03:38 PM,,,99.283,,,,,
13077,10/27/19 05:05:18 PM,99.291,18.901,,-0.047,,,,
13078,10/27/19 05:05:38 PM,,,99.326,,,,,
13079,10/27/19 05:07:18 PM,99.338,18.901,,-0.047,,,,
13080,10/27/19 05:07:38 PM,,,99.381,,,,,
13081,10/27/19 05:09:18 PM,99.373,18.901,,-0.049,,,,
13082,10/27/19 05:09:38 PM,,,99.425,,,,,
13083,10/27/19 05:11:18 PM,99.397,18.901,,-0.050,,,,
13084,10/27/19 05:11:38 PM,,,99.457,,,,,
13085,10/27/19 05:13:18 PM,99.408,18.901,,-0.048,,,,
13086,10/27/19 05:13:38 PM,,,99.446,,,,,
13087,10/27/19 05:15:18 PM,99.408,18.901,,-0.049,,,,
13088,10/27/19 05:15:38 PM,,,99.457,,,,,
13089,10/27/19 05:17:18 PM,99.408,18.901,,-0.049,,,,
13090,10/27/19 05:17:38 PM,,,99.457,,,,,
13091,10/27/19 05:19:18 PM,99.432,18.901,,-0.047,,,,
13092,10/27/19 05:19:38 PM,,,99.468,,,,,
13093,10/27/19 05:21:18 PM,99.420,18.901,,-0.050,,,,
13094,10/27/19 05:21:38 PM,,,99.479,,,,,
13095,10/27/19 05:23:18 PM,99.458,18.996,,-0.048,,,,
13096,10/27/19 05:23:38 PM,,,99.501,,,,,
13097,10/27/19 05:25:18 PM,99.493,18.996,,-0.047,,,,
13098,10/27/19 05:25:38 PM,,,99.523,,,,,
13099,10/27/19 05:27:18 PM,99.505,18.996,,-0.049,,,,
13100,10/27/19 05:27:38 PM,,,99.566,,,,,
13101,10/27/19 05:29:18 PM,99.552,18.996,,-0.047,,,,
13102,10/27/19 05:29:38 PM,,,99.588,,,,,
13103,10/27/19 05:31:18 PM,99.575,18.996,,-0.047,,,,
13104,10/27/19 05:31:38 PM,,,99.610,,,,,
13105,10/27/19 05:33:18 PM,99.598,18.996,,-0.047,,,,
13106,10/27/19 05:33:38 PM,,,99.632,,,,,
13107,10/27/19 05:35:18 PM,99.598,18.996,,-0.048,,,,
13108,10/27/19 05:35:38 PM,,,99.643,,,,,
13109,10/27/19 05:37:18 PM,99.587,18.996,,-0.048,,,,
13110,10/27/19 05:37:38 PM,,,99.621,,,,,
13111,10/27/19 05:39:18 PM,99.552,18.996,,-0.050,,,,
13112,10/27/19 05:39:38 PM,,,99.610,,,,,
13113,10/27/19 05:41:18 PM,99.552,18.996,,-0.049,,,,
13114,10/27/19 05:41:38 PM,,,99.599,,,,,
13115,10/27/19 05:43:18 PM,99.552,18.996,,-0.049,,,,
13116,10/27/19 05:43:38 PM,,,99.599,,,,,
13117,10/27/19 05:45:18 PM,99.555,19.092,,-0.047,,,,
13118,10/27/19 05:45:38 PM,,,99.577,,,,,
13119,10/27/19 05:47:18 PM,99.555,19.092,,-0.045,,,,
13120,10/27/19 05:47:38 PM,,,99.566,,,,,
13121,10/27/19 05:49:18 PM,99.532,19.092,,-0.048,,,,
13122,10/27/19 05:49:38 PM,,,99.577,,,,,
13123,10/27/19 05:51:18 PM,99.532,19.092,,-0.049,,,,
13124,10/27/19 05:51:38 PM,,,99.577,,,,,
13125,10/27/19 05:53:18 PM,99.567,19.092,,-0.046,,,,
13126,10/27/19 05:53:38 PM,,,99.588,,,,,
13127,10/27/19 05:55:18 PM,99.567,19.092,,-0.045,,,,
13128,10/27/19 05:55:38 PM,,,99.577,,,,,
13129,10/27/19 05:57:18 PM,99.567,19.092,,-0.044,,,,
13130,10/27/19 05:57:38 PM,,,99.566,,,,,
13131,10/27/19 05:59:18 PM,99.555,19.092,,-0.045,,,,
13132,10/27/19 05:59:38 PM,,,99.566,,,,,
13133,10/27/19 06:01:18 PM,99.567,19.092,,-0.042,,,,
13134,10/27/19 06:01:38 PM,,,99.544,,,,,
13135,10/27/19 06:03:18 PM,99.558,19.187,,-0.044,,,,
13136,10/27/19 06:03:38 PM,,,99.562,,,,,
13137,10/27/19 06:05:18 PM,99.593,19.187,,-0.040,,,,
13138,10/27/19 06:05:38 PM,,,99.551,,,,,
13139,10/27/19 06:07:18 PM,99.582,19.187,,-0.043,,,,
13140,10/27/19 06:07:38 PM,,,99.573,,,,,
13141,10/27/19 06:09:18 PM,99.593,19.187,,-0.042,,,,
13142,10/27/19 06:09:38 PM,,,99.573,,,,,
13143,10/27/19 06:11:18 PM,99.593,19.187,,-0.040,,,,
13144,10/27/19 06:11:38 PM,,,99.551,,,,,
13145,10/27/19 06:13:18 PM,99.617,19.187,,-0.038,,,,
13146,10/27/19 06:13:38 PM,,,99.562,,,,,
13147,10/27/19 06:15:18 PM,99.617,19.187,,-0.037,,,,
13148,10/27/19 06:15:38 PM,,,99.551,,,,,
13149,10/27/19 06:17:18 PM,99.605,19.187,,-0.037,,,,
13150,10/27/19 06:17:38 PM,,,99.540,,,,,
13151,10/27/19 06:19:18 PM,99.640,19.187,,-0.034,,,,
13152,10/27/19 06:19:38 PM,,,99.540,,,,,
13153,10/27/19 06:21:18 PM,99.620,19.282,,-0.036,,,,
13154,10/27/19 06:21:38 PM,,,99.540,,,,,
13155,10/27/19 06:23:18 PM,99.643,19.282,,-0.033,,,,
13156,10/27/19 06:23:38 PM,,,99.530,,,,,
13157,10/27/19 06:25:18 PM,99.667,19.282,,-0.030,,,,
13158,10/27/19 06:25:38 PM,,,99.530,,,,,
13159,10/27/19 06:27:18 PM,99.678,19.282,,-0.029,,,,
13160,10/27/19 06:27:38 PM,,,99.530,,,,,
13161,10/27/19 06:29:18 PM,99.690,19.282,,-0.028,,,,
13162,10/27/19 06:29:38 PM,,,99.530,,,,,
13163,10/27/19 06:31:18 PM,99.702,19.282,,-0.027,,,,
13164,10/27/19 06:31:38 PM,,,99.540,,,,,
13165,10/27/19 06:33:18 PM,99.725,19.282,,-0.026,,,,
13166,10/27/19 06:33:38 PM,,,99.551,,,,,
13167,10/27/19 06:35:18 PM,99.734,19.187,,-0.024,,,,
13168,10/27/19 06:35:38 PM,,,99.540,,,,,
13169,10/27/19 06:37:18 PM,99.769,19.187,,-0.021,,,,
13170,10/27/19 06:37:38 PM,,,99.540,,,,,
13171,10/27/19 06:39:18 PM,99.769,19.187,,-0.021,,,,
13172,10/27/19 06:39:38 PM,,,99.551,,,,,
13173,10/27/19 06:41:18 PM,99.769,19.187,,-0.021,,,,
13174,10/27/19 06:41:38 PM,,,99.540,,,,,
13175,10/27/19 06:43:18 PM,99.792,19.187,,-0.018,,,,
13176,10/27/19 06:43:38 PM,,,99.540,,,,,
13177,10/27/19 06:45:18 PM,99.815,19.187,,-0.017,,,,
13178,10/27/19 06:45:38 PM,,,99.551,,,,,
13179,10/27/19 06:47:18 PM,99.839,19.187,,-0.014,,,,
13180,10/27/19 06:47:38 PM,,,99.540,,,,,
13181,10/27/19 06:49:18 PM,99.862,19.187,,-0.012,,,,
13182,10/27/19 06:49:38 PM,,,99.551,,,,,
13183,10/27/19 06:51:18 PM,99.874,19.187,,-0.010,,,,
13184,10/27/19 06:51:38 PM,,,99.540,,,,,
13185,10/27/19 06:53:18 PM,99.885,19.187,,-0.011,,,,
13186,10/27/19 06:53:38 PM,,,99.562,,,,,
13187,10/27/19 06:55:18 PM,99.897,19.187,,-0.009,,,,
13188,10/27/19 06:55:38 PM,,,99.551,,,,,
13189,10/27/19 06:57:18 PM,99.909,19.187,,-0.005,,,,
13190,10/27/19 06:57:38 PM,,,99.519,,,,,
13191,10/27/19 06:59:18 PM,99.944,19.187,,0.001,,,,
13192,10/27/19 06:59:38 PM,,,99.497,,,,,
13193,10/27/19 07:01:18 PM,99.909,19.187,,-0.001,,,,
13194,10/27/19 07:01:38 PM,,,99.486,,,,,
13195,10/27/19 07:03:18 PM,99.917,19.092,,0.002,,,,
13196,10/27/19 07:03:38 PM,,,99.464,,,,,
13197,10/27/19 07:05:18 PM,99.929,19.092,,0.005,,,,
13198,10/27/19 07:05:38 PM,,,99.453,,,,,
13199,10/27/19 07:07:18 PM,99.964,19.092,,0.010,,,,
13200,10/27/19 07:07:38 PM,,,99.432,,,,,
13201,10/27/19 07:09:18 PM,99.940,19.092,,0.009,,,,
13202,10/27/19 07:09:38 PM,,,99.421,,,,,
13203,10/27/19 07:11:18 PM,99.940,19.092,,0.014,,,,
13204,10/27/19 07:11:38 PM,,,99.366,,,,,
13205,10/27/19 07:13:18 PM,99.905,19.092,,0.014,,,,
13206,10/27/19 07:13:38 PM,,,99.333,,,,,
13207,10/27/19 07:15:18 PM,99.905,19.092,,0.017,,,,
13208,10/27/19 07:15:38 PM,,,99.301,,,,,
13209,10/27/19 07:17:18 PM,99.917,19.092,,0.020,,,,
13210,10/27/19 07:17:38 PM,,,99.290,,,,,
13211,10/27/19 07:19:18 PM,99.940,19.092,,0.022,,,,
13212,10/27/19 07:19:38 PM,,,99.290,,,,,
13213,10/27/19 07:21:18 PM,99.996,18.996,,0.027,,,,
13214,10/27/19 07:21:38 PM,,,99.301,,,,,
13215,10/27/19 07:23:18 PM,100.054,18.996,,0.033,,,,
13216,10/27/19 07:23:38 PM,,,99.301,,,,,
13217,10/27/19 07:25:18 PM,100.039,18.901,,0.031,,,,
13218,10/27/19 07:25:38 PM,,,99.312,,,,,
13219,10/27/19 07:27:18 PM,100.082,18.806,,0.037,,,,
13220,10/27/19 07:27:38 PM,,,99.290,,,,,
13221,10/27/19 07:29:18 PM,100.094,18.806,,0.038,,,,
13222,10/27/19 07:29:38 PM,,,99.290,,,,,
13223,10/27/19 07:31:18 PM,100.176,18.806,,0.046,,,,
13224,10/27/19 07:31:38 PM,,,99.301,,,,,
13225,10/27/19 07:33:18 PM,100.196,18.711,,0.048,,,,
13226,10/27/19 07:33:38 PM,,,99.290,,,,,
13227,10/27/19 07:35:18 PM,100.184,18.711,,0.048,,,,
13228,10/27/19 07:35:38 PM,,,99.279,,,,,
13229,10/27/19 07:37:18 PM,100.228,18.616,,0.054,,,,
13230,10/27/19 07:37:38 PM,,,99.268,,,,,
13231,10/27/19 07:39:18 PM,100.239,18.616,,0.055,,,,
13232,10/27/19 07:39:38 PM,,,99.268,,,,,
13233,10/27/19 07:41:18 PM,100.236,18.521,,0.053,,,,
13234,10/27/19 07:41:38 PM,,,99.290,,,,,
13235,10/27/19 07:43:18 PM,100.353,18.521,,0.064,,,,
13236,10/27/19 07:43:38 PM,,,99.297,,,,,
13237,10/27/19 07:45:18 PM,100.431,18.426,,0.071,,,,
13238,10/27/19 07:45:38 PM,,,99.308,,,,,
13239,10/27/19 07:47:18 PM,100.475,18.331,,0.072,,,,
13240,10/27/19 07:47:38 PM,,,99.351,,,,,
13241,10/27/19 07:49:18 PM,100.518,18.236,,0.072,,,,
13242,10/27/19 07:49:38 PM,,,99.384,,,,,
13243,10/27/19 07:51:18 PM,100.612,18.236,,0.081,,,,
13244,10/27/19 07:51:38 PM,,,99.384,,,,,
13245,10/27/19 07:53:18 PM,100.647,18.236,,0.082,,,,
13246,10/27/19 07:53:38 PM,,,99.417,,,,,
13247,10/27/19 07:55:18 PM,100.693,18.236,,0.086,,,,
13248,10/27/19 07:55:38 PM,,,99.417,,,,,
13249,10/27/19 07:57:18 PM,100.717,18.236,,0.090,,,,
13250,10/27/19 07:57:38 PM,,,99.406,,,,,
13251,10/27/19 07:59:18 PM,100.775,18.236,,0.092,,,,
13252,10/27/19 07:59:38 PM,,,99.449,,,,,
13253,10/27/19 08:01:18 PM,100.819,18.140,,0.095,,,,
13254,10/27/19 08:01:38 PM,,,99.460,,,,,
13255,10/27/19 08:03:18 PM,100.842,18.140,,0.096,,,,
13256,10/27/19 08:03:38 PM,,,99.471,,,,,
13257,10/27/19 08:05:18 PM,100.877,18.140,,0.098,,,,
13258,10/27/19 08:05:38 PM,,,99.493,,,,,
13259,10/27/19 08:07:18 PM,100.924,18.140,,0.098,,,,
13260,10/27/19 08:07:38 PM,,,99.547,,,,,
13261,10/27/19 08:09:18 PM,100.979,18.045,,0.100,,,,
13262,10/27/19 08:09:38 PM,,,99.569,,,,,
13263,10/27/19 08:11:18 PM,100.979,18.045,,0.100,,,,
13264,10/27/19 08:11:38 PM,,,99.569,,,,,
13265,10/27/19 08:13:18 PM,100.990,18.045,,0.101,,,,
13266,10/27/19 08:13:38 PM,,,99.569,,,,,
13267,10/27/19 08:15:18 PM,101.002,18.045,,0.102,,,,
13268,10/27/19 08:15:38 PM,,,99.569,,,,,
13269,10/27/19 08:17:18 PM,100.990,18.045,,0.104,,,,
13270,10/27/19 08:17:38 PM,,,99.537,,,,,
13271,10/27/19 08:19:18 PM,100.955,18.045,,0.103,,,,
13272,10/27/19 08:19:38 PM,,,99.515,,,,,
13273,10/27/19 08:21:18 PM,100.909,18.045,,0.101,,,,
13274,10/27/19 08:21:38 PM,,,99.482,,,,,
13275,10/27/19 08:23:18 PM,100.874,18.045,,0.101,,,,
13276,10/27/19 08:23:38 PM,,,99.449,,,,,
13277,10/27/19 08:25:18 PM,100.917,17.950,,0.104,,,,
13278,10/27/19 08:25:38 PM,,,99.471,,,,,
13279,10/27/19 08:27:18 PM,100.905,17.950,,0.102,,,,
13280,10/27/19 08:27:38 PM,,,99.482,,,,,
13281,10/27/19 08:29:18 PM,100.929,17.950,,0.105,,,,
13282,10/27/19 08:29:38 PM,,,99.471,,,,,
13283,10/27/19 08:31:18 PM,100.905,17.950,,0.103,,,,
13284,10/27/19 08:31:38 PM,,,99.471,,,,,
13285,10/27/19 08:33:18 PM,100.917,17.950,,0.105,,,,
13286,10/27/19 08:33:38 PM,,,99.460,,,,,
13287,10/27/19 08:35:18 PM,100.917,17.950,,0.104,,,,
13288,10/27/19 08:35:38 PM,,,99.471,,,,,
13289,10/27/19 08:37:18 PM,100.882,17.950,,0.101,,,,
13290,10/27/19 08:37:38 PM,,,99.460,,,,,
13291,10/27/19 08:39:18 PM,100.870,17.950,,0.099,,,,
13292,10/27/19 08:39:38 PM,,,99.471,,,,,
13293,10/27/19 08:41:18 PM,100.917,17.950,,0.102,,,,
13294,10/27/19 08:41:38 PM,,,99.493,,,,,
13295,10/27/19 08:43:18 PM,100.917,17.950,,0.099,,,,
13296,10/27/19 08:43:38 PM,,,99.526,,,,,
13297,10/27/19 08:45:18 PM,100.882,17.950,,0.095,,,,
13298,10/27/19 08:45:38 PM,,,99.522,,,,,
13299,10/27/19 08:47:18 PM,100.894,17.950,,0.097,,,,
13300,10/27/19 08:47:38 PM,,,99.511,,,,,
13301,10/27/19 08:49:18 PM,100.905,17.950,,0.098,,,,
13302,10/27/19 08:49:38 PM,,,99.522,,,,,
13303,10/27/19 08:51:18 PM,100.894,17.950,,0.095,,,,
13304,10/27/19 08:51:38 PM,,,99.533,,,,,
13305,10/27/19 08:53:18 PM,100.859,17.950,,0.092,,,,
13306,10/27/19 08:53:38 PM,,,99.522,,,,,
13307,10/27/19 08:55:18 PM,100.824,17.950,,0.091,,,,
13308,10/27/19 08:55:38 PM,,,99.500,,,,,
13309,10/27/19 08:57:18 PM,100.824,17.950,,0.093,,,,
13310,10/27/19 08:57:38 PM,,,99.478,,,,,
13311,10/27/19 08:59:18 PM,100.800,17.950,,0.092,,,,
13312,10/27/19 08:59:38 PM,,,99.467,,,,,
13313,10/27/19 09:01:18 PM,100.792,18.045,,0.092,,,,
13314,10/27/19 09:01:38 PM,,,99.456,,,,,
13315,10/27/19 09:03:18 PM,100.745,18.045,,0.088,,,,
13316,10/27/19 09:03:38 PM,,,99.456,,,,,
13317,10/27/19 09:05:18 PM,100.757,18.045,,0.090,,,,
13318,10/27/19 09:05:38 PM,,,99.445,,,,,
13319,10/27/19 09:07:18 PM,100.757,18.045,,0.088,,,,
13320,10/27/19 09:07:38 PM,,,99.467,,,,,
13321,10/27/19 09:09:18 PM,100.757,18.045,,0.087,,,,
13322,10/27/19 09:09:38 PM,,,99.478,,,,,
13323,10/27/19 09:11:18 PM,100.780,18.045,,0.089,,,,
13324,10/27/19 09:11:38 PM,,,99.478,,,,,
13325,10/27/19 09:13:18 PM,100.757,18.045,,0.085,,,,
13326,10/27/19 09:13:38 PM,,,99.500,,,,,
13327,10/27/19 09:15:18 PM,100.768,18.045,,0.087,,,,
13328,10/27/19 09:15:38 PM,,,99.489,,,,,
13329,10/27/19 09:17:18 PM,100.745,18.045,,0.084,,,,
13330,10/27/19 09:17:38 PM,,,99.489,,,,,
13331,10/27/19 09:19:18 PM,100.733,18.045,,0.082,,,,
13332,10/27/19 09:19:38 PM,,,99.500,,,,,
13333,10/27/19 09:21:18 PM,100.710,18.045,,0.080,,,,
13334,10/27/19 09:21:38 PM,,,99.500,,,,,
13335,10/27/19 09:23:18 PM,100.760,18.140,,0.084,,,,
13336,10/27/19 09:23:38 PM,,,99.511,,,,,
13337,10/27/19 09:25:18 PM,100.713,18.140,,0.078,,,,
13338,10/27/19 09:25:38 PM,,,99.522,,,,,
13339,10/27/19 09:27:18 PM,100.725,18.140,,0.081,,,,
13340,10/27/19 09:27:38 PM,,,99.500,,,,,
13341,10/27/19 09:29:18 PM,100.713,18.140,,0.080,,,,
13342,10/27/19 09:29:38 PM,,,99.500,,,,,
13343,10/27/19 09:31:18 PM,100.725,18.140,,0.080,,,,
13344,10/27/19 09:31:38 PM,,,99.511,,,,,
13345,10/27/19 09:33:18 PM,100.713,18.140,,0.078,,,,
13346,10/27/19 09:33:38 PM,,,99.522,,,,,
13347,10/27/19 09:35:18 PM,100.737,18.140,,0.079,,,,
13348,10/27/19 09:35:38 PM,,,99.533,,,,,
13349,10/27/19 09:37:18 PM,100.748,18.140,,0.080,,,,
13350,10/27/19 09:37:38 PM,,,99.533,,,,,
13351,10/27/19 09:39:18 PM,100.733,18.045,,0.082,,,,
13352,10/27/19 09:39:38 PM,,,99.489,,,,,
13353,10/27/19 09:41:18 PM,100.698,18.045,,0.082,,,,
13354,10/27/19 09:41:38 PM,,,99.456,,,,,
13355,10/27/19 09:43:18 PM,100.675,18.045,,0.080,,,,
13356,10/27/19 09:43:38 PM,,,99.467,,,,,
13357,10/27/19 09:45:18 PM,100.628,18.045,,0.077,,,,
13358,10/27/19 09:45:38 PM,,,99.445,,,,,
13359,10/27/19 09:47:18 PM,100.640,18.045,,0.081,,,,
13360,10/27/19 09:47:38 PM,,,99.413,,,,,
13361,10/27/19 09:49:18 PM,100.597,18.140,,0.079,,,,
13362,10/27/19 09:49:38 PM,,,99.391,,,,,
13363,10/27/19 09:51:18 PM,100.632,18.140,,0.083,,,,
13364,10/27/19 09:51:38 PM,,,99.387,,,,,
13365,10/27/19 09:53:18 PM,100.597,18.140,,0.085,,,,
13366,10/27/19 09:53:38 PM,,,99.322,,,,,
13367,10/27/19 09:55:18 PM,100.515,18.140,,0.082,,,,
13368,10/27/19 09:55:38 PM,,,99.278,,,,,
13369,10/27/19 09:57:18 PM,100.491,18.140,,0.083,,,,
13370,10/27/19 09:57:38 PM,,,99.245,,,,,
13371,10/27/19 09:59:18 PM,100.456,18.140,,0.083,,,,
13372,10/27/19 09:59:38 PM,,,99.202,,,,,
13373,10/27/19 10:01:18 PM,100.456,18.140,,0.089,,,,
13374,10/27/19 10:01:38 PM,,,99.147,,,,,
13375,10/27/19 10:03:18 PM,100.468,18.140,,0.089,,,,
13376,10/27/19 10:03:38 PM,,,99.169,,,,,
13377,10/27/19 10:05:18 PM,100.515,18.140,,0.090,,,,
13378,10/27/19 10:05:38 PM,,,99.213,,,,,
13379,10/27/19 10:07:18 PM,100.480,18.140,,0.088,,,,
13380,10/27/19 10:07:38 PM,,,99.180,,,,,
13381,10/27/19 10:09:18 PM,100.515,18.140,,0.092,,,,
13382,10/27/19 10:09:38 PM,,,99.180,,,,,
13383,10/27/19 10:11:18 PM,100.480,18.140,,0.093,,,,
13384,10/27/19 10:11:38 PM,,,99.126,,,,,
13385,10/27/19 10:13:18 PM,100.421,18.140,,0.093,,,,
13386,10/27/19 10:13:38 PM,,,99.071,,,,,
13387,10/27/19 10:15:18 PM,100.421,18.140,,0.094,,,,
13388,10/27/19 10:15:38 PM,,,99.071,,,,,
13389,10/27/19 10:17:18 PM,100.421,18.140,,0.095,,,,
13390,10/27/19 10:17:38 PM,,,99.060,,,,,
13391,10/27/19 10:19:18 PM,100.340,18.140,,0.092,,,,
13392,10/27/19 10:19:38 PM,,,98.995,,,,,
13393,10/27/19 10:21:18 PM,100.270,18.140,,0.094,,,,
13394,10/27/19 10:21:38 PM,,,98.908,,,,,
13395,10/27/19 10:23:18 PM,100.246,18.140,,0.096,,,,
13396,10/27/19 10:23:38 PM,,,98.875,,,,,
13397,10/27/19 10:25:18 PM,100.246,18.140,,0.099,,,,
13398,10/27/19 10:25:38 PM,,,98.842,,,,,
13399,10/27/19 10:27:18 PM,100.270,18.140,,0.097,,,,
13400,10/27/19 10:27:38 PM,,,98.897,,,,,
13401,10/27/19 10:29:18 PM,100.301,18.045,,0.098,,,,
13402,10/27/19 10:29:38 PM,,,98.918,,,,,
13403,10/27/19 10:31:18 PM,100.185,18.045,,0.090,,,,
13404,10/27/19 10:31:38 PM,,,98.864,,,,,
13405,10/27/19 10:33:18 PM,100.301,18.045,,0.100,,,,
13406,10/27/19 10:33:38 PM,,,98.897,,,,,
13407,10/27/19 10:35:18 PM,100.360,18.045,,0.099,,,,
13408,10/27/19 10:35:38 PM,,,98.973,,,,,
13409,10/27/19 10:37:18 PM,100.325,18.045,,0.093,,,,
13410,10/27/19 10:37:38 PM,,,98.984,,,,,
13411,10/27/19 10:39:18 PM,100.356,17.950,,0.095,,,,
13412,10/27/19 10:39:38 PM,,,98.995,,,,,
13413,10/27/19 10:41:18 PM,100.395,18.045,,0.097,,,,
13414,10/27/19 10:41:38 PM,,,99.017,,,,,
13415,10/27/19 10:43:18 PM,100.406,18.045,,0.100,,,,
13416,10/27/19 10:43:38 PM,,,98.995,,,,,
13417,10/27/19 10:45:18 PM,100.333,17.950,,0.094,,,,
13418,10/27/19 10:45:38 PM,,,98.984,,,,,
13419,10/27/19 10:47:18 PM,100.380,17.950,,0.097,,,,
13420,10/27/19 10:47:38 PM,,,99.006,,,,,
13421,10/27/19 10:49:18 PM,100.391,17.950,,0.098,,,,
13422,10/27/19 10:49:38 PM,,,99.002,,,,,
13423,10/27/19 10:51:18 PM,100.356,17.950,,0.097,,,,
13424,10/27/19 10:51:38 PM,,,98.973,,,,,
13425,10/27/19 10:53:18 PM,100.380,17.950,,0.099,,,,
13426,10/27/19 10:53:38 PM,,,98.980,,,,,
13427,10/27/19 10:55:18 PM,100.345,17.950,,0.095,,,,
13428,10/27/19 10:55:38 PM,,,98.991,,,,,
13429,10/27/19 10:57:18 PM,100.356,17.950,,0.095,,,,
13430,10/27/19 10:57:38 PM,,,98.991,,,,,
13431,10/27/19 10:59:18 PM,100.380,17.950,,0.096,,,,
13432,10/27/19 10:59:38 PM,,,99.013,,,,,
13433,10/27/19 11:01:18 PM,100.368,17.950,,0.095,,,,
13434,10/27/19 11:01:38 PM,,,99.002,,,,,
13435,10/27/19 11:03:18 PM,100.368,17.950,,0.096,,,,
13436,10/27/19 11:03:38 PM,,,99.002,,,,,
13437,10/27/19 11:05:18 PM,100.380,17.950,,0.096,,,,
13438,10/27/19 11:05:38 PM,,,99.013,,,,,
13439,10/27/19 11:07:18 PM,100.368,17.950,,0.095,,,,
13440,10/27/19 11:07:38 PM,,,99.002,,,,,
13441,10/27/19 11:09:18 PM,100.345,17.950,,0.094,,,,
13442,10/27/19 11:09:38 PM,,,98.991,,,,,
13443,10/27/19 11:11:18 PM,100.341,17.855,,0.097,,,,
13444,10/27/19 11:11:38 PM,,,98.958,,,,,
13445,10/27/19 11:13:18 PM,100.318,17.855,,0.094,,,,
13446,10/27/19 11:13:38 PM,,,98.969,,,,,
13447,10/27/19 11:15:18 PM,100.306,17.855,,0.092,,,,
13448,10/27/19 11:15:38 PM,,,98.980,,,,,
13449,10/27/19 11:17:18 PM,100.318,17.855,,0.091,,,,
13450,10/27/19 11:17:38 PM,,,99.002,,,,,
13451,10/27/19 11:19:18 PM,100.365,17.855,,0.094,,,,
13452,10/27/19 11:19:38 PM,,,99.013,,,,,
13453,10/27/19 11:21:18 PM,100.341,17.855,,0.092,,,,
13454,10/27/19 11:21:38 PM,,,99.013,,,,,
13455,10/27/19 11:23:18 PM,100.318,17.855,,0.086,,,,
13456,10/27/19 11:23:38 PM,,,99.056,,,,,
13457,10/27/19 11:25:18 PM,100.400,17.855,,0.087,,,,
13458,10/27/19 11:25:38 PM,,,99.133,,,,,
13459,10/27/19 11:27:18 PM,100.400,17.855,,0.084,,,,
13460,10/27/19 11:27:38 PM,,,99.154,,,,,
13461,10/27/19 11:29:18 PM,100.435,17.855,,0.088,,,,
13462,10/27/19 11:29:38 PM,,,99.143,,,,,
13463,10/27/19 11:31:18 PM,100.435,17.855,,0.090,,,,
13464,10/27/19 11:31:38 PM,,,99.122,,,,,
13465,10/27/19 11:33:18 PM,100.376,17.855,,0.081,,,,
13466,10/27/19 11:33:38 PM,,,99.154,,,,,
13467,10/27/19 11:35:18 PM,100.423,17.855,,0.082,,,,
13468,10/27/19 11:35:38 PM,,,99.198,,,,,
13469,10/27/19 11:37:18 PM,100.411,17.855,,0.080,,,,
13470,10/27/19 11:37:38 PM,,,99.198,,,,,
13471,10/27/19 11:39:18 PM,100.400,17.855,,0.079,,,,
13472,10/27/19 11:39:38 PM,,,99.198,,,,,
13473,10/27/19 11:41:18 PM,100.376,17.855,,0.077,,,,
13474,10/27/19 11:41:38 PM,,,99.187,,,,,
13475,10/27/19 11:43:18 PM,100.353,17.855,,0.074,,,,
13476,10/27/19 11:43:38 PM,,,99.198,,,,,
13477,10/27/19 11:45:18 PM,100.353,17.855,,0.073,,,,
13478,10/27/19 11:45:38 PM,,,99.209,,,,,
13479,10/27/19 11:47:18 PM,100.341,17.855,,0.071,,,,
13480,10/27/19 11:47:38 PM,,,99.220,,,,,
13481,10/27/19 11:49:18 PM,100.306,17.855,,0.068,,,,
13482,10/27/19 11:49:38 PM,,,99.209,,,,,
13483,10/27/19 11:51:18 PM,100.306,17.855,,0.069,,,,
13484,10/27/19 11:51:38 PM,,,99.198,,,,,
13485,10/27/19 11:53:18 PM,100.330,17.855,,0.069,,,,
13486,10/27/19 11:53:38 PM,,,99.231,,,,,
13487,10/27/19 11:55:18 PM,100.326,17.760,,0.068,,,,
13488,10/27/19 11:55:38 PM,,,99.231,,,,,
13489,10/27/19 11:57:18 PM,100.280,17.760,,0.065,,,,
13490,10/27/19 11:57:38 PM,,,99.209,,,,,
13491,10/27/19 11:59:18 PM,100.338,17.760,,0.069,,,,
13492,10/27/19 11:59:38 PM,,,99.231,,,,,
13493,10/28/19 12:01:18 AM,100.315,17.760,,0.064,,,,
13494,10/28/19 12:01:38 AM,,,99.263,,,,,
13495,10/28/19 12:03:18 AM,100.338,17.760,,0.066,,,,
13496,10/28/19 12:03:38 AM,,,99.263,,,,,
13497,10/28/19 12:05:18 AM,100.303,17.760,,0.062,,,,
13498,10/28/19 12:05:38 AM,,,99.263,,,,,
13499,10/28/19 12:07:18 AM,100.291,17.760,,0.061,,,,
13500,10/28/19 12:07:38 AM,,,99.263,,,,,
13501,10/28/19 12:09:18 AM,100.280,17.760,,0.060,,,,
13502,10/28/19 12:09:38 AM,,,99.263,,,,,
13503,10/28/19 12:11:18 AM,100.303,17.760,,0.061,,,,
13504,10/28/19 12:11:38 AM,,,99.274,,,,,
13505,10/28/19 12:13:18 AM,100.265,17.665,,0.057,,,,
13506,10/28/19 12:13:38 AM,,,99.274,,,,,
13507,10/28/19 12:15:18 AM,100.218,17.665,,0.053,,,,
13508,10/28/19 12:15:38 AM,,,99.263,,,,,
13509,10/28/19 12:17:18 AM,100.183,17.665,,0.049,,,,
13510,10/28/19 12:17:38 AM,,,99.274,,,,,
13511,10/28/19 12:19:18 AM,100.230,17.665,,0.055,,,,
13512,10/28/19 12:19:38 AM,,,99.263,,,,,
13513,10/28/19 12:21:18 AM,100.195,17.665,,0.051,,,,
13514,10/28/19 12:21:38 AM,,,99.263,,,,,
13515,10/28/19 12:23:18 AM,100.183,17.665,,0.048,,,,
13516,10/28/19 12:23:38 AM,,,99.285,,,,,
13517,10/28/19 12:25:18 AM,100.195,17.665,,0.049,,,,
13518,10/28/19 12:25:38 AM,,,99.285,,,,,
13519,10/28/19 12:27:18 AM,100.171,17.665,,0.047,,,,
13520,10/28/19 12:27:38 AM,,,99.274,,,,,
13521,10/28/19 12:29:18 AM,100.136,17.665,,0.044,,,,
13522,10/28/19 12:29:38 AM,,,99.274,,,,,
13523,10/28/19 12:31:18 AM,100.183,17.665,,0.049,,,,
13524,10/28/19 12:31:38 AM,,,99.274,,,,,
13525,10/28/19 12:33:18 AM,100.136,17.665,,0.045,,,,
13526,10/28/19 12:33:38 AM,,,99.263,,,,,
13527,10/28/19 12:35:18 AM,100.105,17.760,,0.043,,,,
13528,10/28/19 12:35:38 AM,,,99.252,,,,,
13529,10/28/19 12:37:18 AM,100.105,17.760,,0.043,,,,
13530,10/28/19 12:37:38 AM,,,99.252,,,,,
13531,10/28/19 12:39:18 AM,100.070,17.760,,0.039,,,,
13532,10/28/19 12:39:38 AM,,,99.263,,,,,
13533,10/28/19 12:41:18 AM,100.070,17.760,,0.038,,,,
13534,10/28/19 12:41:38 AM,,,99.263,,,,,
13535,10/28/19 12:43:18 AM,100.023,17.760,,0.035,,,,
13536,10/28/19 12:43:38 AM,,,99.252,,,,,
13537,10/28/19 12:45:18 AM,100.046,17.760,,0.037,,,,
13538,10/28/19 12:45:38 AM,,,99.252,,,,,
13539,10/28/19 12:47:18 AM,100.034,17.760,,0.035,,,,
13540,10/28/19 12:47:38 AM,,,99.263,,,,,
13541,10/28/19 12:49:18 AM,100.034,17.760,,0.035,,,,
13542,10/28/19 12:49:38 AM,,,99.263,,,,,
13543,10/28/19 12:51:18 AM,100.011,17.760,,0.032,,,,
13544,10/28/19 12:51:38 AM,,,99.263,,,,,
13545,10/28/19 12:53:18 AM,100.023,17.760,,0.032,,,,
13546,10/28/19 12:53:38 AM,,,99.285,,,,,
13547,10/28/19 12:55:18 AM,100.023,17.760,,0.031,,,,
13548,10/28/19 12:55:38 AM,,,99.285,,,,,
13549,10/28/19 12:57:18 AM,100.023,17.760,,0.031,,,,
13550,10/28/19 12:57:38 AM,,,99.285,,,,,
13551,10/28/19 12:59:18 AM,99.988,17.760,,0.029,,,,
13552,10/28/19 12:59:38 AM,,,99.274,,,,,
13553,10/28/19 01:01:18 AM,99.964,17.760,,0.026,,,,
13554,10/28/19 01:01:38 AM,,,99.285,,,,,
13555,10/28/19 01:03:18 AM,99.976,17.760,,0.028,,,,
13556,10/28/19 01:03:38 AM,,,99.274,,,,,
13557,10/28/19 01:05:18 AM,99.929,17.760,,0.026,,,,
13558,10/28/19 01:05:38 AM,,,99.241,,,,,
13559,10/28/19 01:07:18 AM,99.898,17.855,,0.023,,,,
13560,10/28/19 01:07:38 AM,,,99.241,,,,,
13561,10/28/19 01:09:18 AM,99.886,17.855,,0.023,,,,
13562,10/28/19 01:09:38 AM,,,99.231,,,,,
13563,10/28/19 01:11:18 AM,99.909,17.855,,0.024,,,,
13564,10/28/19 01:11:38 AM,,,99.252,,,,,
13565,10/28/19 01:13:18 AM,99.874,17.855,,0.020,,,,
13566,10/28/19 01:13:38 AM,,,99.252,,,,,
13567,10/28/19 01:15:18 AM,99.898,17.855,,0.022,,,,
13568,10/28/19 01:15:38 AM,,,99.252,,,,,
13569,10/28/19 01:17:18 AM,99.871,17.760,,0.017,,,,
13570,10/28/19 01:17:38 AM,,,99.274,,,,,
13571,10/28/19 01:19:18 AM,99.886,17.855,,0.018,,,,
13572,10/28/19 01:19:38 AM,,,99.285,,,,,
13573,10/28/19 01:21:18 AM,99.886,17.855,,0.017,,,,
13574,10/28/19 01:21:38 AM,,,99.285,,,,,
13575,10/28/19 01:23:18 AM,99.886,17.855,,0.017,,,,
13576,10/28/19 01:23:38 AM,,,99.292,,,,,
13577,10/28/19 01:25:18 AM,99.883,17.760,,0.016,,,,
13578,10/28/19 01:25:38 AM,,,99.292,,,,,
13579,10/28/19 01:27:18 AM,99.863,17.855,,0.016,,,,
13580,10/28/19 01:27:38 AM,,,99.270,,,,,
13581,10/28/19 01:29:18 AM,99.828,17.855,,0.014,,,,
13582,10/28/19 01:29:38 AM,,,99.259,,,,,
13583,10/28/19 01:31:18 AM,99.816,17.855,,0.016,,,,
13584,10/28/19 01:31:38 AM,,,99.227,,,,,
13585,10/28/19 01:33:18 AM,99.781,17.855,,0.013,,,,
13586,10/28/19 01:33:38 AM,,,99.227,,,,,
13587,10/28/19 01:35:18 AM,99.746,17.855,,0.010,,,,
13588,10/28/19 01:35:38 AM,,,99.216,,,,,
13589,10/28/19 01:37:18 AM,99.699,17.855,,0.008,,,,
13590,10/28/19 01:37:38 AM,,,99.183,,,,,
13591,10/28/19 01:39:18 AM,99.722,17.855,,0.012,,,,
13592,10/28/19 01:39:38 AM,,,99.172,,,,,
13593,10/28/19 01:41:18 AM,99.676,17.855,,0.008,,,,
13594,10/28/19 01:41:38 AM,,,99.172,,,,,
13595,10/28/19 01:43:18 AM,99.684,17.760,,0.010,,,,
13596,10/28/19 01:43:38 AM,,,99.150,,,,,
13597,10/28/19 01:45:18 AM,99.661,17.760,,0.007,,,,
13598,10/28/19 01:45:38 AM,,,99.161,,,,,
13599,10/28/19 01:47:18 AM,99.673,17.760,,0.008,,,,
13600,10/28/19 01:47:38 AM,,,99.161,,,,,
13601,10/28/19 01:49:18 AM,99.676,17.855,,0.008,,,,
13602,10/28/19 01:49:38 AM,,,99.172,,,,,
13603,10/28/19 01:51:18 AM,99.696,17.760,,0.009,,,,
13604,10/28/19 01:51:38 AM,,,99.183,,,,,
13605,10/28/19 01:53:18 AM,99.649,17.760,,0.005,,,,
13606,10/28/19 01:53:38 AM,,,99.172,,,,,
13607,10/28/19 01:55:18 AM,99.626,17.760,,0.003,,,,
13608,10/28/19 01:55:38 AM,,,99.161,,,,,
13609,10/28/19 01:57:18 AM,99.591,17.760,,0.001,,,,
13610,10/28/19 01:57:38 AM,,,99.150,,,,,
13611,10/28/19 01:59:18 AM,99.614,17.760,,0.003,,,,
13612,10/28/19 01:59:38 AM,,,99.150,,,,,
13613,10/28/19 02:01:18 AM,99.602,17.760,,0.004,,,,
13614,10/28/19 02:01:38 AM,,,99.129,,,,,
13615,10/28/19 02:03:18 AM,99.602,17.760,,0.004,,,,
13616,10/28/19 02:03:38 AM,,,99.139,,,,,
13617,10/28/19 02:05:18 AM,99.579,17.760,,0.002,,,,
13618,10/28/19 02:05:38 AM,,,99.129,,,,,
13619,10/28/19 02:07:18 AM,99.602,17.760,,0.004,,,,
13620,10/28/19 02:07:38 AM,,,99.136,,,,,
13621,10/28/19 02:09:18 AM,99.579,17.760,,0.000,,,,
13622,10/28/19 02:09:38 AM,,,99.146,,,,,
13623,10/28/19 02:11:18 AM,99.579,17.760,,0.001,,,,
13624,10/28/19 02:11:38 AM,,,99.136,,,,,
13625,10/28/19 02:13:18 AM,99.556,17.760,,-0.001,,,,
13626,10/28/19 02:13:38 AM,,,99.136,,,,,
13627,10/28/19 02:15:18 AM,99.544,17.760,,-0.002,,,,
13628,10/28/19 02:15:38 AM,,,99.136,,,,,
13629,10/28/19 02:17:18 AM,99.567,17.760,,-0.002,,,,
13630,10/28/19 02:17:38 AM,,,99.157,,,,,
13631,10/28/19 02:19:18 AM,99.532,17.760,,-0.005,,,,
13632,10/28/19 02:19:38 AM,,,99.146,,,,,
13633,10/28/19 02:21:18 AM,99.544,17.760,,-0.004,,,,
13634,10/28/19 02:21:38 AM,,,99.157,,,,,
13635,10/28/19 02:23:18 AM,99.567,17.760,,-0.002,,,,
13636,10/28/19 02:23:38 AM,,,99.157,,,,,
13637,10/28/19 02:25:18 AM,99.556,17.760,,-0.004,,,,
13638,10/28/19 02:25:38 AM,,,99.168,,,,,
13639,10/28/19 02:27:18 AM,99.544,17.760,,-0.005,,,,
13640,10/28/19 02:27:38 AM,,,99.157,,,,,
13641,10/28/19 02:29:18 AM,99.544,17.760,,-0.004,,,,
13642,10/28/19 02:29:38 AM,,,99.157,,,,,
13643,10/28/19 02:31:18 AM,99.541,17.665,,-0.004,,,,
13644,10/28/19 02:31:38 AM,,,99.146,,,,,
13645,10/28/19 02:33:18 AM,99.517,17.665,,-0.006,,,,
13646,10/28/19 02:33:38 AM,,,99.146,,,,,
13647,10/28/19 02:35:18 AM,99.517,17.665,,-0.007,,,,
13648,10/28/19 02:35:38 AM,,,99.157,,,,,
13649,10/28/19 02:37:18 AM,99.526,17.570,,-0.006,,,,
13650,10/28/19 02:37:38 AM,,,99.157,,,,,
13651,10/28/19 02:39:18 AM,99.514,17.570,,-0.009,,,,
13652,10/28/19 02:39:38 AM,,,99.179,,,,,
13653,10/28/19 02:41:18 AM,99.514,17.570,,-0.011,,,,
13654,10/28/19 02:41:38 AM,,,99.190,,,,,
13655,10/28/19 02:43:18 AM,99.503,17.570,,-0.012,,,,
13656,10/28/19 02:43:38 AM,,,99.190,,,,,
13657,10/28/19 02:45:18 AM,99.503,17.570,,-0.012,,,,
13658,10/28/19 02:45:38 AM,,,99.190,,,,,
13659,10/28/19 02:47:18 AM,99.479,17.570,,-0.014,,,,
13660,10/28/19 02:47:38 AM,,,99.190,,,,,
13661,10/28/19 02:49:18 AM,99.482,17.665,,-0.012,,,,
13662,10/28/19 02:49:38 AM,,,99.168,,,,,
13663,10/28/19 02:51:18 AM,99.506,17.665,,-0.010,,,,
13664,10/28/19 02:51:38 AM,,,99.179,,,,,
13665,10/28/19 02:53:18 AM,99.482,17.665,,-0.014,,,,
13666,10/28/19 02:53:38 AM,,,99.186,,,,,
13667,10/28/19 02:55:18 AM,99.471,17.665,,-0.014,,,,
13668,10/28/19 02:55:38 AM,,,99.175,,,,,
13669,10/28/19 02:57:18 AM,99.471,17.665,,-0.012,,,,
13670,10/28/19 02:57:38 AM,,,99.153,,,,,
13671,10/28/19 02:59:18 AM,99.447,17.665,,-0.014,,,,
13672,10/28/19 02:59:38 AM,,,99.153,,,,,
13673,10/28/19 03:01:18 AM,99.451,17.760,,-0.014,,,,
13674,10/28/19 03:01:38 AM,,,99.153,,,,,
13675,10/28/19 03:03:18 AM,99.439,17.760,,-0.015,,,,
13676,10/28/19 03:03:38 AM,,,99.153,,,,,
13677,10/28/19 03:05:18 AM,99.439,17.760,,-0.015,,,,
13678,10/28/19 03:05:38 AM,,,99.153,,,,,
13679,10/28/19 03:07:18 AM,99.439,17.760,,-0.014,,,,
13680,10/28/19 03:07:38 AM,,,99.143,,,,,
13681,10/28/19 03:09:18 AM,99.427,17.760,,-0.014,,,,
13682,10/28/19 03:09:38 AM,,,99.132,,,,,
13683,10/28/19 03:11:18 AM,99.404,17.760,,-0.016,,,,
13684,10/28/19 03:11:38 AM,,,99.132,,,,,
13685,10/28/19 03:13:18 AM,99.369,17.760,,-0.018,,,,
13686,10/28/19 03:13:38 AM,,,99.110,,,,,
13687,10/28/19 03:15:18 AM,99.342,17.665,,-0.017,,,,
13688,10/28/19 03:15:38 AM,,,99.077,,,,,
13689,10/28/19 03:17:18 AM,99.342,17.665,,-0.017,,,,
13690,10/28/19 03:17:38 AM,,,99.077,,,,,
13691,10/28/19 03:19:18 AM,99.342,17.665,,-0.018,,,,
13692,10/28/19 03:19:38 AM,,,99.088,,,,,
13693,10/28/19 03:21:18 AM,99.366,17.665,,-0.016,,,,
13694,10/28/19 03:21:38 AM,,,99.088,,,,,
13695,10/28/19 03:23:18 AM,99.354,17.665,,-0.018,,,,
13696,10/28/19 03:23:38 AM,,,99.099,,,,,
13697,10/28/19 03:25:18 AM,99.354,17.665,,-0.018,,,,
13698,10/28/19 03:25:38 AM,,,99.099,,,,,
13699,10/28/19 03:27:18 AM,99.331,17.665,,-0.021,,,,
13700,10/28/19 03:27:38 AM,,,99.110,,,,,
13701,10/28/19 03:29:18 AM,99.354,17.665,,-0.019,,,,
13702,10/28/19 03:29:38 AM,,,99.110,,,,,
13703,10/28/19 03:31:18 AM,99.374,17.570,,-0.019,,,,
13704,10/28/19 03:31:38 AM,,,99.132,,,,,
13705,10/28/19 03:33:18 AM,99.339,17.570,,-0.019,,,,
13706,10/28/19 03:33:38 AM,,,99.088,,,,,
13707,10/28/19 03:35:18 AM,99.316,17.570,,-0.020,,,,
13708,10/28/19 03:35:38 AM,,,99.077,,,,,
13709,10/28/19 03:37:18 AM,99.284,17.665,,-0.020,,,,
13710,10/28/19 03:37:38 AM,,,99.045,,,,,
13711,10/28/19 03:39:18 AM,99.237,17.665,,-0.023,,,,
13712,10/28/19 03:39:38 AM,,,99.030,,,,,
13713,10/28/19 03:41:18 AM,99.272,17.665,,-0.019,,,,
13714,10/28/19 03:41:38 AM,,,99.030,,,,,
13715,10/28/19 03:43:18 AM,99.261,17.665,,-0.022,,,,
13716,10/28/19 03:43:38 AM,,,99.052,,,,,
13717,10/28/19 03:45:18 AM,99.331,17.665,,-0.018,,,,
13718,10/28/19 03:45:38 AM,,,99.084,,,,,
13719,10/28/19 03:47:18 AM,99.319,17.665,,-0.021,,,,
13720,10/28/19 03:47:38 AM,,,99.095,,,,,
13721,10/28/19 03:49:18 AM,99.331,17.665,,-0.023,,,,
13722,10/28/19 03:49:38 AM,,,99.128,,,,,
13723,10/28/19 03:51:18 AM,99.366,17.665,,-0.021,,,,
13724,10/28/19 03:51:38 AM,,,99.139,,,,,
13725,10/28/19 03:53:18 AM,99.319,17.665,,-0.022,,,,
13726,10/28/19 03:53:38 AM,,,99.095,,,,,
13727,10/28/19 03:55:18 AM,99.261,17.665,,-0.023,,,,
13728,10/28/19 03:55:38 AM,,,99.052,,,,,
13729,10/28/19 03:57:18 AM,99.226,17.665,,-0.023,,,,
13730,10/28/19 03:57:38 AM,,,99.019,,,,,
13731,10/28/19 03:59:18 AM,99.214,17.665,,-0.023,,,,
13732,10/28/19 03:59:38 AM,,,99.008,,,,,
13733,10/28/19 04:01:18 AM,99.214,17.665,,-0.024,,,,
13734,10/28/19 04:01:38 AM,,,99.019,,,,,
13735,10/28/19 04:03:18 AM,99.226,17.665,,-0.024,,,,
13736,10/28/19 04:03:38 AM,,,99.030,,,,,
13737,10/28/19 04:05:18 AM,99.202,17.665,,-0.025,,,,
13738,10/28/19 04:05:38 AM,,,99.019,,,,,
13739,10/28/19 04:07:18 AM,99.179,17.665,,-0.027,,,,
13740,10/28/19 04:07:38 AM,,,99.008,,,,,
13741,10/28/19 04:09:18 AM,99.191,17.665,,-0.023,,,,
13742,10/28/19 04:09:38 AM,,,98.986,,,,,
13743,10/28/19 04:11:18 AM,99.202,17.665,,-0.023,,,,
13744,10/28/19 04:11:38 AM,,,98.997,,,,,
13745,10/28/19 04:13:18 AM,99.179,17.665,,-0.025,,,,
13746,10/28/19 04:13:38 AM,,,98.997,,,,,
13747,10/28/19 04:15:18 AM,99.202,17.665,,-0.023,,,,
13748,10/28/19 04:15:38 AM,,,98.997,,,,,
13749,10/28/19 04:17:18 AM,99.179,17.665,,-0.024,,,,
13750,10/28/19 04:17:38 AM,,,98.986,,,,,
13751,10/28/19 04:19:18 AM,99.179,17.665,,-0.023,,,,
13752,10/28/19 04:19:38 AM,,,98.975,,,,,
13753,10/28/19 04:21:18 AM,99.191,17.665,,-0.022,,,,
13754,10/28/19 04:21:38 AM,,,98.975,,,,,
13755,10/28/19 04:23:18 AM,99.191,17.665,,-0.024,,,,
13756,10/28/19 04:23:38 AM,,,98.997,,,,,
13757,10/28/19 04:25:18 AM,99.179,17.665,,-0.025,,,,
13758,10/28/19 04:25:38 AM,,,98.997,,,,,
13759,10/28/19 04:27:18 AM,99.187,17.570,,-0.025,,,,
13760,10/28/19 04:27:38 AM,,,99.008,,,,,
13761,10/28/19 04:29:18 AM,99.211,17.570,,-0.023,,,,
13762,10/28/19 04:29:38 AM,,,99.008,,,,,
13763,10/28/19 04:31:18 AM,99.184,17.475,,-0.028,,,,
13764,10/28/19 04:31:38 AM,,,99.030,,,,,
13765,10/28/19 04:33:18 AM,99.184,17.475,,-0.026,,,,
13766,10/28/19 04:33:38 AM,,,99.008,,,,,
13767,10/28/19 04:35:18 AM,99.184,17.475,,-0.028,,,,
13768,10/28/19 04:35:38 AM,,,99.030,,,,,
13769,10/28/19 04:37:18 AM,99.181,17.379,,-0.029,,,,
13770,10/28/19 04:37:38 AM,,,99.030,,,,,
13771,10/28/19 04:39:18 AM,99.204,17.379,,-0.027,,,,
13772,10/28/19 04:39:38 AM,,,99.041,,,,,
13773,10/28/19 04:41:18 AM,99.224,17.284,,-0.026,,,,
13774,10/28/19 04:41:38 AM,,,99.052,,,,,
13775,10/28/19 04:43:18 AM,99.189,17.284,,-0.028,,,,
13776,10/28/19 04:43:38 AM,,,99.026,,,,,
13777,10/28/19 04:45:18 AM,99.224,17.284,,-0.026,,,,
13778,10/28/19 04:45:38 AM,,,99.048,,,,,
13779,10/28/19 04:47:18 AM,99.189,17.284,,-0.030,,,,
13780,10/28/19 04:47:38 AM,,,99.059,,,,,
13781,10/28/19 04:49:18 AM,99.198,17.189,,-0.029,,,,
13782,10/28/19 04:49:38 AM,,,99.048,,,,,
13783,10/28/19 04:51:18 AM,99.209,17.189,,-0.027,,,,
13784,10/28/19 04:51:38 AM,,,99.048,,,,,
13785,10/28/19 04:53:18 AM,99.206,17.094,,-0.029,,,,
13786,10/28/19 04:53:38 AM,,,99.059,,,,,
13787,10/28/19 04:55:18 AM,99.206,17.094,,-0.028,,,,
13788,10/28/19 04:55:38 AM,,,99.048,,,,,
13789,10/28/19 04:57:18 AM,99.194,17.094,,-0.030,,,,
13790,10/28/19 04:57:38 AM,,,99.059,,,,,
13791,10/28/19 04:59:18 AM,99.191,16.999,,-0.030,,,,
13792,10/28/19 04:59:38 AM,,,99.048,,,,,
13793,10/28/19 05:01:18 AM,99.168,16.999,,-0.032,,,,
13794,10/28/19 05:01:38 AM,,,99.048,,,,,
13795,10/28/19 05:03:18 AM,99.179,16.999,,-0.030,,,,
13796,10/28/19 05:03:38 AM,,,99.037,,,,,
13797,10/28/19 05:05:18 AM,99.176,16.903,,-0.031,,,,
13798,10/28/19 05:05:38 AM,,,99.048,,,,,
13799,10/28/19 05:07:18 AM,99.165,16.903,,-0.030,,,,
13800,10/28/19 05:07:38 AM,,,99.026,,,,,
13801,10/28/19 05:09:18 AM,99.150,16.808,,-0.031,,,,
13802,10/28/19 05:09:38 AM,,,99.026,,,,,
13803,10/28/19 05:11:18 AM,99.161,16.808,,-0.032,,,,
13804,10/28/19 05:11:38 AM,,,99.048,,,,,
13805,10/28/19 05:13:18 AM,99.161,16.808,,-0.031,,,,
13806,10/28/19 05:13:38 AM,,,99.037,,,,,
13807,10/28/19 05:15:18 AM,99.173,16.808,,-0.030,,,,
13808,10/28/19 05:15:38 AM,,,99.033,,,,,
13809,10/28/19 05:17:18 AM,99.158,16.713,,-0.031,,,,
13810,10/28/19 05:17:38 AM,,,99.033,,,,,
13811,10/28/19 05:19:18 AM,99.170,16.713,,-0.031,,,,
13812,10/28/19 05:19:38 AM,,,99.044,,,,,
13813,10/28/19 05:21:18 AM,99.170,16.713,,-0.031,,,,
13814,10/28/19 05:21:38 AM,,,99.044,,,,,
13815,10/28/19 05:23:18 AM,99.158,16.713,,-0.031,,,,
13816,10/28/19 05:23:38 AM,,,99.033,,,,,
13817,10/28/19 05:25:18 AM,99.143,16.618,,-0.034,,,,
13818,10/28/19 05:25:38 AM,,,99.044,,,,,
13819,10/28/19 05:27:18 AM,99.155,16.618,,-0.033,,,,
13820,10/28/19 05:27:38 AM,,,99.044,,,,,
13821,10/28/19 05:29:18 AM,99.178,16.618,,-0.030,,,,
13822,10/28/19 05:29:38 AM,,,99.044,,,,,
13823,10/28/19 05:31:18 AM,99.166,16.618,,-0.031,,,,
13824,10/28/19 05:31:38 AM,,,99.044,,,,,
13825,10/28/19 05:33:18 AM,99.140,16.523,,-0.034,,,,
13826,10/28/19 05:33:38 AM,,,99.044,,,,,
13827,10/28/19 05:35:18 AM,99.163,16.523,,-0.032,,,,
13828,10/28/19 05:35:38 AM,,,99.044,,,,,
13829,10/28/19 05:37:18 AM,99.175,16.523,,-0.032,,,,
13830,10/28/19 05:37:38 AM,,,99.066,,,,,
13831,10/28/19 05:39:18 AM,99.163,16.523,,-0.035,,,,
13832,10/28/19 05:39:38 AM,,,99.076,,,,,
13833,10/28/19 05:41:18 AM,99.175,16.523,,-0.034,,,,
13834,10/28/19 05:41:38 AM,,,99.076,,,,,
13835,10/28/19 05:43:18 AM,99.175,16.523,,-0.033,,,,
13836,10/28/19 05:43:38 AM,,,99.066,,,,,
13837,10/28/19 05:45:18 AM,99.187,16.523,,-0.033,,,,
13838,10/28/19 05:45:38 AM,,,99.083,,,,,
13839,10/28/19 05:47:18 AM,99.195,16.427,,-0.033,,,,
13840,10/28/19 05:47:38 AM,,,99.083,,,,,
13841,10/28/19 05:49:18 AM,99.183,16.427,,-0.033,,,,
13842,10/28/19 05:49:38 AM,,,99.073,,,,,
13843,10/28/19 05:51:18 AM,99.198,16.523,,-0.032,,,,
13844,10/28/19 05:51:38 AM,,,99.083,,,,,
13845,10/28/19 05:53:18 AM,99.187,16.523,,-0.034,,,,
13846,10/28/19 05:53:38 AM,,,99.094,,,,,
13847,10/28/19 05:55:18 AM,99.198,16.523,,-0.034,,,,
13848,10/28/19 05:55:38 AM,,,99.105,,,,,
13849,10/28/19 05:57:18 AM,99.187,16.523,,-0.035,,,,
13850,10/28/19 05:57:38 AM,,,99.094,,,,,
13851,10/28/19 05:59:18 AM,99.198,16.523,,-0.035,,,,
13852,10/28/19 05:59:38 AM,,,99.116,,,,,
13853,10/28/19 06:01:18 AM,99.198,16.523,,-0.037,,,,
13854,10/28/19 06:01:38 AM,,,99.127,,,,,
13855,10/28/19 06:03:18 AM,99.198,16.523,,-0.036,,,,
13856,10/28/19 06:03:38 AM,,,99.116,,,,,
13857,10/28/19 06:05:18 AM,99.210,16.523,,-0.033,,,,
13858,10/28/19 06:05:38 AM,,,99.105,,,,,
13859,10/28/19 06:07:18 AM,99.210,16.523,,-0.035,,,,
13860,10/28/19 06:07:38 AM,,,99.127,,,,,
13861,10/28/19 06:09:18 AM,99.198,16.523,,-0.036,,,,
13862,10/28/19 06:09:38 AM,,,99.116,,,,,
13863,10/28/19 06:11:18 AM,99.213,16.618,,-0.034,,,,
13864,10/28/19 06:11:38 AM,,,99.112,,,,,
13865,10/28/19 06:13:18 AM,99.213,16.618,,-0.034,,,,
13866,10/28/19 06:13:38 AM,,,99.112,,,,,
13867,10/28/19 06:15:18 AM,99.216,16.713,,-0.034,,,,
13868,10/28/19 06:15:38 AM,,,99.123,,,,,
13869,10/28/19 06:17:18 AM,99.205,16.713,,-0.035,,,,
13870,10/28/19 06:17:38 AM,,,99.112,,,,,
13871,10/28/19 06:19:18 AM,99.208,16.808,,-0.034,,,,
13872,10/28/19 06:19:38 AM,,,99.112,,,,,
13873,10/28/19 06:21:18 AM,99.223,16.903,,-0.033,,,,
13874,10/28/19 06:21:38 AM,,,99.112,,,,,
13875,10/28/19 06:23:18 AM,99.200,16.903,,-0.034,,,,
13876,10/28/19 06:23:38 AM,,,99.101,,,,,
13877,10/28/19 06:25:18 AM,99.179,16.999,,-0.035,,,,
13878,10/28/19 06:25:38 AM,,,99.090,,,,,
13879,10/28/19 06:27:18 AM,99.171,17.094,,-0.036,,,,
13880,10/28/19 06:27:38 AM,,,99.090,,,,,
13881,10/28/19 06:29:18 AM,99.183,17.094,,-0.035,,,,
13882,10/28/19 06:29:38 AM,,,99.101,,,,,
13883,10/28/19 06:31:18 AM,99.186,17.189,,-0.035,,,,
13884,10/28/19 06:31:38 AM,,,99.101,,,,,
13885,10/28/19 06:33:18 AM,99.174,17.189,,-0.036,,,,
13886,10/28/19 06:33:38 AM,,,99.101,,,,,
13887,10/28/19 06:35:18 AM,99.186,17.189,,-0.035,,,,
13888,10/28/19 06:35:38 AM,,,99.101,,,,,
13889,10/28/19 06:37:18 AM,99.213,17.284,,-0.032,,,,
13890,10/28/19 06:37:38 AM,,,99.090,,,,,
13891,10/28/19 06:39:18 AM,99.213,17.284,,-0.032,,,,
13892,10/28/19 06:39:38 AM,,,99.101,,,,,
13893,10/28/19 06:41:18 AM,99.201,17.284,,-0.034,,,,
13894,10/28/19 06:41:38 AM,,,99.101,,,,,
13895,10/28/19 06:43:18 AM,99.154,17.284,,-0.038,,,,
13896,10/28/19 06:43:38 AM,,,99.090,,,,,
13897,10/28/19 06:45:18 AM,99.181,17.379,,-0.035,,,,
13898,10/28/19 06:45:38 AM,,,99.090,,,,,
13899,10/28/19 06:47:18 AM,99.192,17.379,,-0.034,,,,
13900,10/28/19 06:47:38 AM,,,99.101,,,,,
13901,10/28/19 06:49:18 AM,99.169,17.379,,-0.037,,,,
13902,10/28/19 06:49:38 AM,,,99.101,,,,,
13903,10/28/19 06:51:18 AM,99.169,17.379,,-0.036,,,,
13904,10/28/19 06:51:38 AM,,,99.090,,,,,
13905,10/28/19 06:53:18 AM,99.161,17.475,,-0.038,,,,
13906,10/28/19 06:53:38 AM,,,99.101,,,,,
13907,10/28/19 06:55:18 AM,99.172,17.475,,-0.037,,,,
13908,10/28/19 06:55:38 AM,,,99.101,,,,,
13909,10/28/19 06:57:18 AM,99.172,17.475,,-0.037,,,,
13910,10/28/19 06:57:38 AM,,,99.101,,,,,
13911,10/28/19 06:59:18 AM,99.172,17.475,,-0.036,,,,
13912,10/28/19 06:59:38 AM,,,99.090,,,,,
13913,10/28/19 07:01:18 AM,99.149,17.475,,-0.037,,,,
13914,10/28/19 07:01:38 AM,,,99.080,,,,,
13915,10/28/19 07:03:18 AM,99.164,17.570,,-0.035,,,,
13916,10/28/19 07:03:38 AM,,,99.080,,,,,
13917,10/28/19 07:05:18 AM,99.176,17.570,,-0.033,,,,
13918,10/28/19 07:05:38 AM,,,99.069,,,,,
13919,10/28/19 07:07:18 AM,99.152,17.570,,-0.035,,,,
13920,10/28/19 07:07:38 AM,,,99.069,,,,,
13921,10/28/19 07:09:18 AM,99.129,17.570,,-0.037,,,,
13922,10/28/19 07:09:38 AM,,,99.058,,,,,
13923,10/28/19 07:11:18 AM,99.156,17.665,,-0.035,,,,
13924,10/28/19 07:11:38 AM,,,99.069,,,,,
13925,10/28/19 07:13:18 AM,99.156,17.665,,-0.035,,,,
13926,10/28/19 07:13:38 AM,,,99.069,,,,,
13927,10/28/19 07:15:18 AM,99.144,17.665,,-0.038,,,,
13928,10/28/19 07:15:38 AM,,,99.090,,,,,
13929,10/28/19 07:17:18 AM,99.159,17.760,,-0.037,,,,
13930,10/28/19 07:17:38 AM,,,99.090,,,,,
13931,10/28/19 07:19:18 AM,99.170,17.760,,-0.037,,,,
13932,10/28/19 07:19:38 AM,,,99.101,,,,,
13933,10/28/19 07:21:18 AM,99.170,17.760,,-0.037,,,,
13934,10/28/19 07:21:38 AM,,,99.101,,,,,
13935,10/28/19 07:23:18 AM,99.174,17.855,,-0.036,,,,
13936,10/28/19 07:23:38 AM,,,99.101,,,,,
13937,10/28/19 07:25:18 AM,99.185,17.855,,-0.036,,,,
13938,10/28/19 07:25:38 AM,,,99.112,,,,,
13939,10/28/19 07:27:18 AM,99.209,17.855,,-0.035,,,,
13940,10/28/19 07:27:38 AM,,,99.123,,,,,
13941,10/28/19 07:29:18 AM,99.189,17.950,,-0.036,,,,
13942,10/28/19 07:29:38 AM,,,99.112,,,,,
13943,10/28/19 07:31:18 AM,99.189,17.950,,-0.036,,,,
13944,10/28/19 07:31:38 AM,,,99.112,,,,,
13945,10/28/19 07:33:18 AM,99.165,17.950,,-0.038,,,,
13946,10/28/19 07:33:38 AM,,,99.105,,,,,
13947,10/28/19 07:35:18 AM,99.177,17.950,,-0.036,,,,
13948,10/28/19 07:35:38 AM,,,99.094,,,,,
13949,10/28/19 07:37:18 AM,99.204,18.045,,-0.034,,,,
13950,10/28/19 07:37:38 AM,,,99.105,,,,,
13951,10/28/19 07:39:18 AM,99.192,18.045,,-0.035,,,,
13952,10/28/19 07:39:38 AM,,,99.105,,,,,
13953,10/28/19 07:41:18 AM,99.204,18.045,,-0.034,,,,
13954,10/28/19 07:41:38 AM,,,99.109,,,,,
13955,10/28/19 07:43:18 AM,99.195,18.140,,-0.035,,,,
13956,10/28/19 07:43:38 AM,,,99.109,,,,,
13957,10/28/19 07:45:18 AM,99.195,18.140,,-0.035,,,,
13958,10/28/19 07:45:38 AM,,,99.109,,,,,
13959,10/28/19 07:47:18 AM,99.184,18.140,,-0.038,,,,
13960,10/28/19 07:47:38 AM,,,99.131,,,,,
13961,10/28/19 07:49:18 AM,99.187,18.236,,-0.039,,,,
13962,10/28/19 07:49:38 AM,,,99.135,,,,,
13963,10/28/19 07:51:18 AM,99.163,18.236,,-0.039,,,,
13964,10/28/19 07:51:38 AM,,,99.113,,,,,
13965,10/28/19 07:53:18 AM,99.175,18.236,,-0.037,,,,
13966,10/28/19 07:53:38 AM,,,99.102,,,,,
13967,10/28/19 07:55:18 AM,99.178,18.331,,-0.037,,,,
13968,10/28/19 07:55:38 AM,,,99.113,,,,,
13969,10/28/19 07:57:18 AM,99.202,18.331,,-0.036,,,,
13970,10/28/19 07:57:38 AM,,,99.128,,,,,
13971,10/28/19 07:59:18 AM,99.202,18.331,,-0.036,,,,
13972,10/28/19 07:59:38 AM,,,99.128,,,,,
13973,10/28/19 08:01:18 AM,99.193,18.426,,-0.036,,,,
13974,10/28/19 08:01:38 AM,,,99.117,,,,,
13975,10/28/19 08:03:18 AM,99.182,18.426,,-0.039,,,,
13976,10/28/19 08:03:38 AM,,,99.139,,,,,
13977,10/28/19 08:05:18 AM,99.185,18.521,,-0.039,,,,
13978,10/28/19 08:05:38 AM,,,99.132,,,,,
13979,10/28/19 08:07:18 AM,99.173,18.521,,-0.039,,,,
13980,10/28/19 08:07:38 AM,,,99.121,,,,,
13981,10/28/19 08:09:18 AM,99.177,18.616,,-0.037,,,,
13982,10/28/19 08:09:38 AM,,,99.110,,,,,
13983,10/28/19 08:11:18 AM,99.177,18.616,,-0.039,,,,
13984,10/28/19 08:11:38 AM,,,99.132,,,,,
13985,10/28/19 08:13:18 AM,99.165,18.616,,-0.039,,,,
13986,10/28/19 08:13:38 AM,,,99.114,,,,,
13987,10/28/19 08:15:18 AM,99.180,18.711,,-0.038,,,,
13988,10/28/19 08:15:38 AM,,,99.125,,,,,
13989,10/28/19 08:17:18 AM,99.168,18.711,,-0.039,,,,
13990,10/28/19 08:17:38 AM,,,99.114,,,,,
13991,10/28/19 08:19:18 AM,99.168,18.711,,-0.038,,,,
13992,10/28/19 08:19:38 AM,,,99.114,,,,,
13993,10/28/19 08:21:18 AM,99.171,18.806,,-0.038,,,,
13994,10/28/19 08:21:38 AM,,,99.114,,,,,
13995,10/28/19 08:23:18 AM,99.171,18.806,,-0.038,,,,
13996,10/28/19 08:23:38 AM,,,99.114,,,,,
13997,10/28/19 08:25:18 AM,99.186,18.901,,-0.037,,,,
13998,10/28/19 08:25:38 AM,,,99.118,,,,,
13999,10/28/19 08:27:18 AM,99.175,18.901,,-0.038,,,,
14000,10/28/19 08:27:38 AM,,,99.118,,,,,
14001,10/28/19 08:29:18 AM,99.190,18.996,,-0.036,,,,
14002,10/28/19 08:29:38 AM,,,99.107,,,,,
14003,10/28/19 08:31:18 AM,99.166,18.996,,-0.037,,,,
14004,10/28/19 08:31:38 AM,,,99.096,,,,,
14005,10/28/19 08:33:18 AM,99.158,19.092,,-0.037,,,,
14006,10/28/19 08:33:38 AM,,,99.085,,,,,
14007,10/28/19 08:35:18 AM,99.135,19.092,,-0.041,,,,
14008,10/28/19 08:35:38 AM,,,99.111,,,,,
14009,10/28/19 08:37:18 AM,99.173,19.187,,-0.038,,,,
14010,10/28/19 08:37:38 AM,,,99.111,,,,,
14011,10/28/19 08:39:18 AM,99.153,19.282,,-0.040,,,,
14012,10/28/19 08:39:38 AM,,,99.111,,,,,
14013,10/28/19 08:41:18 AM,99.141,19.282,,-0.040,,,,
14014,10/28/19 08:41:38 AM,,,99.100,,,,,
14015,10/28/19 08:43:18 AM,99.133,19.377,,-0.041,,,,
14016,10/28/19 08:43:38 AM,,,99.104,,,,,
14017,10/28/19 08:45:18 AM,99.136,19.472,,-0.042,,,,
14018,10/28/19 08:45:38 AM,,,99.115,,,,,
14019,10/28/19 08:47:18 AM,99.128,19.567,,-0.041,,,,
14020,10/28/19 08:47:38 AM,,,99.093,,,,,
14021,10/28/19 08:49:18 AM,99.119,19.662,,-0.041,,,,
14022,10/28/19 08:49:38 AM,,,99.093,,,,,
14023,10/28/19 08:51:18 AM,99.134,19.758,,-0.041,,,,
14024,10/28/19 08:51:38 AM,,,99.108,,,,,
14025,10/28/19 08:53:18 AM,99.149,19.853,,-0.041,,,,
14026,10/28/19 08:53:38 AM,,,99.119,,,,,
14027,10/28/19 08:55:18 AM,99.141,19.948,,-0.040,,,,
14028,10/28/19 08:55:38 AM,,,99.097,,,,,
14029,10/28/19 08:57:18 AM,99.129,19.948,,-0.040,,,,
14030,10/28/19 08:57:38 AM,,,99.086,,,,,
14031,10/28/19 08:59:18 AM,99.129,19.948,,-0.041,,,,
14032,10/28/19 08:59:38 AM,,,99.101,,,,,
14033,10/28/19 09:01:18 AM,99.141,19.948,,-0.041,,,,
14034,10/28/19 09:01:38 AM,,,99.112,,,,,
14035,10/28/19 09:03:18 AM,99.141,19.948,,-0.042,,,,
14036,10/28/19 09:03:38 AM,,,99.122,,,,,
14037,10/28/19 09:05:18 AM,99.137,19.853,,-0.042,,,,
14038,10/28/19 09:05:38 AM,,,99.122,,,,,
14039,10/28/19 09:07:18 AM,99.114,19.853,,-0.042,,,,
14040,10/28/19 09:07:38 AM,,,99.090,,,,,
14041,10/28/19 09:09:18 AM,99.114,19.853,,-0.042,,,,
14042,10/28/19 09:09:38 AM,,,99.094,,,,,
14043,10/28/19 09:11:18 AM,99.149,19.853,,-0.040,,,,
14044,10/28/19 09:11:38 AM,,,99.115,,,,,
14045,10/28/19 09:13:18 AM,99.149,19.853,,-0.040,,,,
14046,10/28/19 09:13:38 AM,,,99.105,,,,,
14047,10/28/19 09:15:18 AM,99.137,19.853,,-0.041,,,,
14048,10/28/19 09:15:38 AM,,,99.105,,,,,
14049,10/28/19 09:17:18 AM,99.152,19.948,,-0.040,,,,
14050,10/28/19 09:17:38 AM,,,99.115,,,,,
14051,10/28/19 09:19:18 AM,99.164,19.948,,-0.040,,,,
14052,10/28/19 09:19:38 AM,,,99.126,,,,,
14053,10/28/19 09:21:18 AM,99.167,20.043,,-0.041,,,,
14054,10/28/19 09:21:38 AM,,,99.137,,,,,
14055,10/28/19 09:23:18 AM,99.167,20.043,,-0.041,,,,
14056,10/28/19 09:23:38 AM,,,99.137,,,,,
14057,10/28/19 09:25:18 AM,99.159,20.138,,-0.040,,,,
14058,10/28/19 09:25:38 AM,,,99.119,,,,,
14059,10/28/19 09:27:18 AM,99.159,20.138,,-0.041,,,,
14060,10/28/19 09:27:38 AM,,,99.130,,,,,
14061,10/28/19 09:29:18 AM,99.139,20.234,,-0.041,,,,
14062,10/28/19 09:29:38 AM,,,99.109,,,,,
14063,10/28/19 09:31:18 AM,99.154,20.329,,-0.039,,,,
14064,10/28/19 09:31:38 AM,,,99.109,,,,,
14065,10/28/19 09:33:18 AM,99.157,20.424,,-0.040,,,,
14066,10/28/19 09:33:38 AM,,,99.119,,,,,
14067,10/28/19 09:35:18 AM,99.137,20.519,,-0.040,,,,
14068,10/28/19 09:35:38 AM,,,99.098,,,,,
14069,10/28/19 09:37:18 AM,99.144,20.710,,-0.040,,,,
14070,10/28/19 09:37:38 AM,,,99.109,,,,,
14071,10/28/19 09:39:18 AM,99.147,20.805,,-0.040,,,,
14072,10/28/19 09:39:38 AM,,,99.112,,,,,
14073,10/28/19 09:41:18 AM,99.142,20.996,,-0.041,,,,
14074,10/28/19 09:41:38 AM,,,99.112,,,,,
14075,10/28/19 09:43:18 AM,99.130,20.996,,-0.042,,,,
14076,10/28/19 09:43:38 AM,,,99.112,,,,,
14077,10/28/19 09:45:18 AM,99.145,21.091,,-0.041,,,,
14078,10/28/19 09:45:38 AM,,,99.112,,,,,
14079,10/28/19 09:47:18 AM,99.157,21.091,,-0.039,,,,
14080,10/28/19 09:47:38 AM,,,99.112,,,,,
14081,10/28/19 09:49:18 AM,99.157,21.091,,-0.040,,,,
14082,10/28/19 09:49:38 AM,,,99.123,,,,,
14083,10/28/19 09:51:18 AM,99.149,21.187,,-0.043,,,,
14084,10/28/19 09:51:38 AM,,,99.138,,,,,
14085,10/28/19 09:53:18 AM,99.152,21.282,,-0.043,,,,
14086,10/28/19 09:53:38 AM,,,99.138,,,,,
14087,10/28/19 09:55:18 AM,99.147,21.473,,-0.042,,,,
14088,10/28/19 09:55:38 AM,,,99.127,,,,,
14089,10/28/19 09:57:18 AM,99.154,21.664,,-0.042,,,,
14090,10/28/19 09:57:38 AM,,,99.131,,,,,
14091,10/28/19 09:59:18 AM,99.149,21.855,,-0.040,,,,
14092,10/28/19 09:59:38 AM,,,99.109,,,,,
14093,10/28/19 10:01:18 AM,99.152,21.951,,-0.040,,,,
14094,10/28/19 10:01:38 AM,,,99.120,,,,,
14095,10/28/19 10:03:18 AM,99.159,22.142,,-0.040,,,,
14096,10/28/19 10:03:38 AM,,,99.124,,,,,
14097,10/28/19 10:05:18 AM,99.162,22.238,,-0.040,,,,
14098,10/28/19 10:05:38 AM,,,99.124,,,,,
14099,10/28/19 10:07:18 AM,99.169,22.429,,-0.039,,,,
14100,10/28/19 10:07:38 AM,,,99.124,,,,,
14101,10/28/19 10:09:18 AM,99.172,22.525,,-0.039,,,,
14102,10/28/19 10:09:38 AM,,,99.124,,,,,
14103,10/28/19 10:11:18 AM,99.167,22.717,,-0.040,,,,
14104,10/28/19 10:11:38 AM,,,99.128,,,,,
14105,10/28/19 10:13:18 AM,99.194,22.812,,-0.039,,,,
14106,10/28/19 10:13:38 AM,,,99.150,,,,,
14107,10/28/19 10:15:18 AM,99.186,22.908,,-0.039,,,,
14108,10/28/19 10:15:38 AM,,,99.139,,,,,
14109,10/28/19 10:17:18 AM,99.169,23.100,,-0.041,,,,
14110,10/28/19 10:17:38 AM,,,99.139,,,,,
14111,10/28/19 10:19:18 AM,99.181,23.100,,-0.040,,,,
14112,10/28/19 10:19:38 AM,,,99.139,,,,,
14113,10/28/19 10:21:18 AM,99.172,23.196,,-0.041,,,,
14114,10/28/19 10:21:38 AM,,,99.143,,,,,
14115,10/28/19 10:23:18 AM,99.161,23.196,,-0.041,,,,
14116,10/28/19 10:23:38 AM,,,99.132,,,,,
14117,10/28/19 10:25:18 AM,99.157,23.100,,-0.040,,,,
14118,10/28/19 10:25:38 AM,,,99.121,,,,,
14119,10/28/19 10:27:18 AM,99.154,23.004,,-0.041,,,,
14120,10/28/19 10:27:38 AM,,,99.121,,,,,
14121,10/28/19 10:29:18 AM,99.166,23.004,,-0.040,,,,
14122,10/28/19 10:29:38 AM,,,99.132,,,,,
14123,10/28/19 10:31:18 AM,99.171,22.812,,-0.041,,,,
14124,10/28/19 10:31:38 AM,,,99.143,,,,,
14125,10/28/19 10:33:18 AM,99.167,22.717,,-0.041,,,,
14126,10/28/19 10:33:38 AM,,,99.132,,,,,
14127,10/28/19 10:35:18 AM,99.155,22.717,,-0.042,,,,
14128,10/28/19 10:35:38 AM,,,99.136,,,,,
14129,10/28/19 10:37:18 AM,99.152,22.621,,-0.041,,,,
14130,10/28/19 10:37:38 AM,,,99.125,,,,,
14131,10/28/19 10:39:18 AM,99.149,22.525,,-0.040,,,,
14132,10/28/19 10:39:38 AM,,,99.103,,,,,
14133,10/28/19 10:41:18 AM,99.125,22.525,,-0.039,,,,
14134,10/28/19 10:41:38 AM,,,99.071,,,,,
14135,10/28/19 10:43:18 AM,99.090,22.525,,-0.041,,,,
14136,10/28/19 10:43:38 AM,,,99.060,,,,,
14137,10/28/19 10:45:18 AM,99.090,22.525,,-0.039,,,,
14138,10/28/19 10:45:38 AM,,,99.042,,,,,
14139,10/28/19 10:47:18 AM,99.067,22.525,,-0.042,,,,
14140,10/28/19 10:47:38 AM,,,99.053,,,,,
14141,10/28/19 10:49:18 AM,99.074,22.717,,-0.042,,,,
14142,10/28/19 10:49:38 AM,,,99.053,,,,,
14143,10/28/19 10:51:18 AM,99.080,22.908,,-0.042,,,,
14144,10/28/19 10:51:38 AM,,,99.064,,,,,
14145,10/28/19 10:53:18 AM,99.095,23.004,,-0.042,,,,
14146,10/28/19 10:53:38 AM,,,99.075,,,,,
14147,10/28/19 10:55:18 AM,99.090,23.196,,-0.043,,,,
14148,10/28/19 10:55:38 AM,,,99.079,,,,,
14149,10/28/19 10:57:18 AM,99.106,23.292,,-0.041,,,,
14150,10/28/19 10:57:38 AM,,,99.079,,,,,
14151,10/28/19 10:59:18 AM,99.112,23.484,,-0.041,,,,
14152,10/28/19 10:59:38 AM,,,99.079,,,,,
14153,10/28/19 11:01:18 AM,99.127,23.581,,-0.039,,,,
14154,10/28/19 11:01:38 AM,,,99.079,,,,,
14155,10/28/19 11:03:18 AM,99.107,23.677,,-0.041,,,,
14156,10/28/19 11:03:38 AM,,,99.079,,,,,
14157,10/28/19 11:05:18 AM,99.111,23.773,,-0.040,,,,
14158,10/28/19 11:05:38 AM,,,99.072,,,,,
14159,10/28/19 11:07:18 AM,99.114,23.869,,-0.040,,,,
14160,10/28/19 11:07:38 AM,,,99.072,,,,,
14161,10/28/19 11:09:18 AM,99.098,24.062,,-0.039,,,,
14162,10/28/19 11:09:38 AM,,,99.050,,,,,
14163,10/28/19 11:11:18 AM,99.101,24.158,,-0.040,,,,
14164,10/28/19 11:11:38 AM,,,99.061,,,,,
14165,10/28/19 11:13:18 AM,99.108,24.351,,-0.039,,,,
14166,10/28/19 11:13:38 AM,,,99.065,,,,,
14167,10/28/19 11:15:18 AM,99.100,24.448,,-0.041,,,,
14168,10/28/19 11:15:38 AM,,,99.076,,,,,
14169,10/28/19 11:17:18 AM,99.126,24.545,,-0.039,,,,
14170,10/28/19 11:17:38 AM,,,99.076,,,,,
14171,10/28/19 11:19:18 AM,99.103,24.545,,-0.040,,,,
14172,10/28/19 11:19:38 AM,,,99.065,,,,,
14173,10/28/19 11:21:18 AM,99.106,24.641,,-0.040,,,,
14174,10/28/19 11:21:38 AM,,,99.069,,,,,
14175,10/28/19 11:23:18 AM,99.103,24.545,,-0.041,,,,
14176,10/28/19 11:23:38 AM,,,99.079,,,,,
14177,10/28/19 11:25:18 AM,99.123,24.448,,-0.038,,,,
14178,10/28/19 11:25:38 AM,,,99.058,,,,,
14179,10/28/19 11:27:18 AM,99.111,24.448,,-0.039,,,,
14180,10/28/19 11:27:38 AM,,,99.062,,,,,
14181,10/28/19 11:29:18 AM,99.111,24.448,,-0.039,,,,
14182,10/28/19 11:29:38 AM,,,99.062,,,,,
14183,10/28/19 11:31:18 AM,99.126,24.545,,-0.039,,,,
14184,10/28/19 11:31:38 AM,,,99.083,,,,,
14185,10/28/19 11:33:18 AM,99.138,24.545,,-0.040,,,,
14186,10/28/19 11:33:38 AM,,,99.105,,,,,
14187,10/28/19 11:35:18 AM,99.141,24.641,,-0.041,,,,
14188,10/28/19 11:35:38 AM,,,99.109,,,,,
14189,10/28/19 11:37:18 AM,99.141,24.641,,-0.040,,,,
14190,10/28/19 11:37:38 AM,,,99.098,,,,,
14191,10/28/19 11:39:18 AM,99.141,24.641,,-0.040,,,,
14192,10/28/19 11:39:38 AM,,,99.109,,,,,
14193,10/28/19 11:41:18 AM,99.141,24.641,,-0.041,,,,
14194,10/28/19 11:41:38 AM,,,99.113,,,,,
14195,10/28/19 11:43:18 AM,99.157,24.738,,-0.038,,,,
14196,10/28/19 11:43:38 AM,,,99.091,,,,,
14197,10/28/19 11:45:18 AM,99.148,24.835,,-0.040,,,,
14198,10/28/19 11:45:38 AM,,,99.113,,,,,
14199,10/28/19 11:47:18 AM,99.137,24.835,,-0.041,,,,
14200,10/28/19 11:47:38 AM,,,99.113,,,,,
14201,10/28/19 11:49:18 AM,99.163,24.931,,-0.040,,,,
14202,10/28/19 11:49:38 AM,,,99.128,,,,,
14203,10/28/19 11:51:18 AM,99.152,24.931,,-0.041,,,,
14204,10/28/19 11:51:38 AM,,,99.128,,,,,
14205,10/28/19 11:53:18 AM,99.163,24.931,,-0.039,,,,
14206,10/28/19 11:53:38 AM,,,99.117,,,,,
14207,10/28/19 11:55:18 AM,99.152,24.931,,-0.039,,,,
14208,10/28/19 11:55:38 AM,,,99.106,,,,,
14209,10/28/19 11:57:18 AM,99.163,24.931,,-0.038,,,,
14210,10/28/19 11:57:38 AM,,,99.110,,,,,
14211,10/28/19 11:59:18 AM,99.152,24.931,,-0.040,,,,
14212,10/28/19 11:59:38 AM,,,99.110,,,,,
14213,10/28/19 12:01:18 PM,99.144,25.028,,-0.040,,,,
14214,10/28/19 12:01:38 PM,,,99.099,,,,,
14215,10/28/19 12:03:18 PM,99.159,25.125,,-0.039,,,,
14216,10/28/19 12:03:38 PM,,,99.110,,,,,
14217,10/28/19 12:05:18 PM,99.159,25.125,,-0.038,,,,
14218,10/28/19 12:05:38 PM,,,99.099,,,,,
14219,10/28/19 12:07:18 PM,99.147,25.125,,-0.039,,,,
14220,10/28/19 12:07:38 PM,,,99.099,,,,,
14221,10/28/19 12:09:18 PM,99.135,25.125,,-0.041,,,,
14222,10/28/19 12:09:38 PM,,,99.103,,,,,
14223,10/28/19 12:11:18 PM,99.147,25.125,,-0.038,,,,
14224,10/28/19 12:11:38 PM,,,99.081,,,,,
14225,10/28/19 12:13:18 PM,99.139,25.222,,-0.039,,,,
14226,10/28/19 12:13:38 PM,,,99.092,,,,,
14227,10/28/19 12:15:18 PM,99.130,25.319,,-0.040,,,,
14228,10/28/19 12:15:38 PM,,,99.092,,,,,
14229,10/28/19 12:17:18 PM,99.122,25.416,,-0.039,,,,
14230,10/28/19 12:17:38 PM,,,99.075,,,,,
14231,10/28/19 12:19:18 PM,99.122,25.416,,-0.038,,,,
14232,10/28/19 12:19:38 PM,,,99.064,,,,,
14233,10/28/19 12:21:18 PM,99.122,25.416,,-0.039,,,,
14234,10/28/19 12:21:38 PM,,,99.075,,,,,
14235,10/28/19 12:23:18 PM,99.099,25.416,,-0.041,,,,
14236,10/28/19 12:23:38 PM,,,99.064,,,,,
14237,10/28/19 12:25:18 PM,99.099,25.416,,-0.040,,,,
14238,10/28/19 12:25:38 PM,,,99.064,,,,,
14239,10/28/19 12:27:18 PM,99.110,25.416,,-0.039,,,,
14240,10/28/19 12:27:38 PM,,,99.064,,,,,
14241,10/28/19 12:29:18 PM,99.095,25.319,,-0.041,,,,
14242,10/28/19 12:29:38 PM,,,99.068,,,,,
14243,10/28/19 12:31:18 PM,99.107,25.319,,-0.040,,,,
14244,10/28/19 12:31:38 PM,,,99.068,,,,,
14245,10/28/19 12:33:18 PM,99.084,25.319,,-0.042,,,,
14246,10/28/19 12:33:38 PM,,,99.068,,,,,
14247,10/28/19 12:35:18 PM,99.119,25.319,,-0.040,,,,
14248,10/28/19 12:35:38 PM,,,99.079,,,,,
14249,10/28/19 12:37:18 PM,99.115,25.222,,-0.040,,,,
14250,10/28/19 12:37:38 PM,,,99.079,,,,,
14251,10/28/19 12:39:18 PM,99.124,25.125,,-0.037,,,,
14252,10/28/19 12:39:38 PM,,,99.057,,,,,
14253,10/28/19 12:41:18 PM,99.085,25.028,,-0.040,,,,
14254,10/28/19 12:41:38 PM,,,99.050,,,,,
14255,10/28/19 12:43:18 PM,99.097,25.028,,-0.040,,,,
14256,10/28/19 12:43:38 PM,,,99.061,,,,,
14257,10/28/19 12:45:18 PM,99.093,24.931,,-0.042,,,,
14258,10/28/19 12:45:38 PM,,,99.072,,,,,
14259,10/28/19 12:47:18 PM,99.105,24.931,,-0.039,,,,
14260,10/28/19 12:47:38 PM,,,99.050,,,,,
14261,10/28/19 12:49:18 PM,99.117,24.931,,-0.038,,,,
14262,10/28/19 12:49:38 PM,,,99.061,,,,,
14263,10/28/19 12:51:18 PM,99.082,24.931,,-0.043,,,,
14264,10/28/19 12:51:38 PM,,,99.076,,,,,
14265,10/28/19 12:53:18 PM,99.108,25.028,,-0.040,,,,
14266,10/28/19 12:53:38 PM,,,99.065,,,,,
14267,10/28/19 12:55:18 PM,99.100,25.125,,-0.038,,,,
14268,10/28/19 12:55:38 PM,,,99.043,,,,,
14269,10/28/19 12:57:18 PM,99.104,25.222,,-0.038,,,,
14270,10/28/19 12:57:38 PM,,,99.043,,,,,
14271,10/28/19 12:59:18 PM,99.072,25.319,,-0.040,,,,
14272,10/28/19 12:59:38 PM,,,99.032,,,,,
14273,10/28/19 01:01:18 PM,99.075,25.416,,-0.038,,,,
14274,10/28/19 01:01:38 PM,,,99.014,,,,,
14275,10/28/19 01:03:18 PM,99.064,25.416,,-0.040,,,,
14276,10/28/19 01:03:38 PM,,,99.025,,,,,
14277,10/28/19 01:05:18 PM,99.055,25.513,,-0.042,,,,
14278,10/28/19 01:05:38 PM,,,99.036,,,,,
14279,10/28/19 01:07:18 PM,99.062,25.708,,-0.038,,,,
14280,10/28/19 01:07:38 PM,,,99.003,,,,,
14281,10/28/19 01:09:18 PM,99.035,25.610,,-0.039,,,,
14282,10/28/19 01:09:38 PM,,,98.981,,,,,
14283,10/28/19 01:11:18 PM,99.035,25.610,,-0.038,,,,
14284,10/28/19 01:11:38 PM,,,98.981,,,,,
14285,10/28/19 01:13:18 PM,99.044,25.513,,-0.039,,,,
14286,10/28/19 01:13:38 PM,,,99.003,,,,,
14287,10/28/19 01:15:18 PM,99.049,25.319,,-0.041,,,,
14288,10/28/19 01:15:38 PM,,,99.018,,,,,
14289,10/28/19 01:17:18 PM,99.042,25.125,,-0.043,,,,
14290,10/28/19 01:17:38 PM,,,99.040,,,,,
14291,10/28/19 01:19:18 PM,99.070,24.931,,-0.043,,,,
14292,10/28/19 01:19:38 PM,,,99.062,,,,,
14293,10/28/19 01:21:18 PM,99.086,24.738,,-0.041,,,,
14294,10/28/19 01:21:38 PM,,,99.062,,,,,
14295,10/28/19 01:23:18 PM,99.068,24.545,,-0.042,,,,
14296,10/28/19 01:23:38 PM,,,99.051,,,,,
14297,10/28/19 01:25:18 PM,99.084,24.351,,-0.040,,,,
14298,10/28/19 01:25:38 PM,,,99.040,,,,,
14299,10/28/19 01:27:18 PM,99.078,24.158,,-0.040,,,,
14300,10/28/19 01:27:38 PM,,,99.040,,,,,
14301,10/28/19 01:29:18 PM,99.067,23.869,,-0.041,,,,
14302,10/28/19 01:29:38 PM,,,99.040,,,,,
14303,10/28/19 01:31:18 PM,99.052,23.773,,-0.045,,,,
14304,10/28/19 01:31:38 PM,,,99.062,,,,,
14305,10/28/19 01:33:18 PM,99.104,23.581,,-0.041,,,,
14306,10/28/19 01:33:38 PM,,,99.073,,,,,
14307,10/28/19 01:35:18 PM,99.097,23.388,,-0.042,,,,
14308,10/28/19 01:35:38 PM,,,99.084,,,,,
14309,10/28/19 01:37:18 PM,99.059,23.292,,-0.044,,,,
14310,10/28/19 01:37:38 PM,,,99.051,,,,,
14311,10/28/19 01:39:18 PM,99.064,23.100,,-0.043,,,,
14312,10/28/19 01:39:38 PM,,,99.051,,,,,
14313,10/28/19 01:41:18 PM,99.072,23.004,,-0.043,,,,
14314,10/28/19 01:41:38 PM,,,99.062,,,,,
14315,10/28/19 01:43:18 PM,99.089,22.812,,-0.044,,,,
14316,10/28/19 01:43:38 PM,,,99.095,,,,,
14317,10/28/19 01:45:18 PM,99.097,22.717,,-0.044,,,,
14318,10/28/19 01:45:38 PM,,,99.095,,,,,
14319,10/28/19 01:47:18 PM,99.090,22.525,,-0.045,,,,
14320,10/28/19 01:47:38 PM,,,99.105,,,,,
14321,10/28/19 01:49:18 PM,99.099,22.429,,-0.042,,,,
14322,10/28/19 01:49:38 PM,,,99.073,,,,,
14323,10/28/19 01:51:18 PM,99.084,22.333,,-0.044,,,,
14324,10/28/19 01:51:38 PM,,,99.084,,,,,
14325,10/28/19 01:53:18 PM,99.080,22.238,,-0.043,,,,
14326,10/28/19 01:53:38 PM,,,99.073,,,,,
14327,10/28/19 01:55:18 PM,99.077,22.142,,-0.044,,,,
14328,10/28/19 01:55:38 PM,,,99.073,,,,,
14329,10/28/19 01:57:18 PM,99.027,22.046,,-0.048,,,,
14330,10/28/19 01:57:38 PM,,,99.062,,,,,
14331,10/28/19 01:59:18 PM,99.035,21.951,,-0.045,,,,
14332,10/28/19 01:59:38 PM,,,99.040,,,,,
14333,10/28/19 02:01:18 PM,99.000,21.951,,-0.047,,,,
14334,10/28/19 02:01:38 PM,,,99.029,,,,,
14335,10/28/19 02:03:18 PM,98.997,21.855,,-0.045,,,,
14336,10/28/19 02:03:38 PM,,,99.003,,,,,
14337,10/28/19 02:05:18 PM,98.973,21.855,,-0.046,,,,
14338,10/28/19 02:05:38 PM,,,98.992,,,,,
14339,10/28/19 02:07:18 PM,98.985,21.855,,-0.045,,,,
14340,10/28/19 02:07:38 PM,,,98.992,,,,,
14341,10/28/19 02:09:18 PM,98.962,21.855,,-0.045,,,,
14342,10/28/19 02:09:38 PM,,,98.971,,,,,
14343,10/28/19 02:11:18 PM,98.962,21.855,,-0.044,,,,
14344,10/28/19 02:11:38 PM,,,98.960,,,,,
14345,10/28/19 02:13:18 PM,98.953,21.951,,-0.044,,,,
14346,10/28/19 02:13:38 PM,,,98.949,,,,,
14347,10/28/19 02:15:18 PM,98.922,22.046,,-0.045,,,,
14348,10/28/19 02:15:38 PM,,,98.927,,,,,
14349,10/28/19 02:17:18 PM,98.925,22.142,,-0.044,,,,
14350,10/28/19 02:17:38 PM,,,98.927,,,,,
14351,10/28/19 02:19:18 PM,98.932,22.333,,-0.044,,,,
14352,10/28/19 02:19:38 PM,,,98.938,,,,,
14353,10/28/19 02:21:18 PM,98.923,22.429,,-0.045,,,,
14354,10/28/19 02:21:38 PM,,,98.927,,,,,
14355,10/28/19 02:23:18 PM,98.912,22.429,,-0.044,,,,
14356,10/28/19 02:23:38 PM,,,98.905,,,,,
14357,10/28/19 02:25:18 PM,98.895,22.621,,-0.046,,,,
14358,10/28/19 02:25:38 PM,,,98.916,,,,,
14359,10/28/19 02:27:18 PM,98.908,23.004,,-0.042,,,,
14360,10/28/19 02:27:38 PM,,,98.883,,,,,
14361,10/28/19 02:29:18 PM,98.887,23.388,,-0.044,,,,
14362,10/28/19 02:29:38 PM,,,98.883,,,,,
14363,10/28/19 02:31:18 PM,98.912,23.773,,-0.043,,,,
14364,10/28/19 02:31:38 PM,,,98.905,,,,,
14365,10/28/19 02:33:18 PM,98.914,24.158,,-0.043,,,,
14366,10/28/19 02:33:38 PM,,,98.905,,,,,
14367,10/28/19 02:35:18 PM,98.912,24.448,,-0.041,,,,
14368,10/28/19 02:35:38 PM,,,98.883,,,,,
14369,10/28/19 02:37:18 PM,98.911,24.738,,-0.041,,,,
14370,10/28/19 02:37:38 PM,,,98.883,,,,,
14371,10/28/19 02:39:18 PM,98.910,25.028,,-0.044,,,,
14372,10/28/19 02:39:38 PM,,,98.916,,,,,
14373,10/28/19 02:41:18 PM,98.900,25.416,,-0.043,,,,
14374,10/28/19 02:41:38 PM,,,98.883,,,,,
14375,10/28/19 02:43:18 PM,98.892,25.513,,-0.042,,,,
14376,10/28/19 02:43:38 PM,,,98.872,,,,,
14377,10/28/19 02:45:18 PM,98.880,25.513,,-0.044,,,,
14378,10/28/19 02:45:38 PM,,,98.883,,,,,
14379,10/28/19 02:47:18 PM,98.876,25.416,,-0.045,,,,
14380,10/28/19 02:47:38 PM,,,98.883,,,,,
14381,10/28/19 02:49:18 PM,98.887,25.708,,-0.043,,,,
14382,10/28/19 02:49:38 PM,,,98.872,,,,,
14383,10/28/19 02:51:18 PM,98.889,26.097,,-0.041,,,,
14384,10/28/19 02:51:38 PM,,,98.862,,,,,
14385,10/28/19 02:53:18 PM,98.879,26.488,,-0.042,,,,
14386,10/28/19 02:53:38 PM,,,98.862,,,,,
14387,10/28/19 02:55:18 PM,98.875,26.683,,-0.043,,,,
14388,10/28/19 02:55:38 PM,,,98.866,,,,,
14389,10/28/19 02:57:18 PM,98.890,26.781,,-0.041,,,,
14390,10/28/19 02:57:38 PM,,,98.855,,,,,
14391,10/28/19 02:59:18 PM,98.882,26.879,,-0.041,,,,
14392,10/28/19 02:59:38 PM,,,98.855,,,,,
14393,10/28/19 03:01:18 PM,98.865,27.075,,-0.042,,,,
14394,10/28/19 03:01:38 PM,,,98.844,,,,,
14395,10/28/19 03:03:18 PM,98.892,27.173,,-0.039,,,,
14396,10/28/19 03:03:38 PM,,,98.844,,,,,
14397,10/28/19 03:05:18 PM,98.872,27.272,,-0.040,,,,
14398,10/28/19 03:05:38 PM,,,98.833,,,,,
14399,10/28/19 03:07:18 PM,98.876,27.370,,-0.040,,,,
14400,10/28/19 03:07:38 PM,,,98.844,,,,,
14401,10/28/19 03:09:18 PM,98.859,27.567,,-0.041,,,,
14402,10/28/19 03:09:38 PM,,,98.822,,,,,
14403,10/28/19 03:11:18 PM,98.855,27.764,,-0.041,,,,
14404,10/28/19 03:11:38 PM,,,98.826,,,,,
14405,10/28/19 03:13:18 PM,98.858,27.862,,-0.041,,,,
14406,10/28/19 03:13:38 PM,,,98.826,,,,,
14407,10/28/19 03:15:18 PM,98.877,28.060,,-0.037,,,,
14408,10/28/19 03:15:38 PM,,,98.804,,,,,
14409,10/28/19 03:17:18 PM,98.869,28.159,,-0.039,,,,
14410,10/28/19 03:17:38 PM,,,98.826,,,,,
14411,10/28/19 03:19:18 PM,98.876,28.357,,-0.039,,,,
14412,10/28/19 03:19:38 PM,,,98.830,,,,,
14413,10/28/19 03:21:18 PM,98.868,28.456,,-0.040,,,,
14414,10/28/19 03:21:38 PM,,,98.830,,,,,
14415,10/28/19 03:23:18 PM,98.887,28.655,,-0.038,,,,
14416,10/28/19 03:23:38 PM,,,98.830,,,,,
14417,10/28/19 03:25:18 PM,98.867,28.754,,-0.040,,,,
14418,10/28/19 03:25:38 PM,,,98.830,,,,,
14419,10/28/19 03:27:18 PM,98.859,28.853,,-0.042,,,,
14420,10/28/19 03:27:38 PM,,,98.841,,,,,
14421,10/28/19 03:29:18 PM,98.871,28.853,,-0.039,,,,
14422,10/28/19 03:29:38 PM,,,98.823,,,,,
14423,10/28/19 03:31:18 PM,98.874,28.953,,-0.039,,,,
14424,10/28/19 03:31:38 PM,,,98.823,,,,,
14425,10/28/19 03:33:18 PM,98.881,29.152,,-0.038,,,,
14426,10/28/19 03:33:38 PM,,,98.823,,,,,
14427,10/28/19 03:35:18 PM,98.885,29.252,,-0.037,,,,
14428,10/28/19 03:35:38 PM,,,98.812,,,,,
14429,10/28/19 03:37:18 PM,98.885,29.252,,-0.036,,,,
14430,10/28/19 03:37:38 PM,,,98.801,,,,,
14431,10/28/19 03:39:18 PM,98.865,29.352,,-0.039,,,,
14432,10/28/19 03:39:38 PM,,,98.816,,,,,
14433,10/28/19 03:41:18 PM,98.857,29.452,,-0.039,,,,
14434,10/28/19 03:41:38 PM,,,98.805,,,,,
14435,10/28/19 03:43:18 PM,98.861,29.552,,-0.038,,,,
14436,10/28/19 03:43:38 PM,,,98.805,,,,,
14437,10/28/19 03:45:18 PM,98.849,29.552,,-0.039,,,,
14438,10/28/19 03:45:38 PM,,,98.805,,,,,
14439,10/28/19 03:47:18 PM,98.864,29.652,,-0.038,,,,
14440,10/28/19 03:47:38 PM,,,98.805,,,,,
14441,10/28/19 03:49:18 PM,98.861,29.552,,-0.036,,,,
14442,10/28/19 03:49:38 PM,,,98.783,,,,,
14443,10/28/19 03:51:18 PM,98.853,29.652,,-0.037,,,,
14444,10/28/19 03:51:38 PM,,,98.787,,,,,
14445,10/28/19 03:53:18 PM,98.844,29.752,,-0.038,,,,
14446,10/28/19 03:53:38 PM,,,98.787,,,,,
14447,10/28/19 03:55:18 PM,98.852,29.953,,-0.037,,,,
14448,10/28/19 03:55:38 PM,,,98.787,,,,,
14449,10/28/19 03:57:18 PM,98.844,30.054,,-0.038,,,,
14450,10/28/19 03:57:38 PM,,,98.787,,,,,
14451,10/28/19 03:59:18 PM,98.847,30.154,,-0.037,,,,
14452,10/28/19 03:59:38 PM,,,98.781,,,,,
14453,10/28/19 04:01:18 PM,98.859,30.154,,-0.035,,,,
14454,10/28/19 04:01:38 PM,,,98.770,,,,,
14455,10/28/19 04:03:18 PM,98.859,30.154,,-0.036,,,,
14456,10/28/19 04:03:38 PM,,,98.781,,,,,
14457,10/28/19 04:05:18 PM,98.874,30.255,,-0.034,,,,
14458,10/28/19 04:05:38 PM,,,98.781,,,,,
14459,10/28/19 04:07:18 PM,98.863,30.255,,-0.035,,,,
14460,10/28/19 04:07:38 PM,,,98.774,,,,,
14461,10/28/19 04:09:18 PM,98.866,30.356,,-0.035,,,,
14462,10/28/19 04:09:38 PM,,,98.785,,,,,
14463,10/28/19 04:11:18 PM,98.870,30.457,,-0.034,,,,
14464,10/28/19 04:11:38 PM,,,98.774,,,,,
14465,10/28/19 04:13:18 PM,98.870,30.457,,-0.035,,,,
14466,10/28/19 04:13:38 PM,,,98.785,,,,,
14467,10/28/19 04:15:18 PM,98.870,30.457,,-0.036,,,,
14468,10/28/19 04:15:38 PM,,,98.789,,,,,
14469,10/28/19 04:17:18 PM,98.870,30.457,,-0.035,,,,
14470,10/28/19 04:17:38 PM,,,98.778,,,,,
14471,10/28/19 04:19:18 PM,98.893,30.457,,-0.033,,,,
14472,10/28/19 04:19:38 PM,,,98.793,,,,,
14473,10/28/19 04:21:18 PM,98.909,30.558,,-0.031,,,,
14474,10/28/19 04:21:38 PM,,,98.782,,,,,
14475,10/28/19 04:23:18 PM,98.924,30.659,,-0.029,,,,
14476,10/28/19 04:23:38 PM,,,98.782,,,,,
14477,10/28/19 04:25:18 PM,98.924,30.659,,-0.029,,,,
14478,10/28/19 04:25:38 PM,,,98.775,,,,,
14479,10/28/19 04:27:18 PM,98.932,30.558,,-0.028,,,,
14480,10/28/19 04:27:38 PM,,,98.775,,,,,
14481,10/28/19 04:29:18 PM,98.921,30.558,,-0.029,,,,
14482,10/28/19 04:29:38 PM,,,98.775,,,,,
14483,10/28/19 04:31:18 PM,98.909,30.558,,-0.029,,,,
14484,10/28/19 04:31:38 PM,,,98.764,,,,,
14485,10/28/19 04:33:18 PM,98.913,30.659,,-0.028,,,,
14486,10/28/19 04:33:38 PM,,,98.757,,,,,
14487,10/28/19 04:35:18 PM,98.904,30.760,,-0.030,,,,
14488,10/28/19 04:35:38 PM,,,98.768,,,,,
14489,10/28/19 04:37:18 PM,98.904,30.760,,-0.029,,,,
14490,10/28/19 04:37:38 PM,,,98.757,,,,,
14491,10/28/19 04:39:18 PM,98.904,30.760,,-0.029,,,,
14492,10/28/19 04:39:38 PM,,,98.757,,,,,
14493,10/28/19 04:41:18 PM,98.904,30.760,,-0.029,,,,
14494,10/28/19 04:41:38 PM,,,98.761,,,,,
14495,10/28/19 04:43:18 PM,98.901,30.659,,-0.031,,,,
14496,10/28/19 04:43:38 PM,,,98.772,,,,,
14497,10/28/19 04:45:18 PM,98.889,30.659,,-0.032,,,,
14498,10/28/19 04:45:38 PM,,,98.776,,,,,
14499,10/28/19 04:47:18 PM,98.904,30.760,,-0.029,,,,
14500,10/28/19 04:47:38 PM,,,98.754,,,,,
14501,10/28/19 04:49:18 PM,98.904,30.760,,-0.029,,,,
14502,10/28/19 04:49:38 PM,,,98.754,,,,,
14503,10/28/19 04:51:18 PM,98.896,30.862,,-0.029,,,,
14504,10/28/19 04:51:38 PM,,,98.754,,,,,
14505,10/28/19 04:53:18 PM,98.920,30.862,,-0.026,,,,
14506,10/28/19 04:53:38 PM,,,98.747,,,,,
14507,10/28/19 04:55:18 PM,98.955,30.862,,-0.023,,,,
14508,10/28/19 04:55:38 PM,,,98.747,,,,,
14509,10/28/19 04:57:18 PM,98.943,30.862,,-0.023,,,,
14510,10/28/19 04:57:38 PM,,,98.740,,,,,
14511,10/28/19 04:59:18 PM,98.940,30.760,,-0.024,,,,
14512,10/28/19 04:59:38 PM,,,98.751,,,,,
14513,10/28/19 05:01:18 PM,98.928,30.760,,-0.026,,,,
14514,10/28/19 05:01:38 PM,,,98.751,,,,,
14515,10/28/19 05:03:18 PM,98.928,30.760,,-0.025,,,,
14516,10/28/19 05:03:38 PM,,,98.744,,,,,
14517,10/28/19 05:05:18 PM,98.932,30.862,,-0.026,,,,
14518,10/28/19 05:05:38 PM,,,98.755,,,,,
14519,10/28/19 05:07:18 PM,98.932,30.862,,-0.025,,,,
14520,10/28/19 05:07:38 PM,,,98.749,,,,,
14521,10/28/19 05:09:18 PM,98.932,30.862,,-0.024,,,,
14522,10/28/19 05:09:38 PM,,,98.738,,,,,
14523,10/28/19 05:11:18 PM,98.948,30.659,,-0.023,,,,
14524,10/28/19 05:11:38 PM,,,98.749,,,,,
14525,10/28/19 05:13:18 PM,98.948,30.659,,-0.025,,,,
14526,10/28/19 05:13:38 PM,,,98.764,,,,,
14527,10/28/19 05:15:18 PM,98.956,30.558,,-0.023,,,,
14528,10/28/19 05:15:38 PM,,,98.753,,,,,
14529,10/28/19 05:17:18 PM,98.932,30.558,,-0.026,,,,
14530,10/28/19 05:17:38 PM,,,98.757,,,,,
14531,10/28/19 05:19:18 PM,98.944,30.558,,-0.024,,,,
14532,10/28/19 05:19:38 PM,,,98.746,,,,,
14533,10/28/19 05:21:18 PM,98.940,30.457,,-0.024,,,,
14534,10/28/19 05:21:38 PM,,,98.746,,,,,
14535,10/28/19 05:23:18 PM,98.929,30.457,,-0.025,,,,
14536,10/28/19 05:23:38 PM,,,98.739,,,,,
14537,10/28/19 05:25:18 PM,98.937,30.356,,-0.024,,,,
14538,10/28/19 05:25:38 PM,,,98.739,,,,,
14539,10/28/19 05:27:18 PM,98.937,30.356,,-0.024,,,,
14540,10/28/19 05:27:38 PM,,,98.739,,,,,
14541,10/28/19 05:29:18 PM,98.941,30.154,,-0.023,,,,
14542,10/28/19 05:29:38 PM,,,98.739,,,,,
14543,10/28/19 05:31:18 PM,98.929,30.154,,-0.026,,,,
14544,10/28/19 05:31:38 PM,,,98.754,,,,,
14545,10/28/19 05:33:18 PM,98.929,30.154,,-0.026,,,,
14546,10/28/19 05:33:38 PM,,,98.754,,,,,
14547,10/28/19 05:35:18 PM,98.926,30.054,,-0.024,,,,
14548,10/28/19 05:35:38 PM,,,98.732,,,,,
14549,10/28/19 05:37:18 PM,98.926,30.054,,-0.026,,,,
14550,10/28/19 05:37:38 PM,,,98.754,,,,,
14551,10/28/19 05:39:18 PM,98.926,30.054,,-0.025,,,,
14552,10/28/19 05:39:38 PM,,,98.736,,,,,
14553,10/28/19 05:41:18 PM,98.926,30.054,,-0.024,,,,
14554,10/28/19 05:41:38 PM,,,98.736,,,,,
14555,10/28/19 05:43:18 PM,98.926,30.054,,-0.024,,,,
14556,10/28/19 05:43:38 PM,,,98.736,,,,,
14557,10/28/19 05:45:18 PM,98.926,30.054,,-0.025,,,,
14558,10/28/19 05:45:38 PM,,,98.747,,,,,
14559,10/28/19 05:47:18 PM,98.922,29.953,,-0.025,,,,
14560,10/28/19 05:47:38 PM,,,98.740,,,,,
14561,10/28/19 05:49:18 PM,98.907,29.853,,-0.027,,,,
14562,10/28/19 05:49:38 PM,,,98.740,,,,,
14563,10/28/19 05:51:18 PM,98.907,29.853,,-0.027,,,,
14564,10/28/19 05:51:38 PM,,,98.740,,,,,
14565,10/28/19 05:53:18 PM,98.903,29.752,,-0.027,,,,
14566,10/28/19 05:53:38 PM,,,98.740,,,,,
14567,10/28/19 05:55:18 PM,98.899,29.652,,-0.027,,,,
14568,10/28/19 05:55:38 PM,,,98.729,,,,,
14569,10/28/19 05:57:18 PM,98.904,29.452,,-0.026,,,,
14570,10/28/19 05:57:38 PM,,,98.733,,,,,
14571,10/28/19 05:59:18 PM,98.889,29.352,,-0.028,,,,
14572,10/28/19 05:59:38 PM,,,98.733,,,,,
14573,10/28/19 06:01:18 PM,98.893,29.152,,-0.027,,,,
14574,10/28/19 06:01:38 PM,,,98.722,,,,,
14575,10/28/19 06:03:18 PM,98.909,28.953,,-0.025,,,,
14576,10/28/19 06:03:38 PM,,,98.722,,,,,
14577,10/28/19 06:05:18 PM,98.879,28.754,,-0.027,,,,
14578,10/28/19 06:05:38 PM,,,98.712,,,,,
14579,10/28/19 06:07:18 PM,98.883,28.555,,-0.027,,,,
14580,10/28/19 06:07:38 PM,,,98.716,,,,,
14581,10/28/19 06:09:18 PM,98.864,28.357,,-0.030,,,,
14582,10/28/19 06:09:38 PM,,,98.727,,,,,
14583,10/28/19 06:11:18 PM,98.889,28.060,,-0.027,,,,
14584,10/28/19 06:11:38 PM,,,98.727,,,,,
14585,10/28/19 06:13:18 PM,98.870,27.862,,-0.028,,,,
14586,10/28/19 06:13:38 PM,,,98.716,,,,,
14587,10/28/19 06:15:18 PM,98.851,27.665,,-0.029,,,,
14588,10/28/19 06:15:38 PM,,,98.705,,,,,
14589,10/28/19 06:17:18 PM,98.876,27.370,,-0.026,,,,
14590,10/28/19 06:17:38 PM,,,98.705,,,,,
14591,10/28/19 06:19:18 PM,98.857,27.173,,-0.027,,,,
14592,10/28/19 06:19:38 PM,,,98.694,,,,,
14593,10/28/19 06:21:18 PM,98.850,26.977,,-0.029,,,,
14594,10/28/19 06:21:38 PM,,,98.705,,,,,
14595,10/28/19 06:23:18 PM,98.855,26.781,,-0.029,,,,
14596,10/28/19 06:23:38 PM,,,98.705,,,,,
14597,10/28/19 06:25:18 PM,98.836,26.585,,-0.030,,,,
14598,10/28/19 06:25:38 PM,,,98.694,,,,,
14599,10/28/19 06:27:18 PM,98.841,26.390,,-0.030,,,,
14600,10/28/19 06:27:38 PM,,,98.705,,,,,
14601,10/28/19 06:29:18 PM,98.846,26.195,,-0.030,,,,
14602,10/28/19 06:29:38 PM,,,98.705,,,,,
14603,10/28/19 06:31:18 PM,98.827,26.000,,-0.031,,,,
14604,10/28/19 06:31:38 PM,,,98.705,,,,,
14605,10/28/19 06:33:18 PM,98.843,25.805,,-0.030,,,,
14606,10/28/19 06:33:38 PM,,,98.705,,,,,
14607,10/28/19 06:35:18 PM,98.848,25.610,,-0.030,,,,
14608,10/28/19 06:35:38 PM,,,98.716,,,,,
14609,10/28/19 06:37:18 PM,98.857,25.513,,-0.028,,,,
14610,10/28/19 06:37:38 PM,,,98.694,,,,,
14611,10/28/19 06:39:18 PM,98.733,25.319,,-0.041,,,,
14612,10/28/19 06:39:38 PM,,,98.705,,,,,
14613,10/28/19 06:41:18 PM,98.726,25.125,,-0.043,,,,
14614,10/28/19 06:41:38 PM,,,98.716,,,,,
14615,10/28/19 06:43:18 PM,98.722,25.028,,-0.043,,,,
14616,10/28/19 06:43:38 PM,,,98.716,,,,,
14617,10/28/19 06:45:18 PM,98.727,24.835,,-0.042,,,,
14618,10/28/19 06:45:38 PM,,,98.701,,,,,
14619,10/28/19 06:47:18 PM,98.712,24.738,,-0.043,,,,
14620,10/28/19 06:47:38 PM,,,98.701,,,,,
14621,10/28/19 06:49:18 PM,98.729,24.545,,-0.041,,,,
14622,10/28/19 06:49:38 PM,,,98.701,,,,,
14623,10/28/19 06:51:18 PM,98.725,24.448,,-0.042,,,,
14624,10/28/19 06:51:38 PM,,,98.712,,,,,
14625,10/28/19 06:53:18 PM,98.730,24.255,,-0.042,,,,
14626,10/28/19 06:53:38 PM,,,98.712,,,,,
14627,10/28/19 06:55:18 PM,98.738,24.158,,-0.041,,,,
14628,10/28/19 06:55:38 PM,,,98.712,,,,,
14629,10/28/19 06:57:18 PM,98.712,24.062,,-0.044,,,,
14630,10/28/19 06:57:38 PM,,,98.718,,,,,
14631,10/28/19 06:59:18 PM,98.705,23.869,,-0.044,,,,
14632,10/28/19 06:59:38 PM,,,98.707,,,,,
14633,10/28/19 07:01:18 PM,98.701,23.773,,-0.045,,,,
14634,10/28/19 07:01:38 PM,,,98.707,,,,,
14635,10/28/19 07:03:18 PM,98.698,23.677,,-0.045,,,,
14636,10/28/19 07:03:38 PM,,,98.707,,,,,
14637,10/28/19 07:05:18 PM,98.691,23.484,,-0.046,,,,
14638,10/28/19 07:05:38 PM,,,98.714,,,,,
14639,10/28/19 07:07:18 PM,98.676,23.388,,-0.047,,,,
14640,10/28/19 07:07:38 PM,,,98.703,,,,,
14641,10/28/19 07:09:18 PM,98.661,23.292,,-0.048,,,,
14642,10/28/19 07:09:38 PM,,,98.703,,,,,
14643,10/28/19 07:11:18 PM,98.681,23.196,,-0.045,,,,
14644,10/28/19 07:11:38 PM,,,98.693,,,,,
14645,10/28/19 07:13:18 PM,98.678,23.100,,-0.046,,,,
14646,10/28/19 07:13:38 PM,,,98.699,,,,,
14647,10/28/19 07:15:18 PM,98.686,23.004,,-0.048,,,,
14648,10/28/19 07:15:38 PM,,,98.732,,,,,
14649,10/28/19 07:17:18 PM,98.683,22.908,,-0.048,,,,
14650,10/28/19 07:17:38 PM,,,98.721,,,,,
14651,10/28/19 07:19:18 PM,98.679,22.812,,-0.049,,,,
14652,10/28/19 07:19:38 PM,,,98.728,,,,,
14653,10/28/19 07:21:18 PM,98.688,22.717,,-0.047,,,,
14654,10/28/19 07:21:38 PM,,,98.717,,,,,
14655,10/28/19 07:23:18 PM,98.684,22.621,,-0.047,,,,
14656,10/28/19 07:23:38 PM,,,98.717,,,,,
14657,10/28/19 07:25:18 PM,98.673,22.621,,-0.050,,,,
14658,10/28/19 07:25:38 PM,,,98.739,,,,,
14659,10/28/19 07:27:18 PM,98.669,22.525,,-0.051,,,,
14660,10/28/19 07:27:38 PM,,,98.735,,,,,
14661,10/28/19 07:29:18 PM,98.669,22.525,,-0.051,,,,
14662,10/28/19 07:29:38 PM,,,98.735,,,,,
14663,10/28/19 07:31:18 PM,98.689,22.429,,-0.049,,,,
14664,10/28/19 07:31:38 PM,,,98.735,,,,,
14665,10/28/19 07:33:18 PM,98.701,22.429,,-0.047,,,,
14666,10/28/19 07:33:38 PM,,,98.735,,,,,
14667,10/28/19 07:35:18 PM,98.710,22.333,,-0.047,,,,
14668,10/28/19 07:35:38 PM,,,98.742,,,,,
14669,10/28/19 07:37:18 PM,98.694,22.238,,-0.050,,,,
14670,10/28/19 07:37:38 PM,,,98.753,,,,,
14671,10/28/19 07:39:18 PM,98.694,22.238,,-0.049,,,,
14672,10/28/19 07:39:38 PM,,,98.742,,,,,
14673,10/28/19 07:41:18 PM,98.671,22.238,,-0.050,,,,
14674,10/28/19 07:41:38 PM,,,98.731,,,,,
14675,10/28/19 07:43:18 PM,98.656,22.142,,-0.050,,,,
14676,10/28/19 07:43:38 PM,,,98.716,,,,,
14677,10/28/19 07:45:18 PM,98.656,22.142,,-0.050,,,,
14678,10/28/19 07:45:38 PM,,,98.716,,,,,
14679,10/28/19 07:47:18 PM,98.653,22.046,,-0.051,,,,
14680,10/28/19 07:47:38 PM,,,98.727,,,,,
14681,10/28/19 07:49:18 PM,98.664,22.046,,-0.051,,,,
14682,10/28/19 07:49:38 PM,,,98.738,,,,,
14683,10/28/19 07:51:18 PM,98.673,21.951,,-0.050,,,,
14684,10/28/19 07:51:38 PM,,,98.734,,,,,
14685,10/28/19 07:53:18 PM,98.696,21.951,,-0.048,,,,
14686,10/28/19 07:53:38 PM,,,98.734,,,,,
14687,10/28/19 07:55:18 PM,98.693,21.855,,-0.048,,,,
14688,10/28/19 07:55:38 PM,,,98.734,,,,,
14689,10/28/19 07:57:18 PM,98.669,21.855,,-0.051,,,,
14690,10/28/19 07:57:38 PM,,,98.744,,,,,
14691,10/28/19 07:59:18 PM,98.690,21.760,,-0.049,,,,
14692,10/28/19 07:59:38 PM,,,98.740,,,,,
14693,10/28/19 08:01:18 PM,98.701,21.760,,-0.050,,,,
14694,10/28/19 08:01:38 PM,,,98.762,,,,,
14695,10/28/19 08:03:18 PM,98.725,21.760,,-0.048,,,,
14696,10/28/19 08:03:38 PM,,,98.762,,,,,
14697,10/28/19 08:05:18 PM,98.721,21.664,,-0.048,,,,
14698,10/28/19 08:05:38 PM,,,98.762,,,,,
14699,10/28/19 08:07:18 PM,98.698,21.664,,-0.050,,,,
14700,10/28/19 08:07:38 PM,,,98.758,,,,,
14701,10/28/19 08:09:18 PM,98.706,21.569,,-0.049,,,,
14702,10/28/19 08:09:38 PM,,,98.758,,,,,
14703,10/28/19 08:11:18 PM,98.706,21.569,,-0.050,,,,
14704,10/28/19 08:11:38 PM,,,98.769,,,,,
14705,10/28/19 08:13:18 PM,98.691,21.473,,-0.050,,,,
14706,10/28/19 08:13:38 PM,,,98.747,,,,,
14707,10/28/19 08:15:18 PM,98.691,21.473,,-0.050,,,,
14708,10/28/19 08:15:38 PM,,,98.747,,,,,
14709,10/28/19 08:17:18 PM,98.668,21.473,,-0.050,,,,
14710,10/28/19 08:17:38 PM,,,98.721,,,,,
14711,10/28/19 08:19:18 PM,98.665,21.378,,-0.049,,,,
14712,10/28/19 08:19:38 PM,,,98.711,,,,,
14713,10/28/19 08:21:18 PM,98.676,21.378,,-0.048,,,,
14714,10/28/19 08:21:38 PM,,,98.711,,,,,
14715,10/28/19 08:23:18 PM,98.653,21.378,,-0.051,,,,
14716,10/28/19 08:23:38 PM,,,98.721,,,,,
14717,10/28/19 08:25:18 PM,98.661,21.282,,-0.051,,,,
14718,10/28/19 08:25:38 PM,,,98.728,,,,,
14719,10/28/19 08:27:18 PM,98.673,21.282,,-0.049,,,,
14720,10/28/19 08:27:38 PM,,,98.717,,,,,
14721,10/28/19 08:29:18 PM,98.673,21.282,,-0.048,,,,
14722,10/28/19 08:29:38 PM,,,98.717,,,,,
14723,10/28/19 08:31:18 PM,98.673,21.282,,-0.049,,,,
14724,10/28/19 08:31:38 PM,,,98.728,,,,,
14725,10/28/19 08:33:18 PM,98.661,21.282,,-0.050,,,,
14726,10/28/19 08:33:38 PM,,,98.717,,,,,
14727,10/28/19 08:35:18 PM,98.673,21.282,,-0.048,,,,
14728,10/28/19 08:35:38 PM,,,98.713,,,,,
14729,10/28/19 08:37:18 PM,98.673,21.282,,-0.049,,,,
14730,10/28/19 08:37:38 PM,,,98.724,,,,,
14731,10/28/19 08:39:18 PM,98.696,21.282,,-0.047,,,,
14732,10/28/19 08:39:38 PM,,,98.724,,,,,
14733,10/28/19 08:41:18 PM,98.681,21.187,,-0.049,,,,
14734,10/28/19 08:41:38 PM,,,98.735,,,,,
14735,10/28/19 08:43:18 PM,98.693,21.187,,-0.049,,,,
14736,10/28/19 08:43:38 PM,,,98.746,,,,,
14737,10/28/19 08:45:18 PM,98.705,21.187,,-0.050,,,,
14738,10/28/19 08:45:38 PM,,,98.764,,,,,
14739,10/28/19 08:47:18 PM,98.728,21.187,,-0.049,,,,
14740,10/28/19 08:47:38 PM,,,98.775,,,,,
14741,10/28/19 08:49:18 PM,98.740,21.187,,-0.048,,,,
14742,10/28/19 08:49:38 PM,,,98.786,,,,,
14743,10/28/19 08:51:18 PM,98.740,21.187,,-0.050,,,,
14744,10/28/19 08:51:38 PM,,,98.797,,,,,
14745,10/28/19 08:53:18 PM,98.740,21.187,,-0.050,,,,
14746,10/28/19 08:53:38 PM,,,98.803,,,,,
14747,10/28/19 08:55:18 PM,98.763,21.187,,-0.050,,,,
14748,10/28/19 08:55:38 PM,,,98.825,,,,,
14749,10/28/19 08:57:18 PM,98.786,21.187,,-0.049,,,,
14750,10/28/19 08:57:38 PM,,,98.836,,,,,
14751,10/28/19 08:59:18 PM,98.786,21.187,,-0.051,,,,
14752,10/28/19 08:59:38 PM,,,98.858,,,,,
14753,10/28/19 09:01:18 PM,98.798,21.187,,-0.050,,,,
14754,10/28/19 09:01:38 PM,,,98.858,,,,,
14755,10/28/19 09:03:18 PM,98.813,21.282,,-0.049,,,,
14756,10/28/19 09:03:38 PM,,,98.869,,,,,
14757,10/28/19 09:05:18 PM,98.825,21.282,,-0.048,,,,
14758,10/28/19 09:05:38 PM,,,98.865,,,,,
14759,10/28/19 09:07:18 PM,98.837,21.282,,-0.049,,,,
14760,10/28/19 09:07:38 PM,,,98.887,,,,,
14761,10/28/19 09:09:18 PM,98.837,21.282,,-0.049,,,,
14762,10/28/19 09:09:38 PM,,,98.887,,,,,
14763,10/28/19 09:11:18 PM,98.852,21.378,,-0.047,,,,
14764,10/28/19 09:11:38 PM,,,98.876,,,,,
14765,10/28/19 09:13:18 PM,98.852,21.378,,-0.048,,,,
14766,10/28/19 09:13:38 PM,,,98.898,,,,,
14767,10/28/19 09:15:18 PM,98.863,21.378,,-0.048,,,,
14768,10/28/19 09:15:38 PM,,,98.898,,,,,
14769,10/28/19 09:17:18 PM,98.867,21.473,,-0.046,,,,
14770,10/28/19 09:17:38 PM,,,98.887,,,,,
14771,10/28/19 09:19:18 PM,98.843,21.473,,-0.050,,,,
14772,10/28/19 09:19:38 PM,,,98.909,,,,,
14773,10/28/19 09:21:18 PM,98.867,21.473,,-0.047,,,,
14774,10/28/19 09:21:38 PM,,,98.894,,,,,
14775,10/28/19 09:23:18 PM,98.855,21.473,,-0.049,,,,
14776,10/28/19 09:23:38 PM,,,98.904,,,,,
14777,10/28/19 09:25:18 PM,98.855,21.473,,-0.049,,,,
14778,10/28/19 09:25:38 PM,,,98.904,,,,,
14779,10/28/19 09:27:18 PM,98.867,21.473,,-0.047,,,,
14780,10/28/19 09:27:38 PM,,,98.894,,,,,
14781,10/28/19 09:29:18 PM,98.855,21.473,,-0.049,,,,
14782,10/28/19 09:29:38 PM,,,98.904,,,,,
14783,10/28/19 09:31:18 PM,98.855,21.473,,-0.050,,,,
14784,10/28/19 09:31:38 PM,,,98.915,,,,,
14785,10/28/19 09:33:18 PM,98.867,21.473,,-0.048,,,,
14786,10/28/19 09:33:38 PM,,,98.904,,,,,
14787,10/28/19 09:35:18 PM,98.882,21.569,,-0.049,,,,
14788,10/28/19 09:35:38 PM,,,98.937,,,,,
14789,10/28/19 09:37:18 PM,98.893,21.569,,-0.047,,,,
14790,10/28/19 09:37:38 PM,,,98.915,,,,,
14791,10/28/19 09:39:18 PM,98.882,21.569,,-0.047,,,,
14792,10/28/19 09:39:38 PM,,,98.915,,,,,
14793,10/28/19 09:41:18 PM,98.882,21.569,,-0.048,,,,
14794,10/28/19 09:41:38 PM,,,98.926,,,,,
14795,10/28/19 09:43:18 PM,98.882,21.569,,-0.048,,,,
14796,10/28/19 09:43:38 PM,,,98.926,,,,,
14797,10/28/19 09:45:18 PM,98.870,21.569,,-0.048,,,,
14798,10/28/19 09:45:38 PM,,,98.904,,,,,
14799,10/28/19 09:47:18 PM,98.893,21.569,,-0.046,,,,
14800,10/28/19 09:47:38 PM,,,98.915,,,,,
14801,10/28/19 09:49:18 PM,98.893,21.569,,-0.049,,,,
14802,10/28/19 09:49:38 PM,,,98.944,,,,,
14803,10/28/19 09:51:18 PM,98.917,21.569,,-0.046,,,,
14804,10/28/19 09:51:38 PM,,,98.933,,,,,
14805,10/28/19 09:53:18 PM,98.905,21.569,,-0.048,,,,
14806,10/28/19 09:53:38 PM,,,98.944,,,,,
14807,10/28/19 09:55:18 PM,98.917,21.569,,-0.048,,,,
14808,10/28/19 09:55:38 PM,,,98.955,,,,,
14809,10/28/19 09:57:18 PM,98.917,21.569,,-0.048,,,,
14810,10/28/19 09:57:38 PM,,,98.955,,,,,
14811,10/28/19 09:59:18 PM,98.937,21.473,,-0.047,,,,
14812,10/28/19 09:59:38 PM,,,98.966,,,,,
14813,10/28/19 10:01:18 PM,98.940,21.569,,-0.048,,,,
14814,10/28/19 10:01:38 PM,,,98.977,,,,,
14815,10/28/19 10:03:18 PM,98.928,21.569,,-0.048,,,,
14816,10/28/19 10:03:38 PM,,,98.966,,,,,
14817,10/28/19 10:05:18 PM,98.917,21.569,,-0.049,,,,
14818,10/28/19 10:05:38 PM,,,98.966,,,,,
14819,10/28/19 10:07:18 PM,98.917,21.569,,-0.048,,,,
14820,10/28/19 10:07:38 PM,,,98.955,,,,,
14821,10/28/19 10:09:18 PM,98.928,21.569,,-0.050,,,,
14822,10/28/19 10:09:38 PM,,,98.988,,,,,
14823,10/28/19 10:11:18 PM,98.940,21.569,,-0.051,,,,
14824,10/28/19 10:11:38 PM,,,99.010,,,,,
14825,10/28/19 10:13:18 PM,98.978,21.664,,-0.047,,,,
14826,10/28/19 10:13:38 PM,,,99.010,,,,,
14827,10/28/19 10:15:18 PM,98.955,21.664,,-0.050,,,,
14828,10/28/19 10:15:38 PM,,,99.010,,,,,
14829,10/28/19 10:17:18 PM,98.958,21.760,,-0.050,,,,
14830,10/28/19 10:17:38 PM,,,99.020,,,,,
14831,10/28/19 10:19:18 PM,98.962,21.855,,-0.048,,,,
14832,10/28/19 10:19:38 PM,,,98.999,,,,,
14833,10/28/19 10:21:18 PM,98.965,21.951,,-0.046,,,,
14834,10/28/19 10:21:38 PM,,,98.984,,,,,
14835,10/28/19 10:23:18 PM,98.965,21.951,,-0.047,,,,
14836,10/28/19 10:23:38 PM,,,98.999,,,,,
14837,10/28/19 10:25:18 PM,98.953,21.951,,-0.048,,,,
14838,10/28/19 10:25:38 PM,,,98.995,,,,,
14839,10/28/19 10:27:18 PM,98.965,21.951,,-0.049,,,,
14840,10/28/19 10:27:38 PM,,,99.020,,,,,
14841,10/28/19 10:29:18 PM,99.012,21.951,,-0.047,,,,
14842,10/28/19 10:29:38 PM,,,99.042,,,,,
14843,10/28/19 10:31:18 PM,99.012,21.951,,-0.049,,,,
14844,10/28/19 10:31:38 PM,,,99.060,,,,,
14845,10/28/19 10:33:18 PM,99.035,21.951,,-0.046,,,,
14846,10/28/19 10:33:38 PM,,,99.049,,,,,
14847,10/28/19 10:35:18 PM,99.038,22.046,,-0.046,,,,
14848,10/28/19 10:35:38 PM,,,99.060,,,,,
14849,10/28/19 10:37:18 PM,99.015,22.046,,-0.049,,,,
14850,10/28/19 10:37:38 PM,,,99.071,,,,,
14851,10/28/19 10:39:18 PM,99.015,22.046,,-0.050,,,,
14852,10/28/19 10:39:38 PM,,,99.071,,,,,
14853,10/28/19 10:41:18 PM,99.007,22.142,,-0.050,,,,
14854,10/28/19 10:41:38 PM,,,99.071,,,,,
14855,10/28/19 10:43:18 PM,99.030,22.142,,-0.047,,,,
14856,10/28/19 10:43:38 PM,,,99.060,,,,,
14857,10/28/19 10:45:18 PM,99.007,22.142,,-0.048,,,,
14858,10/28/19 10:45:38 PM,,,99.049,,,,,
14859,10/28/19 10:47:18 PM,98.995,22.142,,-0.049,,,,
14860,10/28/19 10:47:38 PM,,,99.049,,,,,
14861,10/28/19 10:49:18 PM,98.983,22.142,,-0.048,,,,
14862,10/28/19 10:49:38 PM,,,99.016,,,,,
14863,10/28/19 10:51:18 PM,98.948,22.142,,-0.049,,,,
14864,10/28/19 10:51:38 PM,,,98.995,,,,,
14865,10/28/19 10:53:18 PM,98.937,22.142,,-0.048,,,,
14866,10/28/19 10:53:38 PM,,,98.973,,,,,
14867,10/28/19 10:55:18 PM,98.913,22.142,,-0.049,,,,
14868,10/28/19 10:55:38 PM,,,98.962,,,,,
14869,10/28/19 10:57:18 PM,98.913,22.142,,-0.050,,,,
14870,10/28/19 10:57:38 PM,,,98.973,,,,,
14871,10/28/19 10:59:18 PM,98.902,22.142,,-0.050,,,,
14872,10/28/19 10:59:38 PM,,,98.962,,,,,
14873,10/28/19 11:01:18 PM,98.937,22.142,,-0.047,,,,
14874,10/28/19 11:01:38 PM,,,98.973,,,,,
14875,10/28/19 11:03:18 PM,98.945,22.046,,-0.047,,,,
14876,10/28/19 11:03:38 PM,,,98.973,,,,,
14877,10/28/19 11:05:18 PM,98.945,22.046,,-0.048,,,,
14878,10/28/19 11:05:38 PM,,,98.984,,,,,
14879,10/28/19 11:07:18 PM,98.977,21.951,,-0.044,,,,
14880,10/28/19 11:07:38 PM,,,98.973,,,,,
14881,10/28/19 11:09:18 PM,98.942,21.951,,-0.046,,,,
14882,10/28/19 11:09:38 PM,,,98.962,,,,,
14883,10/28/19 11:11:18 PM,98.938,21.855,,-0.047,,,,
14884,10/28/19 11:11:38 PM,,,98.973,,,,,
14885,10/28/19 11:13:18 PM,98.950,21.855,,-0.047,,,,
14886,10/28/19 11:13:38 PM,,,98.984,,,,,
14887,10/28/19 11:15:18 PM,98.947,21.760,,-0.047,,,,
14888,10/28/19 11:15:38 PM,,,98.973,,,,,
14889,10/28/19 11:17:18 PM,98.947,21.760,,-0.047,,,,
14890,10/28/19 11:17:38 PM,,,98.973,,,,,
14891,10/28/19 11:19:18 PM,98.943,21.664,,-0.047,,,,
14892,10/28/19 11:19:38 PM,,,98.973,,,,,
14893,10/28/19 11:21:18 PM,98.932,21.664,,-0.046,,,,
14894,10/28/19 11:21:38 PM,,,98.951,,,,,
14895,10/28/19 11:23:18 PM,98.955,21.664,,-0.045,,,,
14896,10/28/19 11:23:38 PM,,,98.973,,,,,
14897,10/28/19 11:25:18 PM,98.928,21.569,,-0.048,,,,
14898,10/28/19 11:25:38 PM,,,98.962,,,,,
14899,10/28/19 11:27:18 PM,98.928,21.569,,-0.047,,,,
14900,10/28/19 11:27:38 PM,,,98.962,,,,,
14901,10/28/19 11:29:18 PM,98.913,21.473,,-0.049,,,,
14902,10/28/19 11:29:38 PM,,,98.962,,,,,
14903,10/28/19 11:31:18 PM,98.925,21.473,,-0.048,,,,
14904,10/28/19 11:31:38 PM,,,98.962,,,,,
14905,10/28/19 11:33:18 PM,98.902,21.473,,-0.050,,,,
14906,10/28/19 11:33:38 PM,,,98.962,,,,,
14907,10/28/19 11:35:18 PM,98.913,21.473,,-0.049,,,,
14908,10/28/19 11:35:38 PM,,,98.962,,,,,
14909,10/28/19 11:37:18 PM,98.910,21.378,,-0.048,,,,
14910,10/28/19 11:37:38 PM,,,98.951,,,,,
14911,10/28/19 11:39:18 PM,98.898,21.378,,-0.051,,,,
14912,10/28/19 11:39:38 PM,,,98.973,,,,,
14913,10/28/19 11:41:18 PM,98.910,21.378,,-0.049,,,,
14914,10/28/19 11:41:38 PM,,,98.962,,,,,
14915,10/28/19 11:43:18 PM,98.922,21.378,,-0.047,,,,
14916,10/28/19 11:43:38 PM,,,98.951,,,,,
14917,10/28/19 11:45:18 PM,98.922,21.378,,-0.048,,,,
14918,10/28/19 11:45:38 PM,,,98.962,,,,,
14919,10/28/19 11:47:18 PM,98.930,21.282,,-0.046,,,,
14920,10/28/19 11:47:38 PM,,,98.951,,,,,
14921,10/28/19 11:49:18 PM,98.907,21.282,,-0.048,,,,
14922,10/28/19 11:49:38 PM,,,98.951,,,,,
14923,10/28/19 11:51:18 PM,98.907,21.282,,-0.048,,,,
14924,10/28/19 11:51:38 PM,,,98.951,,,,,
14925,10/28/19 11:53:18 PM,98.918,21.282,,-0.048,,,,
14926,10/28/19 11:53:38 PM,,,98.962,,,,,
14927,10/28/19 11:55:18 PM,98.930,21.282,,-0.047,,,,
14928,10/28/19 11:55:38 PM,,,98.958,,,,,
14929,10/28/19 11:57:18 PM,98.938,21.187,,-0.047,,,,
14930,10/28/19 11:57:38 PM,,,98.969,,,,,
14931,10/28/19 11:59:18 PM,98.927,21.187,,-0.048,,,,
14932,10/28/19 11:59:38 PM,,,98.969,,,,,
14933,10/29/19 12:01:18 AM,98.938,21.187,,-0.048,,,,
14934,10/29/19 12:01:38 AM,,,98.980,,,,,
14935,10/29/19 12:03:18 AM,98.950,21.187,,-0.045,,,,
14936,10/29/19 12:03:38 AM,,,98.958,,,,,
14937,10/29/19 12:05:18 AM,98.927,21.187,,-0.049,,,,
14938,10/29/19 12:05:38 AM,,,98.980,,,,,
14939,10/29/19 12:07:18 AM,98.927,21.187,,-0.048,,,,
14940,10/29/19 12:07:38 AM,,,98.969,,,,,
14941,10/29/19 12:09:18 AM,98.912,21.091,,-0.050,,,,
14942,10/29/19 12:09:38 AM,,,98.969,,,,,
14943,10/29/19 12:11:18 AM,98.923,21.091,,-0.049,,,,
14944,10/29/19 12:11:38 AM,,,98.969,,,,,
14945,10/29/19 12:13:18 AM,98.935,21.091,,-0.047,,,,
14946,10/29/19 12:13:38 AM,,,98.969,,,,,
14947,10/29/19 12:15:18 AM,98.947,21.091,,-0.048,,,,
14948,10/29/19 12:15:38 AM,,,98.991,,,,,
14949,10/29/19 12:17:18 AM,98.947,21.091,,-0.049,,,,
14950,10/29/19 12:17:38 AM,,,99.001,,,,,
14951,10/29/19 12:19:18 AM,98.970,21.091,,-0.046,,,,
14952,10/29/19 12:19:38 AM,,,98.987,,,,,
14953,10/29/19 12:21:18 AM,98.943,20.996,,-0.048,,,,
14954,10/29/19 12:21:38 AM,,,98.976,,,,,
14955,10/29/19 12:23:18 AM,98.920,20.996,,-0.049,,,,
14956,10/29/19 12:23:38 AM,,,98.965,,,,,
14957,10/29/19 12:25:18 AM,98.908,20.996,,-0.050,,,,
14958,10/29/19 12:25:38 AM,,,98.965,,,,,
14959,10/29/19 12:27:18 AM,98.932,20.996,,-0.048,,,,
14960,10/29/19 12:27:38 AM,,,98.976,,,,,
14961,10/29/19 12:29:18 AM,98.943,20.996,,-0.050,,,,
14962,10/29/19 12:29:38 AM,,,99.008,,,,,
14963,10/29/19 12:31:18 AM,98.967,20.996,,-0.048,,,,
14964,10/29/19 12:31:38 AM,,,99.008,,,,,
14965,10/29/19 12:33:18 AM,98.955,20.996,,-0.049,,,,
14966,10/29/19 12:33:38 AM,,,99.008,,,,,
14967,10/29/19 12:35:18 AM,98.978,20.996,,-0.047,,,,
14968,10/29/19 12:35:38 AM,,,99.008,,,,,
14969,10/29/19 12:37:18 AM,98.975,20.901,,-0.046,,,,
14970,10/29/19 12:37:38 AM,,,98.997,,,,,
14971,10/29/19 12:39:18 AM,98.963,20.901,,-0.047,,,,
14972,10/29/19 12:39:38 AM,,,98.993,,,,,
14973,10/29/19 12:41:18 AM,98.963,20.901,,-0.048,,,,
14974,10/29/19 12:41:38 AM,,,99.004,,,,,
14975,10/29/19 12:43:18 AM,98.963,20.901,,-0.049,,,,
14976,10/29/19 12:43:38 AM,,,99.015,,,,,
14977,10/29/19 12:45:18 AM,98.975,20.901,,-0.048,,,,
14978,10/29/19 12:45:38 AM,,,99.015,,,,,
14979,10/29/19 12:47:18 AM,98.987,20.901,,-0.047,,,,
14980,10/29/19 12:47:38 AM,,,99.015,,,,,
14981,10/29/19 12:49:18 AM,98.963,20.901,,-0.048,,,,
14982,10/29/19 12:49:38 AM,,,99.004,,,,,
14983,10/29/19 12:51:18 AM,98.940,20.901,,-0.050,,,,
14984,10/29/19 12:51:38 AM,,,98.993,,,,,
14985,10/29/19 12:53:18 AM,98.940,20.901,,-0.049,,,,
14986,10/29/19 12:53:38 AM,,,98.983,,,,,
14987,10/29/19 12:55:18 AM,98.948,20.805,,-0.048,,,,
14988,10/29/19 12:55:38 AM,,,98.983,,,,,
14989,10/29/19 12:57:18 AM,98.913,20.805,,-0.050,,,,
14990,10/29/19 12:57:38 AM,,,98.972,,,,,
14991,10/29/19 12:59:18 AM,98.937,20.805,,-0.048,,,,
14992,10/29/19 12:59:38 AM,,,98.983,,,,,
14993,10/29/19 01:01:18 AM,98.913,20.805,,-0.049,,,,
14994,10/29/19 01:01:38 AM,,,98.957,,,,,
14995,10/29/19 01:03:18 AM,98.937,20.805,,-0.046,,,,
14996,10/29/19 01:03:38 AM,,,98.957,,,,,
14997,10/29/19 01:05:18 AM,98.948,20.805,,-0.047,,,,
14998,10/29/19 01:05:38 AM,,,98.979,,,,,
14999,10/29/19 01:07:18 AM,98.937,20.805,,-0.048,,,,
15000,10/29/19 01:07:38 AM,,,98.979,,,,,
15001,10/29/19 01:09:18 AM,98.913,20.805,,-0.049,,,,
15002,10/29/19 01:09:38 AM,,,98.957,,,,,
15003,10/29/19 01:11:18 AM,98.902,20.805,,-0.047,,,,
15004,10/29/19 01:11:38 AM,,,98.924,,,,,
15005,10/29/19 01:13:18 AM,98.890,20.805,,-0.047,,,,
15006,10/29/19 01:13:38 AM,,,98.924,,,,,
15007,10/29/19 01:15:18 AM,98.893,20.901,,-0.047,,,,
15008,10/29/19 01:15:38 AM,,,98.924,,,,,
15009,10/29/19 01:17:18 AM,98.893,20.901,,-0.045,,,,
15010,10/29/19 01:17:38 AM,,,98.902,,,,,
15011,10/29/19 01:19:18 AM,98.870,20.901,,-0.047,,,,
15012,10/29/19 01:19:38 AM,,,98.902,,,,,
15013,10/29/19 01:21:18 AM,98.858,20.901,,-0.048,,,,
15014,10/29/19 01:21:38 AM,,,98.902,,,,,
15015,10/29/19 01:23:18 AM,98.873,20.996,,-0.048,,,,
15016,10/29/19 01:23:38 AM,,,98.913,,,,,
15017,10/29/19 01:25:18 AM,98.873,20.996,,-0.046,,,,
15018,10/29/19 01:25:38 AM,,,98.891,,,,,
15019,10/29/19 01:27:18 AM,98.862,20.996,,-0.048,,,,
15020,10/29/19 01:27:38 AM,,,98.898,,,,,
15021,10/29/19 01:29:18 AM,98.862,20.996,,-0.047,,,,
15022,10/29/19 01:29:38 AM,,,98.887,,,,,
15023,10/29/19 01:31:18 AM,98.838,20.996,,-0.048,,,,
15024,10/29/19 01:31:38 AM,,,98.876,,,,,
15025,10/29/19 01:33:18 AM,98.830,21.091,,-0.048,,,,
15026,10/29/19 01:33:38 AM,,,98.866,,,,,
15027,10/29/19 01:35:18 AM,98.842,21.091,,-0.046,,,,
15028,10/29/19 01:35:38 AM,,,98.866,,,,,
15029,10/29/19 01:37:18 AM,98.853,21.091,,-0.047,,,,
15030,10/29/19 01:37:38 AM,,,98.887,,,,,
15031,10/29/19 01:39:18 AM,98.853,21.091,,-0.046,,,,
15032,10/29/19 01:39:38 AM,,,98.876,,,,,
15033,10/29/19 01:41:18 AM,98.822,21.187,,-0.048,,,,
15034,10/29/19 01:41:38 AM,,,98.855,,,,,
15035,10/29/19 01:43:18 AM,98.822,21.187,,-0.045,,,,
15036,10/29/19 01:43:38 AM,,,98.822,,,,,
15037,10/29/19 01:45:18 AM,98.801,21.282,,-0.047,,,,
15038,10/29/19 01:45:38 AM,,,98.833,,,,,
15039,10/29/19 01:47:18 AM,98.813,21.282,,-0.048,,,,
15040,10/29/19 01:47:38 AM,,,98.855,,,,,
15041,10/29/19 01:49:18 AM,98.805,21.378,,-0.051,,,,
15042,10/29/19 01:49:38 AM,,,98.876,,,,,
15043,10/29/19 01:51:18 AM,98.805,21.378,,-0.050,,,,
15044,10/29/19 01:51:38 AM,,,98.866,,,,,
15045,10/29/19 01:53:18 AM,98.820,21.473,,-0.049,,,,
15046,10/29/19 01:53:38 AM,,,98.866,,,,,
15047,10/29/19 01:55:18 AM,98.855,21.473,,-0.048,,,,
15048,10/29/19 01:55:38 AM,,,98.898,,,,,
15049,10/29/19 01:57:18 AM,98.855,21.473,,-0.048,,,,
15050,10/29/19 01:57:38 AM,,,98.898,,,,,
15051,10/29/19 01:59:18 AM,98.846,21.569,,-0.049,,,,
15052,10/29/19 01:59:38 AM,,,98.898,,,,,
15053,10/29/19 02:01:18 AM,98.846,21.569,,-0.049,,,,
15054,10/29/19 02:01:38 AM,,,98.898,,,,,
15055,10/29/19 02:03:18 AM,98.870,21.569,,-0.047,,,,
15056,10/29/19 02:03:38 AM,,,98.898,,,,,
15057,10/29/19 02:05:18 AM,98.870,21.569,,-0.050,,,,
15058,10/29/19 02:05:38 AM,,,98.931,,,,,
15059,10/29/19 02:07:18 AM,98.870,21.569,,-0.046,,,,
15060,10/29/19 02:07:38 AM,,,98.887,,,,,
15061,10/29/19 02:09:18 AM,98.823,21.569,,-0.048,,,,
15062,10/29/19 02:09:38 AM,,,98.855,,,,,
15063,10/29/19 02:11:18 AM,98.823,21.569,,-0.046,,,,
15064,10/29/19 02:11:38 AM,,,98.844,,,,,
15065,10/29/19 02:13:18 AM,98.811,21.569,,-0.048,,,,
15066,10/29/19 02:13:38 AM,,,98.855,,,,,
15067,10/29/19 02:15:18 AM,98.835,21.569,,-0.046,,,,
15068,10/29/19 02:15:38 AM,,,98.855,,,,,
15069,10/29/19 02:17:18 AM,98.811,21.569,,-0.048,,,,
15070,10/29/19 02:17:38 AM,,,98.855,,,,,
15071,10/29/19 02:19:18 AM,98.796,21.473,,-0.048,,,,
15072,10/29/19 02:19:38 AM,,,98.833,,,,,
15073,10/29/19 02:21:18 AM,98.796,21.473,,-0.045,,,,
15074,10/29/19 02:21:38 AM,,,98.800,,,,,
15075,10/29/19 02:23:18 AM,98.773,21.473,,-0.047,,,,
15076,10/29/19 02:23:38 AM,,,98.800,,,,,
15077,10/29/19 02:25:18 AM,98.761,21.473,,-0.048,,,,
15078,10/29/19 02:25:38 AM,,,98.800,,,,,
15079,10/29/19 02:27:18 AM,98.750,21.473,,-0.048,,,,
15080,10/29/19 02:27:38 AM,,,98.789,,,,,
15081,10/29/19 02:29:18 AM,98.750,21.473,,-0.048,,,,
15082,10/29/19 02:29:38 AM,,,98.789,,,,,
15083,10/29/19 02:31:18 AM,98.738,21.473,,-0.050,,,,
15084,10/29/19 02:31:38 AM,,,98.800,,,,,
15085,10/29/19 02:33:18 AM,98.761,21.473,,-0.047,,,,
15086,10/29/19 02:33:38 AM,,,98.789,,,,,
15087,10/29/19 02:35:18 AM,98.773,21.473,,-0.047,,,,
15088,10/29/19 02:35:38 AM,,,98.800,,,,,
15089,10/29/19 02:37:18 AM,98.773,21.473,,-0.048,,,,
15090,10/29/19 02:37:38 AM,,,98.811,,,,,
15091,10/29/19 02:39:18 AM,98.761,21.473,,-0.049,,,,
15092,10/29/19 02:39:38 AM,,,98.811,,,,,
15093,10/29/19 02:41:18 AM,98.761,21.473,,-0.049,,,,
15094,10/29/19 02:41:38 AM,,,98.811,,,,,
15095,10/29/19 02:43:18 AM,98.761,21.473,,-0.049,,,,
15096,10/29/19 02:43:38 AM,,,98.811,,,,,
15097,10/29/19 02:45:18 AM,98.785,21.473,,-0.048,,,,
15098,10/29/19 02:45:38 AM,,,98.833,,,,,
15099,10/29/19 02:47:18 AM,98.808,21.473,,-0.048,,,,
15100,10/29/19 02:47:38 AM,,,98.855,,,,,
15101,10/29/19 02:49:18 AM,98.808,21.473,,-0.048,,,,
15102,10/29/19 02:49:38 AM,,,98.844,,,,,
15103,10/29/19 02:51:18 AM,98.843,21.473,,-0.046,,,,
15104,10/29/19 02:51:38 AM,,,98.866,,,,,
15105,10/29/19 02:53:18 AM,98.867,21.473,,-0.045,,,,
15106,10/29/19 02:53:38 AM,,,98.876,,,,,
15107,10/29/19 02:55:18 AM,98.852,21.378,,-0.048,,,,
15108,10/29/19 02:55:38 AM,,,98.898,,,,,
15109,10/29/19 02:57:18 AM,98.828,21.378,,-0.047,,,,
15110,10/29/19 02:57:38 AM,,,98.855,,,,,
15111,10/29/19 02:59:18 AM,98.805,21.378,,-0.045,,,,
15112,10/29/19 02:59:38 AM,,,98.811,,,,,
15113,10/29/19 03:01:18 AM,98.758,21.378,,-0.048,,,,
15114,10/29/19 03:01:38 AM,,,98.800,,,,,
15115,10/29/19 03:03:18 AM,98.746,21.378,,-0.049,,,,
15116,10/29/19 03:03:38 AM,,,98.789,,,,,
15117,10/29/19 03:05:18 AM,98.793,21.378,,-0.047,,,,
15118,10/29/19 03:05:38 AM,,,98.833,,,,,
15119,10/29/19 03:07:18 AM,98.852,21.378,,-0.046,,,,
15120,10/29/19 03:07:38 AM,,,98.876,,,,,
15121,10/29/19 03:09:18 AM,98.837,21.282,,-0.047,,,,
15122,10/29/19 03:09:38 AM,,,98.866,,,,,
15123,10/29/19 03:11:18 AM,98.801,21.282,,-0.047,,,,
15124,10/29/19 03:11:38 AM,,,98.822,,,,,
15125,10/29/19 03:13:18 AM,98.790,21.282,,-0.048,,,,
15126,10/29/19 03:13:38 AM,,,98.833,,,,,
15127,10/29/19 03:15:18 AM,98.825,21.282,,-0.046,,,,
15128,10/29/19 03:15:38 AM,,,98.844,,,,,
15129,10/29/19 03:17:18 AM,98.813,21.282,,-0.048,,,,
15130,10/29/19 03:17:38 AM,,,98.855,,,,,
15131,10/29/19 03:19:18 AM,98.813,21.282,,-0.048,,,,
15132,10/29/19 03:19:38 AM,,,98.855,,,,,
15133,10/29/19 03:21:18 AM,98.798,21.187,,-0.048,,,,
15134,10/29/19 03:21:38 AM,,,98.833,,,,,
15135,10/29/19 03:23:18 AM,98.798,21.187,,-0.048,,,,
15136,10/29/19 03:23:38 AM,,,98.833,,,,,
15137,10/29/19 03:25:18 AM,98.810,21.187,,-0.046,,,,
15138,10/29/19 03:25:38 AM,,,98.833,,,,,
15139,10/29/19 03:27:18 AM,98.845,21.187,,-0.047,,,,
15140,10/29/19 03:27:38 AM,,,98.887,,,,,
15141,10/29/19 03:29:18 AM,98.892,21.187,,-0.048,,,,
15142,10/29/19 03:29:38 AM,,,98.942,,,,,
15143,10/29/19 03:31:18 AM,98.892,21.187,,-0.049,,,,
15144,10/29/19 03:31:38 AM,,,98.938,,,,,
15145,10/29/19 03:33:18 AM,98.860,21.282,,-0.050,,,,
15146,10/29/19 03:33:38 AM,,,98.916,,,,,
15147,10/29/19 03:35:18 AM,98.895,21.282,,-0.039,,,,
15148,10/29/19 03:35:38 AM,,,98.829,,,,,
15149,10/29/19 03:37:18 AM,98.945,21.378,,-0.033,,,,
15150,10/29/19 03:37:38 AM,,,98.840,,,,,
15151,10/29/19 03:39:18 AM,99.030,21.473,,-0.022,,,,
15152,10/29/19 03:39:38 AM,,,98.807,,,,,
15153,10/29/19 03:41:18 AM,99.100,21.473,,-0.012,,,,
15154,10/29/19 03:41:38 AM,,,98.785,,,,,
15155,10/29/19 03:43:18 AM,99.361,21.569,,0.013,,,,
15156,10/29/19 03:43:38 AM,,,98.807,,,,,
15157,10/29/19 03:45:18 AM,99.691,21.664,,0.044,,,,
15158,10/29/19 03:45:38 AM,,,98.840,,,,,
15159,10/29/19 03:47:18 AM,99.914,21.664,,0.065,,,,
15160,10/29/19 03:47:38 AM,,,98.851,,,,,
15161,10/29/19 03:49:18 AM,100.268,21.760,,0.099,,,,
15162,10/29/19 03:49:38 AM,,,98.868,,,,,
15163,10/29/19 03:51:18 AM,100.588,21.569,,0.132,,,,
15164,10/29/19 03:51:38 AM,,,98.868,,,,,
15165,10/29/19 03:53:18 AM,100.909,21.378,,0.163,,,,
15166,10/29/19 03:53:38 AM,,,98.890,,,,,
15167,10/29/19 03:55:18 AM,101.206,21.187,,0.193,,,,
15168,10/29/19 03:55:38 AM,,,98.890,,,,,
15169,10/29/19 03:57:18 AM,101.500,20.901,,0.223,,,,
15170,10/29/19 03:57:38 AM,,,98.890,,,,,
15171,10/29/19 03:59:18 AM,101.727,20.710,,0.250,,,,
15172,10/29/19 03:59:38 AM,,,98.847,,,,,
15173,10/29/19 04:01:18 AM,101.978,20.519,,0.277,,,,
15174,10/29/19 04:01:38 AM,,,98.836,,,,,
15175,10/29/19 04:03:18 AM,102.240,20.329,,0.305,,,,
15176,10/29/19 04:03:38 AM,,,98.825,,,,,
15177,10/29/19 04:05:18 AM,102.560,20.138,,0.337,,,,
15178,10/29/19 04:05:38 AM,,,98.836,,,,,
15179,10/29/19 04:07:18 AM,102.978,20.043,,0.379,,,,
15180,10/29/19 04:07:38 AM,,,98.836,,,,,
15181,10/29/19 04:09:18 AM,103.352,20.043,,0.418,,,,
15182,10/29/19 04:09:38 AM,,,98.836,,,,,
15183,10/29/19 04:11:18 AM,103.680,20.043,,0.451,,,,
15184,10/29/19 04:11:38 AM,,,98.836,,,,,
15185,10/29/19 04:13:18 AM,103.937,20.043,,0.477,,,,
15186,10/29/19 04:13:38 AM,,,98.836,,,,,
15187,10/29/19 04:15:18 AM,104.136,20.043,,0.496,,,,
15188,10/29/19 04:15:38 AM,,,98.858,,,,,
15189,10/29/19 04:17:18 AM,104.288,20.043,,0.510,,,,
15190,10/29/19 04:17:38 AM,,,98.868,,,,,
15191,10/29/19 04:19:18 AM,104.390,19.948,,0.520,,,,
15192,10/29/19 04:19:38 AM,,,98.868,,,,,
15193,10/29/19 04:21:18 AM,104.437,19.948,,0.527,,,,
15194,10/29/19 04:21:38 AM,,,98.847,,,,,
15195,10/29/19 04:23:18 AM,104.530,19.948,,0.537,,,,
15196,10/29/19 04:23:38 AM,,,98.847,,,,,
15197,10/29/19 04:25:18 AM,104.527,19.853,,0.538,,,,
15198,10/29/19 04:25:38 AM,,,98.825,,,,,
15199,10/29/19 04:27:18 AM,104.550,19.853,,0.541,,,,
15200,10/29/19 04:27:38 AM,,,98.821,,,,,
15201,10/29/19 04:29:18 AM,104.550,19.853,,0.541,,,,
15202,10/29/19 04:29:38 AM,,,98.821,,,,,
15203,10/29/19 04:31:18 AM,104.562,19.853,,0.542,,,,
15204,10/29/19 04:31:38 AM,,,98.832,,,,,
15205,10/29/19 04:33:18 AM,104.527,19.853,,0.537,,,,
15206,10/29/19 04:33:38 AM,,,98.843,,,,,
15207,10/29/19 04:35:18 AM,104.480,19.853,,0.533,,,,
15208,10/29/19 04:35:38 AM,,,98.832,,,,,
15209,10/29/19 04:37:18 AM,104.410,19.853,,0.527,,,,
15210,10/29/19 04:37:38 AM,,,98.821,,,,,
15211,10/29/19 04:39:18 AM,104.246,19.853,,0.513,,,,
15212,10/29/19 04:39:38 AM,,,98.788,,,,,
15213,10/29/19 04:41:18 AM,104.144,19.948,,0.506,,,,
15214,10/29/19 04:41:38 AM,,,98.755,,,,,
15215,10/29/19 04:43:18 AM,103.945,19.948,,0.489,,,,
15216,10/29/19 04:43:38 AM,,,98.723,,,,,
15217,10/29/19 04:45:18 AM,103.781,19.948,,0.476,,,,
15218,10/29/19 04:45:38 AM,,,98.690,,,,,
15219,10/29/19 04:47:18 AM,103.618,19.948,,0.460,,,,
15220,10/29/19 04:47:38 AM,,,98.690,,,,,
15221,10/29/19 04:49:18 AM,103.512,19.948,,0.447,,,,
15222,10/29/19 04:49:38 AM,,,98.712,,,,,
15223,10/29/19 04:51:18 AM,103.395,19.948,,0.432,,,,
15224,10/29/19 04:51:38 AM,,,98.745,,,,,
15225,10/29/19 04:53:18 AM,103.255,19.948,,0.414,,,,
15226,10/29/19 04:53:38 AM,,,98.777,,,,,
15227,10/29/19 04:55:18 AM,103.115,19.948,,0.400,,,,
15228,10/29/19 04:55:38 AM,,,98.766,,,,,
15229,10/29/19 04:57:18 AM,103.021,19.948,,0.383,,,,
15230,10/29/19 04:57:38 AM,,,98.854,,,,,
15231,10/29/19 04:59:18 AM,103.033,19.948,,0.372,,,,
15232,10/29/19 04:59:38 AM,,,98.984,,,,,
15233,10/29/19 05:01:18 AM,103.045,19.948,,0.358,,,,
15234,10/29/19 05:01:38 AM,,,99.137,,,,,
15235,10/29/19 05:03:18 AM,102.928,19.948,,0.342,,,,
15236,10/29/19 05:03:38 AM,,,99.148,,,,,
15237,10/29/19 05:05:18 AM,102.869,19.948,,0.332,,,,
15238,10/29/19 05:05:38 AM,,,99.202,,,,,
15239,10/29/19 05:07:18 AM,102.858,19.948,,0.329,,,,
15240,10/29/19 05:07:38 AM,,,99.213,,,,,
15241,10/29/19 05:09:18 AM,102.811,19.948,,0.317,,,,
15242,10/29/19 05:09:38 AM,,,99.290,,,,,
15243,10/29/19 05:11:18 AM,102.822,19.948,,0.313,,,,
15244,10/29/19 05:11:38 AM,,,99.340,,,,,
15245,10/29/19 05:13:18 AM,102.951,19.948,,0.318,,,,
15246,10/29/19 05:13:38 AM,,,99.417,,,,,
15247,10/29/19 05:15:18 AM,103.091,19.948,,0.330,,,,
15248,10/29/19 05:15:38 AM,,,99.438,,,,,
15249,10/29/19 05:17:18 AM,103.407,19.948,,0.360,,,,
15250,10/29/19 05:17:38 AM,,,99.460,,,,,
15251,10/29/19 05:19:18 AM,103.805,19.948,,0.403,,,,
15252,10/29/19 05:19:38 AM,,,99.423,,,,,
15253,10/29/19 05:21:18 AM,104.246,19.853,,0.450,,,,
15254,10/29/19 05:21:38 AM,,,99.413,,,,,
15255,10/29/19 05:23:18 AM,104.632,19.853,,0.490,,,,
15256,10/29/19 05:23:38 AM,,,99.402,,,,,
15257,10/29/19 05:25:18 AM,105.096,19.758,,0.542,,,,
15258,10/29/19 05:25:38 AM,,,99.354,,,,,
15259,10/29/19 05:27:18 AM,105.518,19.758,,0.592,,,,
15260,10/29/19 05:27:38 AM,,,99.278,,,,,
15261,10/29/19 05:29:18 AM,106.006,19.662,,0.652,,,,
15262,10/29/19 05:29:38 AM,,,99.180,,,,,
15263,10/29/19 05:31:18 AM,106.497,19.662,,0.710,,,,
15264,10/29/19 05:31:38 AM,,,99.110,,,,,
15265,10/29/19 05:33:18 AM,107.184,19.567,,0.779,,,,
15266,10/29/19 05:33:38 AM,,,99.132,,,,,
15267,10/29/19 05:35:18 AM,107.942,19.472,,0.855,,,,
15268,10/29/19 05:35:38 AM,,,99.150,,,,,
15269,10/29/19 05:37:18 AM,108.703,19.472,,0.930,,,,
15270,10/29/19 05:37:38 AM,,,99.172,,,,,
15271,10/29/19 05:39:18 AM,109.429,19.472,,1.003,,,,
15272,10/29/19 05:39:38 AM,,,99.183,,,,,
15273,10/29/19 05:41:18 AM,110.011,19.377,,1.063,,,,
15274,10/29/19 05:41:38 AM,,,99.172,,,,,
15275,10/29/19 05:43:18 AM,110.421,19.377,,1.107,,,,
15276,10/29/19 05:43:38 AM,,,99.157,,,,,
15277,10/29/19 05:45:18 AM,110.737,19.377,,1.140,,,,
15278,10/29/19 05:45:38 AM,,,99.146,,,,,
15279,10/29/19 05:47:18 AM,111.030,19.377,,1.171,,,,
15280,10/29/19 05:47:38 AM,,,99.135,,,,,
15281,10/29/19 05:49:18 AM,111.182,19.377,,1.183,,,,
15282,10/29/19 05:49:38 AM,,,99.175,,,,,
15283,10/29/19 05:51:18 AM,111.358,19.377,,1.197,,,,
15284,10/29/19 05:51:38 AM,,,99.218,,,,,
15285,10/29/19 05:53:18 AM,111.440,19.377,,1.200,,,,
15286,10/29/19 05:53:38 AM,,,99.273,,,,,
15287,10/29/19 05:55:18 AM,111.370,19.377,,1.189,,,,
15288,10/29/19 05:55:38 AM,,,99.305,,,,,
15289,10/29/19 05:57:18 AM,111.323,19.377,,1.182,,,,
15290,10/29/19 05:57:38 AM,,,99.323,,,,,
15291,10/29/19 05:59:18 AM,111.218,19.377,,1.171,,,,
15292,10/29/19 05:59:38 AM,,,99.323,,,,,
15293,10/29/19 06:01:18 AM,111.018,19.377,,1.148,,,,
15294,10/29/19 06:01:38 AM,,,99.356,,,,,
15295,10/29/19 06:03:18 AM,110.909,19.282,,1.135,,,,
15296,10/29/19 06:03:38 AM,,,99.367,,,,,
15297,10/29/19 06:05:18 AM,110.839,19.282,,1.128,,,,
15298,10/29/19 06:05:38 AM,,,99.374,,,,,
15299,10/29/19 06:07:18 AM,110.675,19.282,,1.108,,,,
15300,10/29/19 06:07:38 AM,,,99.407,,,,,
15301,10/29/19 06:09:18 AM,110.546,19.282,,1.090,,,,
15302,10/29/19 06:09:38 AM,,,99.450,,,,,
15303,10/29/19 06:11:18 AM,110.441,19.282,,1.073,,,,
15304,10/29/19 06:11:38 AM,,,99.526,,,,,
15305,10/29/19 06:13:18 AM,110.230,19.282,,1.048,,,,
15306,10/29/19 06:13:38 AM,,,99.548,,,,,
15307,10/29/19 06:15:18 AM,110.078,19.282,,1.030,,,,
15308,10/29/19 06:15:38 AM,,,99.570,,,,,
15309,10/29/19 06:17:18 AM,109.949,19.282,,1.014,,,,
15310,10/29/19 06:17:38 AM,,,99.599,,,,,
15311,10/29/19 06:19:18 AM,109.761,19.282,,0.993,,,,
15312,10/29/19 06:19:38 AM,,,99.610,,,,,
15313,10/29/19 06:21:18 AM,109.562,19.282,,0.973,,,,
15314,10/29/19 06:21:38 AM,,,99.610,,,,,
15315,10/29/19 06:23:18 AM,109.316,19.282,,0.947,,,,
15316,10/29/19 06:23:38 AM,,,99.621,,,,,
15317,10/29/19 06:25:18 AM,109.152,19.282,,0.929,,,,
15318,10/29/19 06:25:38 AM,,,99.631,,,,,
15319,10/29/19 06:27:18 AM,108.836,19.282,,0.898,,,,
15320,10/29/19 06:27:38 AM,,,99.610,,,,,
15321,10/29/19 06:29:18 AM,108.540,19.187,,0.870,,,,
15322,10/29/19 06:29:38 AM,,,99.588,,,,,
15323,10/29/19 06:31:18 AM,108.329,19.187,,0.849,,,,
15324,10/29/19 06:31:38 AM,,,99.584,,,,,
15325,10/29/19 06:33:18 AM,108.107,19.187,,0.828,,,,
15326,10/29/19 06:33:38 AM,,,99.573,,,,,
15327,10/29/19 06:35:18 AM,107.849,19.187,,0.808,,,,
15328,10/29/19 06:35:38 AM,,,99.497,,,,,
15329,10/29/19 06:37:18 AM,107.580,19.187,,0.787,,,,
15330,10/29/19 06:37:38 AM,,,99.431,,,,,
15331,10/29/19 06:39:18 AM,107.322,19.187,,0.767,,,,
15332,10/29/19 06:39:38 AM,,,99.377,,,,,
15333,10/29/19 06:41:18 AM,107.123,19.187,,0.746,,,,
15334,10/29/19 06:41:38 AM,,,99.388,,,,,
15335,10/29/19 06:43:18 AM,107.006,19.187,,0.736,,,,
15336,10/29/19 06:43:38 AM,,,99.366,,,,,
15337,10/29/19 06:45:18 AM,106.807,19.187,,0.718,,,,
15338,10/29/19 06:45:38 AM,,,99.344,,,,,
15339,10/29/19 06:47:18 AM,106.643,19.187,,0.703,,,,
15340,10/29/19 06:47:38 AM,,,99.333,,,,,
15341,10/29/19 06:49:18 AM,106.480,19.187,,0.686,,,,
15342,10/29/19 06:49:38 AM,,,99.340,,,,,
15343,10/29/19 06:51:18 AM,106.374,19.187,,0.677,,,,
15344,10/29/19 06:51:38 AM,,,99.318,,,,,
15345,10/29/19 06:53:18 AM,106.234,19.187,,0.664,,,,
15346,10/29/19 06:53:38 AM,,,99.307,,,,,
15347,10/29/19 06:55:18 AM,106.129,19.187,,0.654,,,,
15348,10/29/19 06:55:38 AM,,,99.297,,,,,
15349,10/29/19 06:57:18 AM,106.047,19.187,,0.647,,,,
15350,10/29/19 06:57:38 AM,,,99.286,,,,,
15351,10/29/19 06:59:18 AM,105.953,19.187,,0.636,,,,
15352,10/29/19 06:59:38 AM,,,99.297,,,,,
15353,10/29/19 07:01:18 AM,105.906,19.187,,0.630,,,,
15354,10/29/19 07:01:38 AM,,,99.307,,,,,
15355,10/29/19 07:03:18 AM,105.824,19.187,,0.621,,,,
15356,10/29/19 07:03:38 AM,,,99.318,,,,,
15357,10/29/19 07:05:18 AM,105.813,19.187,,0.620,,,,
15358,10/29/19 07:05:38 AM,,,99.318,,,,,
15359,10/29/19 07:07:18 AM,105.716,19.092,,0.610,,,,
15360,10/29/19 07:07:38 AM,,,99.318,,,,,
15361,10/29/19 07:09:18 AM,105.645,19.092,,0.602,,,,
15362,10/29/19 07:09:38 AM,,,99.318,,,,,
15363,10/29/19 07:11:18 AM,105.622,19.092,,0.600,,,,
15364,10/29/19 07:11:38 AM,,,99.318,,,,,
15365,10/29/19 07:13:18 AM,105.575,19.092,,0.597,,,,
15366,10/29/19 07:13:38 AM,,,99.293,,,,,
15367,10/29/19 07:15:18 AM,105.458,19.092,,0.586,,,,
15368,10/29/19 07:15:38 AM,,,99.293,,,,,
15369,10/29/19 07:17:18 AM,105.458,19.092,,0.586,,,,
15370,10/29/19 07:17:38 AM,,,99.293,,,,,
15371,10/29/19 07:19:18 AM,105.411,19.092,,0.580,,,,
15372,10/29/19 07:19:38 AM,,,99.303,,,,,
15373,10/29/19 07:21:18 AM,105.376,19.092,,0.576,,,,
15374,10/29/19 07:21:38 AM,,,99.303,,,,,
15375,10/29/19 07:23:18 AM,105.388,19.092,,0.577,,,,
15376,10/29/19 07:23:38 AM,,,99.314,,,,,
15377,10/29/19 07:25:18 AM,105.353,19.092,,0.575,,,,
15378,10/29/19 07:25:38 AM,,,99.293,,,,,
15379,10/29/19 07:27:18 AM,105.318,19.092,,0.568,,,,
15380,10/29/19 07:27:38 AM,,,99.336,,,,,
15381,10/29/19 07:29:18 AM,105.271,19.092,,0.561,,,,
15382,10/29/19 07:29:38 AM,,,99.347,,,,,
15383,10/29/19 07:31:18 AM,105.248,19.092,,0.559,,,,
15384,10/29/19 07:31:38 AM,,,99.347,,,,,
15385,10/29/19 07:33:18 AM,105.224,19.092,,0.555,,,,
15386,10/29/19 07:33:38 AM,,,99.369,,,,,
15387,10/29/19 07:35:18 AM,105.201,19.092,,0.552,,,,
15388,10/29/19 07:35:38 AM,,,99.369,,,,,
15389,10/29/19 07:37:18 AM,105.177,19.092,,0.550,,,,
15390,10/29/19 07:37:38 AM,,,99.358,,,,,
15391,10/29/19 07:39:18 AM,105.107,19.092,,0.543,,,,
15392,10/29/19 07:39:38 AM,,,99.358,,,,,
15393,10/29/19 07:41:18 AM,105.096,19.092,,0.543,,,,
15394,10/29/19 07:41:38 AM,,,99.347,,,,,
15395,10/29/19 07:43:18 AM,105.037,19.092,,0.539,,,,
15396,10/29/19 07:43:38 AM,,,99.325,,,,,
15397,10/29/19 07:45:18 AM,104.967,19.092,,0.534,,,,
15398,10/29/19 07:45:38 AM,,,99.303,,,,,
15399,10/29/19 07:47:18 AM,104.955,19.092,,0.537,,,,
15400,10/29/19 07:47:38 AM,,,99.260,,,,,
15401,10/29/19 07:49:18 AM,104.873,19.092,,0.529,,,,
15402,10/29/19 07:49:38 AM,,,99.260,,,,,
15403,10/29/19 07:51:18 AM,104.885,19.092,,0.530,,,,
15404,10/29/19 07:51:38 AM,,,99.271,,,,,
15405,10/29/19 07:53:18 AM,104.835,18.996,,0.524,,,,
15406,10/29/19 07:53:38 AM,,,99.271,,,,,
15407,10/29/19 07:55:18 AM,104.811,18.996,,0.525,,,,
15408,10/29/19 07:55:38 AM,,,99.238,,,,,
15409,10/29/19 07:57:18 AM,104.730,18.996,,0.521,,,,
15410,10/29/19 07:57:38 AM,,,99.194,,,,,
15411,10/29/19 07:59:18 AM,104.683,18.996,,0.520,,,,
15412,10/29/19 07:59:38 AM,,,99.162,,,,,
15413,10/29/19 08:01:18 AM,104.683,18.996,,0.520,,,,
15414,10/29/19 08:01:38 AM,,,99.162,,,,,
15415,10/29/19 08:03:18 AM,104.624,18.996,,0.515,,,,
15416,10/29/19 08:03:38 AM,,,99.151,,,,,
15417,10/29/19 08:05:18 AM,104.613,18.996,,0.516,,,,
15418,10/29/19 08:05:38 AM,,,99.129,,,,,
15419,10/29/19 08:07:18 AM,104.554,18.996,,0.512,,,,
15420,10/29/19 08:07:38 AM,,,99.107,,,,,
15421,10/29/19 08:09:18 AM,104.578,18.996,,0.512,,,,
15422,10/29/19 08:09:38 AM,,,99.140,,,,,
15423,10/29/19 08:11:18 AM,104.578,18.996,,0.511,,,,
15424,10/29/19 08:11:38 AM,,,99.147,,,,,
15425,10/29/19 08:13:18 AM,104.554,18.996,,0.508,,,,
15426,10/29/19 08:13:38 AM,,,99.158,,,,,
15427,10/29/19 08:15:18 AM,104.531,18.996,,0.509,,,,
15428,10/29/19 08:15:38 AM,,,99.114,,,,,
15429,10/29/19 08:17:18 AM,104.542,18.996,,0.510,,,,
15430,10/29/19 08:17:38 AM,,,99.125,,,,,
15431,10/29/19 08:19:18 AM,104.531,18.996,,0.508,,,,
15432,10/29/19 08:19:38 AM,,,99.125,,,,,
15433,10/29/19 08:21:18 AM,104.519,18.996,,0.505,,,,
15434,10/29/19 08:21:38 AM,,,99.147,,,,,
15435,10/29/19 08:23:18 AM,104.484,18.996,,0.501,,,,
15436,10/29/19 08:23:38 AM,,,99.147,,,,,
15437,10/29/19 08:25:18 AM,104.437,18.996,,0.499,,,,
15438,10/29/19 08:25:38 AM,,,99.114,,,,,
15439,10/29/19 08:27:18 AM,104.414,18.996,,0.498,,,,
15440,10/29/19 08:27:38 AM,,,99.103,,,,,
15441,10/29/19 08:29:18 AM,104.344,18.996,,0.493,,,,
15442,10/29/19 08:29:38 AM,,,99.082,,,,,
15443,10/29/19 08:31:18 AM,104.344,18.996,,0.497,,,,
15444,10/29/19 08:31:38 AM,,,99.038,,,,,
15445,10/29/19 08:33:18 AM,104.297,18.996,,0.492,,,,
15446,10/29/19 08:33:38 AM,,,99.049,,,,,
15447,10/29/19 08:35:18 AM,104.262,18.996,,0.491,,,,
15448,10/29/19 08:35:38 AM,,,99.016,,,,,
15449,10/29/19 08:37:18 AM,104.215,18.996,,0.489,,,,
15450,10/29/19 08:37:38 AM,,,98.994,,,,,
15451,10/29/19 08:39:18 AM,104.180,18.996,,0.487,,,,
15452,10/29/19 08:39:38 AM,,,98.983,,,,,
15453,10/29/19 08:41:18 AM,104.156,18.996,,0.485,,,,
15454,10/29/19 08:41:38 AM,,,98.983,,,,,
15455,10/29/19 08:43:18 AM,104.063,18.996,,0.479,,,,
15456,10/29/19 08:43:38 AM,,,98.940,,,,,
15457,10/29/19 08:45:18 AM,104.004,18.996,,0.475,,,,
15458,10/29/19 08:45:38 AM,,,98.918,,,,,
15459,10/29/19 08:47:18 AM,103.946,18.996,,0.470,,,,
15460,10/29/19 08:47:38 AM,,,98.918,,,,,
15461,10/29/19 08:49:18 AM,103.958,18.996,,0.470,,,,
15462,10/29/19 08:49:38 AM,,,98.929,,,,,
15463,10/29/19 08:51:18 AM,103.934,18.996,,0.466,,,,
15464,10/29/19 08:51:38 AM,,,98.951,,,,,
15465,10/29/19 08:53:18 AM,103.888,18.996,,0.463,,,,
15466,10/29/19 08:53:38 AM,,,98.918,,,,,
15467,10/29/19 08:55:18 AM,103.654,18.996,,0.456,,,,
15468,10/29/19 08:55:38 AM,,,98.733,,,,,
15469,10/29/19 08:57:18 AM,103.572,18.996,,0.453,,,,
15470,10/29/19 08:57:38 AM,,,98.700,,,,,
15471,10/29/19 08:59:18 AM,103.548,18.996,,0.449,,,,
15472,10/29/19 08:59:38 AM,,,98.733,,,,,
15473,10/29/19 09:01:18 AM,103.572,18.996,,0.443,,,,
15474,10/29/19 09:01:38 AM,,,98.820,,,,,
15475,10/29/19 09:03:18 AM,103.548,18.996,,0.434,,,,
15476,10/29/19 09:03:38 AM,,,98.874,,,,,
15477,10/29/19 09:05:18 AM,103.584,18.996,,0.432,,,,
15478,10/29/19 09:05:38 AM,,,98.940,,,,,
15479,10/29/19 09:07:18 AM,103.572,18.996,,0.427,,,,
15480,10/29/19 09:07:38 AM,,,98.962,,,,,
15481,10/29/19 09:09:18 AM,103.572,18.996,,0.421,,,,
15482,10/29/19 09:09:38 AM,,,99.027,,,,,
15483,10/29/19 09:11:18 AM,103.572,18.996,,0.414,,,,
15484,10/29/19 09:11:38 AM,,,99.103,,,,,
15485,10/29/19 09:13:18 AM,103.607,18.996,,0.409,,,,
15486,10/29/19 09:13:38 AM,,,99.191,,,,,
15487,10/29/19 09:15:18 AM,103.592,18.901,,0.405,,,,
15488,10/29/19 09:15:38 AM,,,99.201,,,,,
15489,10/29/19 09:17:18 AM,103.537,18.996,,0.401,,,,
15490,10/29/19 09:17:38 AM,,,99.180,,,,,
15491,10/29/19 09:19:18 AM,103.502,18.996,,0.399,,,,
15492,10/29/19 09:19:38 AM,,,99.169,,,,,
15493,10/29/19 09:21:18 AM,103.451,18.901,,0.392,,,,
15494,10/29/19 09:21:38 AM,,,99.191,,,,,
15495,10/29/19 09:23:18 AM,103.405,18.901,,0.387,,,,
15496,10/29/19 09:23:38 AM,,,99.191,,,,,
15497,10/29/19 09:25:18 AM,103.350,18.996,,0.383,,,,
15498,10/29/19 09:25:38 AM,,,99.169,,,,,
15499,10/29/19 09:27:18 AM,103.280,18.996,,0.378,,,,
15500,10/29/19 09:27:38 AM,,,99.147,,,,,
15501,10/29/19 09:29:18 AM,103.198,18.996,,0.369,,,,
15502,10/29/19 09:29:38 AM,,,99.154,,,,,
15503,10/29/19 09:31:18 AM,103.186,18.996,,0.366,,,,
15504,10/29/19 09:31:38 AM,,,99.176,,,,,
15505,10/29/19 09:33:18 AM,103.139,18.996,,0.362,,,,
15506,10/29/19 09:33:38 AM,,,99.165,,,,,
15507,10/29/19 09:35:18 AM,103.081,18.996,,0.358,,,,
15508,10/29/19 09:35:38 AM,,,99.143,,,,,
15509,10/29/19 09:37:18 AM,103.046,18.996,,0.353,,,,
15510,10/29/19 09:37:38 AM,,,99.165,,,,,
15511,10/29/19 09:39:18 AM,102.999,18.996,,0.349,,,,
15512,10/29/19 09:39:38 AM,,,99.154,,,,,
15513,10/29/19 09:41:18 AM,102.940,18.996,,0.343,,,,
15514,10/29/19 09:41:38 AM,,,99.154,,,,,
15515,10/29/19 09:43:18 AM,102.894,18.996,,0.337,,,,
15516,10/29/19 09:43:38 AM,,,99.165,,,,,
15517,10/29/19 09:45:18 AM,102.870,18.996,,0.336,,,,
15518,10/29/19 09:45:38 AM,,,99.154,,,,,
15519,10/29/19 09:47:18 AM,102.800,18.996,,0.329,,,,
15520,10/29/19 09:47:38 AM,,,99.143,,,,,
15521,10/29/19 09:49:18 AM,102.730,18.996,,0.323,,,,
15522,10/29/19 09:49:38 AM,,,99.132,,,,,
15523,10/29/19 09:51:18 AM,102.683,18.996,,0.321,,,,
15524,10/29/19 09:51:38 AM,,,99.110,,,,,
15525,10/29/19 09:53:18 AM,102.613,18.996,,0.316,,,,
15526,10/29/19 09:53:38 AM,,,99.088,,,,,
15527,10/29/19 09:55:18 AM,102.578,18.996,,0.313,,,,
15528,10/29/19 09:55:38 AM,,,99.078,,,,,
15529,10/29/19 09:57:18 AM,102.543,18.996,,0.309,,,,
15530,10/29/19 09:57:38 AM,,,99.088,,,,,
15531,10/29/19 09:59:18 AM,102.543,18.996,,0.308,,,,
15532,10/29/19 09:59:38 AM,,,99.099,,,,,
15533,10/29/19 10:01:18 AM,102.496,18.996,,0.302,,,,
15534,10/29/19 10:01:38 AM,,,99.114,,,,,
15535,10/29/19 10:03:18 AM,102.449,18.996,,0.298,,,,
15536,10/29/19 10:03:38 AM,,,99.103,,,,,
15537,10/29/19 10:05:18 AM,102.403,18.996,,0.292,,,,
15538,10/29/19 10:05:38 AM,,,99.114,,,,,
15539,10/29/19 10:07:18 AM,102.368,18.996,,0.288,,,,
15540,10/29/19 10:07:38 AM,,,99.114,,,,,
15541,10/29/19 10:09:18 AM,102.344,18.996,,0.285,,,,
15542,10/29/19 10:09:38 AM,,,99.125,,,,,
15543,10/29/19 10:11:18 AM,102.333,18.996,,0.283,,,,
15544,10/29/19 10:11:38 AM,,,99.136,,,,,
15545,10/29/19 10:13:18 AM,102.309,18.996,,0.279,,,,
15546,10/29/19 10:13:38 AM,,,99.147,,,,,
15547,10/29/19 10:15:18 AM,102.274,18.996,,0.274,,,,
15548,10/29/19 10:15:38 AM,,,99.169,,,,,
15549,10/29/19 10:17:18 AM,102.262,18.996,,0.272,,,,
15550,10/29/19 10:17:38 AM,,,99.169,,,,,
15551,10/29/19 10:19:18 AM,102.239,18.996,,0.268,,,,
15552,10/29/19 10:19:38 AM,,,99.191,,,,,
15553,10/29/19 10:21:18 AM,102.192,18.996,,0.263,,,,
15554,10/29/19 10:21:38 AM,,,99.191,,,,,
15555,10/29/19 10:23:18 AM,102.146,18.996,,0.260,,,,
15556,10/29/19 10:23:38 AM,,,99.169,,,,,
15557,10/29/19 10:25:18 AM,102.134,18.996,,0.258,,,,
15558,10/29/19 10:25:38 AM,,,99.180,,,,,
15559,10/29/19 10:27:18 AM,102.111,18.996,,0.255,,,,
15560,10/29/19 10:27:38 AM,,,99.180,,,,,
15561,10/29/19 10:29:18 AM,102.064,18.996,,0.252,,,,
15562,10/29/19 10:29:38 AM,,,99.169,,,,,
15563,10/29/19 10:31:18 AM,102.040,18.996,,0.248,,,,
15564,10/29/19 10:31:38 AM,,,99.180,,,,,
15565,10/29/19 10:33:18 AM,102.029,18.996,,0.247,,,,
15566,10/29/19 10:33:38 AM,,,99.180,,,,,
15567,10/29/19 10:35:18 AM,101.994,18.996,,0.244,,,,
15568,10/29/19 10:35:38 AM,,,99.180,,,,,
15569,10/29/19 10:37:18 AM,101.982,18.996,,0.241,,,,
15570,10/29/19 10:37:38 AM,,,99.191,,,,,
15571,10/29/19 10:39:18 AM,101.947,18.996,,0.238,,,,
15572,10/29/19 10:39:38 AM,,,99.191,,,,,
15573,10/29/19 10:41:18 AM,101.900,18.996,,0.234,,,,
15574,10/29/19 10:41:38 AM,,,99.180,,,,,
15575,10/29/19 10:43:18 AM,101.888,18.996,,0.231,,,,
15576,10/29/19 10:43:38 AM,,,99.201,,,,,
15577,10/29/19 10:45:18 AM,101.888,18.996,,0.229,,,,
15578,10/29/19 10:45:38 AM,,,99.223,,,,,
15579,10/29/19 10:47:18 AM,101.900,18.996,,0.227,,,,
15580,10/29/19 10:47:38 AM,,,99.256,,,,,
15581,10/29/19 10:49:18 AM,101.853,18.996,,0.221,,,,
15582,10/29/19 10:49:38 AM,,,99.256,,,,,
15583,10/29/19 10:51:18 AM,101.818,18.996,,0.220,,,,
15584,10/29/19 10:51:38 AM,,,99.234,,,,,
15585,10/29/19 10:53:18 AM,101.783,18.996,,0.217,,,,
15586,10/29/19 10:53:38 AM,,,99.223,,,,,
15587,10/29/19 10:55:18 AM,101.760,18.996,,0.215,,,,
15588,10/29/19 10:55:38 AM,,,99.223,,,,,
15589,10/29/19 10:57:18 AM,101.701,18.996,,0.210,,,,
15590,10/29/19 10:57:38 AM,,,99.212,,,,,
15591,10/29/19 10:59:18 AM,101.666,18.996,,0.208,,,,
15592,10/29/19 10:59:38 AM,,,99.201,,,,,
15593,10/29/19 11:01:18 AM,101.631,18.996,,0.207,,,,
15594,10/29/19 11:01:38 AM,,,99.169,,,,,
15595,10/29/19 11:03:18 AM,101.608,18.996,,0.204,,,,
15596,10/29/19 11:03:38 AM,,,99.180,,,,,
15597,10/29/19 11:05:18 AM,101.588,19.092,,0.202,,,,
15598,10/29/19 11:05:38 AM,,,99.180,,,,,
15599,10/29/19 11:07:18 AM,101.541,19.092,,0.199,,,,
15600,10/29/19 11:07:38 AM,,,99.158,,,,,
15601,10/29/19 11:09:18 AM,101.518,19.092,,0.197,,,,
15602,10/29/19 11:09:38 AM,,,99.158,,,,,
15603,10/29/19 11:11:18 AM,101.483,19.092,,0.195,,,,
15604,10/29/19 11:11:38 AM,,,99.147,,,,,
15605,10/29/19 11:13:18 AM,101.448,19.092,,0.191,,,,
15606,10/29/19 11:13:38 AM,,,99.147,,,,,
15607,10/29/19 11:15:18 AM,101.436,19.092,,0.191,,,,
15608,10/29/19 11:15:38 AM,,,99.136,,,,,
15609,10/29/19 11:17:18 AM,101.413,19.092,,0.187,,,,
15610,10/29/19 11:17:38 AM,,,99.158,,,,,
15611,10/29/19 11:19:18 AM,101.389,19.092,,0.185,,,,
15612,10/29/19 11:19:38 AM,,,99.147,,,,,
15613,10/29/19 11:21:18 AM,101.378,19.092,,0.183,,,,
15614,10/29/19 11:21:38 AM,,,99.158,,,,,
15615,10/29/19 11:23:18 AM,101.354,19.092,,0.181,,,,
15616,10/29/19 11:23:38 AM,,,99.147,,,,,
15617,10/29/19 11:25:18 AM,101.354,19.092,,0.179,,,,
15618,10/29/19 11:25:38 AM,,,99.180,,,,,
15619,10/29/19 11:27:18 AM,101.343,19.092,,0.179,,,,
15620,10/29/19 11:27:38 AM,,,99.158,,,,,
15621,10/29/19 11:29:18 AM,101.319,19.092,,0.176,,,,
15622,10/29/19 11:29:38 AM,,,99.169,,,,,
15623,10/29/19 11:31:18 AM,101.284,19.092,,0.173,,,,
15624,10/29/19 11:31:38 AM,,,99.158,,,,,
15625,10/29/19 11:33:18 AM,101.284,19.092,,0.172,,,,
15626,10/29/19 11:33:38 AM,,,99.169,,,,,
15627,10/29/19 11:35:18 AM,101.249,19.092,,0.169,,,,
15628,10/29/19 11:35:38 AM,,,99.158,,,,,
15629,10/29/19 11:37:18 AM,101.202,19.092,,0.165,,,,
15630,10/29/19 11:37:38 AM,,,99.158,,,,,
15631,10/29/19 11:39:18 AM,101.214,19.092,,0.166,,,,
15632,10/29/19 11:39:38 AM,,,99.158,,,,,
15633,10/29/19 11:41:18 AM,101.202,19.092,,0.164,,,,
15634,10/29/19 11:41:38 AM,,,99.169,,,,,
15635,10/29/19 11:43:18 AM,101.202,19.092,,0.163,,,,
15636,10/29/19 11:43:38 AM,,,99.180,,,,,
15637,10/29/19 11:45:18 AM,101.179,19.092,,0.159,,,,
15638,10/29/19 11:45:38 AM,,,99.191,,,,,
15639,10/29/19 11:47:18 AM,101.229,19.187,,0.163,,,,
15640,10/29/19 11:47:38 AM,,,99.201,,,,,
15641,10/29/19 11:49:18 AM,101.194,19.187,,0.159,,,,
15642,10/29/19 11:49:38 AM,,,99.212,,,,,
15643,10/29/19 11:51:18 AM,101.194,19.187,,0.158,,,,
15644,10/29/19 11:51:38 AM,,,99.223,,,,,
15645,10/29/19 11:53:18 AM,101.159,19.187,,0.154,,,,
15646,10/29/19 11:53:38 AM,,,99.223,,,,,
15647,10/29/19 11:55:18 AM,101.124,19.187,,0.151,,,,
15648,10/29/19 11:55:38 AM,,,99.212,,,,,
15649,10/29/19 11:57:18 AM,101.139,19.282,,0.153,,,,
15650,10/29/19 11:57:38 AM,,,99.216,,,,,
15651,10/29/19 11:59:18 AM,101.116,19.282,,0.150,,,,
15652,10/29/19 11:59:38 AM,,,99.216,,,,,
15653,10/29/19 12:01:18 PM,101.104,19.282,,0.149,,,,
15654,10/29/19 12:01:38 PM,,,99.216,,,,,
15655,10/29/19 12:03:18 PM,101.092,19.282,,0.149,,,,
15656,10/29/19 12:03:38 PM,,,99.205,,,,,
15657,10/29/19 12:05:18 PM,101.084,19.377,,0.148,,,,
15658,10/29/19 12:05:38 PM,,,99.205,,,,,
15659,10/29/19 12:07:18 PM,101.095,19.377,,0.148,,,,
15660,10/29/19 12:07:38 PM,,,99.216,,,,,
15661,10/29/19 12:09:18 PM,101.049,19.377,,0.144,,,,
15662,10/29/19 12:09:38 PM,,,99.205,,,,,
15663,10/29/19 12:11:18 PM,101.060,19.377,,0.145,,,,
15664,10/29/19 12:11:38 PM,,,99.216,,,,,
15665,10/29/19 12:13:18 PM,101.060,19.377,,0.144,,,,
15666,10/29/19 12:13:38 PM,,,99.227,,,,,
15667,10/29/19 12:15:18 PM,101.052,19.472,,0.143,,,,
15668,10/29/19 12:15:38 PM,,,99.227,,,,,
15669,10/29/19 12:17:18 PM,101.052,19.472,,0.142,,,,
15670,10/29/19 12:17:38 PM,,,99.231,,,,,
15671,10/29/19 12:19:18 PM,101.052,19.472,,0.142,,,,
15672,10/29/19 12:19:38 PM,,,99.231,,,,,
15673,10/29/19 12:21:18 PM,101.005,19.472,,0.135,,,,
15674,10/29/19 12:21:38 PM,,,99.253,,,,,
15675,10/29/19 12:23:18 PM,101.017,19.472,,0.136,,,,
15676,10/29/19 12:23:38 PM,,,99.253,,,,,
15677,10/29/19 12:25:18 PM,101.005,19.472,,0.136,,,,
15678,10/29/19 12:25:38 PM,,,99.242,,,,,
15679,10/29/19 12:27:18 PM,100.974,19.567,,0.132,,,,
15680,10/29/19 12:27:38 PM,,,99.253,,,,,
15681,10/29/19 12:29:18 PM,100.962,19.567,,0.132,,,,
15682,10/29/19 12:29:38 PM,,,99.242,,,,,
15683,10/29/19 12:31:18 PM,100.962,19.567,,0.132,,,,
15684,10/29/19 12:31:38 PM,,,99.242,,,,,
15685,10/29/19 12:33:18 PM,100.950,19.567,,0.132,,,,
15686,10/29/19 12:33:38 PM,,,99.231,,,,,
15687,10/29/19 12:35:18 PM,100.939,19.567,,0.131,,,,
15688,10/29/19 12:35:38 PM,,,99.231,,,,,
15689,10/29/19 12:37:18 PM,100.954,19.662,,0.131,,,,
15690,10/29/19 12:37:38 PM,,,99.242,,,,,
15691,10/29/19 12:39:18 PM,100.907,19.662,,0.127,,,,
15692,10/29/19 12:39:38 PM,,,99.235,,,,,
15693,10/29/19 12:41:18 PM,100.919,19.662,,0.129,,,,
15694,10/29/19 12:41:38 PM,,,99.224,,,,,
15695,10/29/19 12:43:18 PM,100.910,19.758,,0.128,,,,
15696,10/29/19 12:43:38 PM,,,99.224,,,,,
15697,10/29/19 12:45:18 PM,100.887,19.758,,0.124,,,,
15698,10/29/19 12:45:38 PM,,,99.246,,,,,
15699,10/29/19 12:47:18 PM,100.867,19.853,,0.122,,,,
15700,10/29/19 12:47:38 PM,,,99.246,,,,,
15701,10/29/19 12:49:18 PM,100.855,19.853,,0.121,,,,
15702,10/29/19 12:49:38 PM,,,99.235,,,,,
15703,10/29/19 12:51:18 PM,100.855,19.853,,0.122,,,,
15704,10/29/19 12:51:38 PM,,,99.235,,,,,
15705,10/29/19 12:53:18 PM,100.870,19.948,,0.123,,,,
15706,10/29/19 12:53:38 PM,,,99.235,,,,,
15707,10/29/19 12:55:18 PM,100.873,20.043,,0.123,,,,
15708,10/29/19 12:55:38 PM,,,99.235,,,,,
15709,10/29/19 12:57:18 PM,100.815,20.043,,0.117,,,,
15710,10/29/19 12:57:38 PM,,,99.239,,,,,
15711,10/29/19 12:59:18 PM,100.807,20.138,,0.116,,,,
15712,10/29/19 12:59:38 PM,,,99.239,,,,,
15713,10/29/19 01:01:18 PM,100.807,20.138,,0.117,,,,
15714,10/29/19 01:01:38 PM,,,99.228,,,,,
15715,10/29/19 01:03:18 PM,100.775,20.234,,0.116,,,,
15716,10/29/19 01:03:38 PM,,,99.206,,,,,
15717,10/29/19 01:05:18 PM,100.775,20.234,,0.115,,,,
15718,10/29/19 01:05:38 PM,,,99.217,,,,,
15719,10/29/19 01:07:18 PM,100.755,20.329,,0.113,,,,
15720,10/29/19 01:07:38 PM,,,99.217,,,,,
15721,10/29/19 01:09:18 PM,100.743,20.329,,0.114,,,,
15722,10/29/19 01:09:38 PM,,,99.195,,,,,
15723,10/29/19 01:11:18 PM,100.743,20.329,,0.114,,,,
15724,10/29/19 01:11:38 PM,,,99.195,,,,,
15725,10/29/19 01:13:18 PM,100.697,20.329,,0.110,,,,
15726,10/29/19 01:13:38 PM,,,99.195,,,,,
15727,10/29/19 01:15:18 PM,100.673,20.329,,0.108,,,,
15728,10/29/19 01:15:38 PM,,,99.188,,,,,
15729,10/29/19 01:17:18 PM,100.676,20.424,,0.109,,,,
15730,10/29/19 01:17:38 PM,,,99.178,,,,,
15731,10/29/19 01:19:18 PM,100.665,20.424,,0.109,,,,
15732,10/29/19 01:19:38 PM,,,99.167,,,,,
15733,10/29/19 01:21:18 PM,100.665,20.424,,0.108,,,,
15734,10/29/19 01:21:38 PM,,,99.178,,,,,
15735,10/29/19 01:23:18 PM,100.630,20.424,,0.104,,,,
15736,10/29/19 01:23:38 PM,,,99.178,,,,,
15737,10/29/19 01:25:18 PM,100.680,20.519,,0.110,,,,
15738,10/29/19 01:25:38 PM,,,99.167,,,,,
15739,10/29/19 01:27:18 PM,100.633,20.519,,0.106,,,,
15740,10/29/19 01:27:38 PM,,,99.167,,,,,
15741,10/29/19 01:29:18 PM,100.656,20.519,,0.106,,,,
15742,10/29/19 01:29:38 PM,,,99.192,,,,,
15743,10/29/19 01:31:18 PM,100.656,20.519,,0.107,,,,
15744,10/29/19 01:31:38 PM,,,99.182,,,,,
15745,10/29/19 01:33:18 PM,100.610,20.519,,0.103,,,,
15746,10/29/19 01:33:38 PM,,,99.171,,,,,
15747,10/29/19 01:35:18 PM,100.610,20.519,,0.101,,,,
15748,10/29/19 01:35:38 PM,,,99.192,,,,,
15749,10/29/19 01:37:18 PM,100.656,20.519,,0.104,,,,
15750,10/29/19 01:37:38 PM,,,99.214,,,,,
15751,10/29/19 01:39:18 PM,100.633,20.519,,0.101,,,,
15752,10/29/19 01:39:38 PM,,,99.214,,,,,
15753,10/29/19 01:41:18 PM,100.656,20.519,,0.104,,,,
15754,10/29/19 01:41:38 PM,,,99.203,,,,,
15755,10/29/19 01:43:18 PM,100.625,20.615,,0.101,,,,
15756,10/29/19 01:43:38 PM,,,99.207,,,,,
15757,10/29/19 01:45:18 PM,100.645,20.519,,0.101,,,,
15758,10/29/19 01:45:38 PM,,,99.229,,,,,
15759,10/29/19 01:47:18 PM,100.645,20.519,,0.100,,,,
15760,10/29/19 01:47:38 PM,,,99.240,,,,,
15761,10/29/19 01:49:18 PM,100.656,20.519,,0.102,,,,
15762,10/29/19 01:49:38 PM,,,99.229,,,,,
15763,10/29/19 01:51:18 PM,100.618,20.424,,0.097,,,,
15764,10/29/19 01:51:38 PM,,,99.240,,,,,
15765,10/29/19 01:53:18 PM,100.610,20.519,,0.096,,,,
15766,10/29/19 01:53:38 PM,,,99.240,,,,,
15767,10/29/19 01:55:18 PM,100.621,20.519,,0.097,,,,
15768,10/29/19 01:55:38 PM,,,99.240,,,,,
15769,10/29/19 01:57:18 PM,100.598,20.519,,0.094,,,,
15770,10/29/19 01:57:38 PM,,,99.251,,,,,
15771,10/29/19 01:59:18 PM,100.621,20.519,,0.095,,,,
15772,10/29/19 01:59:38 PM,,,99.262,,,,,
15773,10/29/19 02:01:18 PM,100.610,20.519,,0.093,,,,
15774,10/29/19 02:01:38 PM,,,99.266,,,,,
15775,10/29/19 02:03:18 PM,100.583,20.424,,0.090,,,,
15776,10/29/19 02:03:38 PM,,,99.277,,,,,
15777,10/29/19 02:05:18 PM,100.618,20.424,,0.093,,,,
15778,10/29/19 02:05:38 PM,,,99.277,,,,,
15779,10/29/19 02:07:18 PM,100.595,20.424,,0.092,,,,
15780,10/29/19 02:07:38 PM,,,99.266,,,,,
15781,10/29/19 02:09:18 PM,100.583,20.424,,0.090,,,,
15782,10/29/19 02:09:38 PM,,,99.277,,,,,
15783,10/29/19 02:11:18 PM,100.583,20.424,,0.090,,,,
15784,10/29/19 02:11:38 PM,,,99.266,,,,,
15785,10/29/19 02:13:18 PM,100.583,20.424,,0.090,,,,
15786,10/29/19 02:13:38 PM,,,99.277,,,,,
15787,10/29/19 02:15:18 PM,100.630,20.424,,0.093,,,,
15788,10/29/19 02:15:38 PM,,,99.288,,,,,
15789,10/29/19 02:17:18 PM,100.583,20.424,,0.088,,,,
15790,10/29/19 02:17:38 PM,,,99.288,,,,,
15791,10/29/19 02:19:18 PM,100.595,20.424,,0.089,,,,
15792,10/29/19 02:19:38 PM,,,99.298,,,,,
15793,10/29/19 02:21:18 PM,100.560,20.424,,0.086,,,,
15794,10/29/19 02:21:38 PM,,,99.288,,,,,
15795,10/29/19 02:23:18 PM,100.595,20.424,,0.090,,,,
15796,10/29/19 02:23:38 PM,,,99.288,,,,,
15797,10/29/19 02:25:18 PM,100.548,20.424,,0.086,,,,
15798,10/29/19 02:25:38 PM,,,99.277,,,,,
15799,10/29/19 02:27:18 PM,100.560,20.424,,0.088,,,,
15800,10/29/19 02:27:38 PM,,,99.266,,,,,
15801,10/29/19 02:29:18 PM,100.513,20.424,,0.083,,,,
15802,10/29/19 02:29:38 PM,,,99.266,,,,,
15803,10/29/19 02:31:18 PM,100.525,20.424,,0.084,,,,
15804,10/29/19 02:31:38 PM,,,99.277,,,,,
15805,10/29/19 02:33:18 PM,100.525,20.424,,0.086,,,,
15806,10/29/19 02:33:38 PM,,,99.244,,,,,
15807,10/29/19 02:35:18 PM,100.501,20.424,,0.085,,,,
15808,10/29/19 02:35:38 PM,,,99.244,,,,,
15809,10/29/19 02:37:18 PM,100.478,20.424,,0.082,,,,
15810,10/29/19 02:37:38 PM,,,99.244,,,,,
15811,10/29/19 02:39:18 PM,100.454,20.424,,0.079,,,,
15812,10/29/19 02:39:38 PM,,,99.248,,,,,
15813,10/29/19 02:41:18 PM,100.478,20.424,,0.084,,,,
15814,10/29/19 02:41:38 PM,,,99.226,,,,,
15815,10/29/19 02:43:18 PM,100.419,20.424,,0.079,,,,
15816,10/29/19 02:43:38 PM,,,99.215,,,,,
15817,10/29/19 02:45:18 PM,100.466,20.424,,0.082,,,,
15818,10/29/19 02:45:38 PM,,,99.237,,,,,
15819,10/29/19 02:47:18 PM,100.431,20.424,,0.079,,,,
15820,10/29/19 02:47:38 PM,,,99.226,,,,,
15821,10/29/19 02:49:18 PM,100.434,20.519,,0.079,,,,
15822,10/29/19 02:49:38 PM,,,99.237,,,,,
15823,10/29/19 02:51:18 PM,100.423,20.519,,0.077,,,,
15824,10/29/19 02:51:38 PM,,,99.237,,,,,
15825,10/29/19 02:53:18 PM,100.414,20.615,,0.077,,,,
15826,10/29/19 02:53:38 PM,,,99.226,,,,,
15827,10/29/19 02:55:18 PM,100.414,20.615,,0.077,,,,
15828,10/29/19 02:55:38 PM,,,99.237,,,,,
15829,10/29/19 02:57:18 PM,100.394,20.710,,0.075,,,,
15830,10/29/19 02:57:38 PM,,,99.226,,,,,
15831,10/29/19 02:59:18 PM,100.394,20.710,,0.075,,,,
15832,10/29/19 02:59:38 PM,,,99.226,,,,,
15833,10/29/19 03:01:18 PM,100.386,20.805,,0.073,,,,
15834,10/29/19 03:01:38 PM,,,99.241,,,,,
15835,10/29/19 03:03:18 PM,100.363,20.805,,0.071,,,,
15836,10/29/19 03:03:38 PM,,,99.241,,,,,
15837,10/29/19 03:05:18 PM,100.386,20.805,,0.075,,,,
15838,10/29/19 03:05:38 PM,,,99.219,,,,,
15839,10/29/19 03:07:18 PM,100.339,20.805,,0.071,,,,
15840,10/29/19 03:07:38 PM,,,99.208,,,,,
15841,10/29/19 03:09:18 PM,100.386,20.805,,0.076,,,,
15842,10/29/19 03:09:38 PM,,,99.208,,,,,
15843,10/29/19 03:11:18 PM,100.348,20.710,,0.073,,,,
15844,10/29/19 03:11:38 PM,,,99.208,,,,,
15845,10/29/19 03:13:18 PM,100.348,20.710,,0.074,,,,
15846,10/29/19 03:13:38 PM,,,99.197,,,,,
15847,10/29/19 03:15:18 PM,100.336,20.710,,0.072,,,,
15848,10/29/19 03:15:38 PM,,,99.197,,,,,
15849,10/29/19 03:17:18 PM,100.324,20.710,,0.072,,,,
15850,10/29/19 03:17:38 PM,,,99.187,,,,,
15851,10/29/19 03:19:18 PM,100.324,20.710,,0.072,,,,
15852,10/29/19 03:19:38 PM,,,99.187,,,,,
15853,10/29/19 03:21:18 PM,100.286,20.615,,0.068,,,,
15854,10/29/19 03:21:38 PM,,,99.197,,,,,
15855,10/29/19 03:23:18 PM,100.274,20.615,,0.067,,,,
15856,10/29/19 03:23:38 PM,,,99.191,,,,,
15857,10/29/19 03:25:18 PM,100.309,20.615,,0.070,,,,
15858,10/29/19 03:25:38 PM,,,99.191,,,,,
15859,10/29/19 03:27:18 PM,100.282,20.519,,0.068,,,,
15860,10/29/19 03:27:38 PM,,,99.191,,,,,
15861,10/29/19 03:29:18 PM,100.329,20.519,,0.071,,,,
15862,10/29/19 03:29:38 PM,,,99.212,,,,,
15863,10/29/19 03:31:18 PM,100.306,20.519,,0.067,,,,
15864,10/29/19 03:31:38 PM,,,99.223,,,,,
15865,10/29/19 03:33:18 PM,100.282,20.519,,0.064,,,,
15866,10/29/19 03:33:38 PM,,,99.223,,,,,
15867,10/29/19 03:35:18 PM,100.306,20.519,,0.069,,,,
15868,10/29/19 03:35:38 PM,,,99.201,,,,,
15869,10/29/19 03:37:18 PM,100.259,20.519,,0.065,,,,
15870,10/29/19 03:37:38 PM,,,99.191,,,,,
15871,10/29/19 03:39:18 PM,100.271,20.519,,0.067,,,,
15872,10/29/19 03:39:38 PM,,,99.180,,,,,
15873,10/29/19 03:41:18 PM,100.271,20.519,,0.066,,,,
15874,10/29/19 03:41:38 PM,,,99.201,,,,,
15875,10/29/19 03:43:18 PM,100.259,20.519,,0.064,,,,
15876,10/29/19 03:43:38 PM,,,99.201,,,,,
15877,10/29/19 03:45:18 PM,100.236,20.519,,0.063,,,,
15878,10/29/19 03:45:38 PM,,,99.191,,,,,
15879,10/29/19 03:47:18 PM,100.259,20.519,,0.065,,,,
15880,10/29/19 03:47:38 PM,,,99.191,,,,,
15881,10/29/19 03:49:18 PM,100.271,20.519,,0.066,,,,
15882,10/29/19 03:49:38 PM,,,99.191,,,,,
15883,10/29/19 03:51:18 PM,100.251,20.615,,0.064,,,,
15884,10/29/19 03:51:38 PM,,,99.191,,,,,
15885,10/29/19 03:53:18 PM,100.227,20.615,,0.061,,,,
15886,10/29/19 03:53:38 PM,,,99.201,,,,,
15887,10/29/19 03:55:18 PM,100.251,20.615,,0.064,,,,
15888,10/29/19 03:55:38 PM,,,99.191,,,,,
15889,10/29/19 03:57:18 PM,100.227,20.615,,0.060,,,,
15890,10/29/19 03:57:38 PM,,,99.212,,,,,
15891,10/29/19 03:59:18 PM,100.207,20.710,,0.059,,,,
15892,10/29/19 03:59:38 PM,,,99.201,,,,,
15893,10/29/19 04:01:18 PM,100.242,20.710,,0.062,,,,
15894,10/29/19 04:01:38 PM,,,99.201,,,,,
15895,10/29/19 04:03:18 PM,100.207,20.710,,0.059,,,,
15896,10/29/19 04:03:38 PM,,,99.201,,,,,
15897,10/29/19 04:05:18 PM,100.257,20.805,,0.063,,,,
15898,10/29/19 04:05:38 PM,,,99.212,,,,,
15899,10/29/19 04:07:18 PM,100.211,20.805,,0.059,,,,
15900,10/29/19 04:07:38 PM,,,99.205,,,,,
15901,10/29/19 04:09:18 PM,100.234,20.805,,0.060,,,,
15902,10/29/19 04:09:38 PM,,,99.216,,,,,
15903,10/29/19 04:11:18 PM,100.191,20.901,,0.057,,,,
15904,10/29/19 04:11:38 PM,,,99.205,,,,,
15905,10/29/19 04:13:18 PM,100.202,20.901,,0.058,,,,
15906,10/29/19 04:13:38 PM,,,99.205,,,,,
15907,10/29/19 04:15:18 PM,100.214,20.901,,0.057,,,,
15908,10/29/19 04:15:38 PM,,,99.227,,,,,
15909,10/29/19 04:17:18 PM,100.202,20.901,,0.056,,,,
15910,10/29/19 04:17:38 PM,,,99.227,,,,,
15911,10/29/19 04:19:18 PM,100.226,20.901,,0.059,,,,
15912,10/29/19 04:19:38 PM,,,99.216,,,,,
15913,10/29/19 04:21:18 PM,100.202,20.901,,0.057,,,,
15914,10/29/19 04:21:38 PM,,,99.216,,,,,
15915,10/29/19 04:23:18 PM,100.202,20.901,,0.058,,,,
15916,10/29/19 04:23:38 PM,,,99.205,,,,,
15917,10/29/19 04:25:18 PM,100.191,20.901,,0.057,,,,
15918,10/29/19 04:25:38 PM,,,99.205,,,,,
15919,10/29/19 04:27:18 PM,100.179,20.901,,0.056,,,,
15920,10/29/19 04:27:38 PM,,,99.198,,,,,
15921,10/29/19 04:29:18 PM,100.144,20.901,,0.052,,,,
15922,10/29/19 04:29:38 PM,,,99.209,,,,,
15923,10/29/19 04:31:18 PM,100.159,20.996,,0.053,,,,
15924,10/29/19 04:31:38 PM,,,99.209,,,,,
15925,10/29/19 04:33:18 PM,100.159,20.996,,0.053,,,,
15926,10/29/19 04:33:38 PM,,,99.209,,,,,
15927,10/29/19 04:35:18 PM,100.159,20.996,,0.055,,,,
15928,10/29/19 04:35:38 PM,,,99.188,,,,,
15929,10/29/19 04:37:18 PM,100.162,21.091,,0.055,,,,
15930,10/29/19 04:37:38 PM,,,99.198,,,,,
15931,10/29/19 04:39:18 PM,100.127,21.091,,0.052,,,,
15932,10/29/19 04:39:38 PM,,,99.188,,,,,
15933,10/29/19 04:41:18 PM,100.127,21.091,,0.051,,,,
15934,10/29/19 04:41:38 PM,,,99.198,,,,,
15935,10/29/19 04:43:18 PM,100.139,21.091,,0.053,,,,
15936,10/29/19 04:43:38 PM,,,99.188,,,,,
15937,10/29/19 04:45:18 PM,100.147,20.996,,0.055,,,,
15938,10/29/19 04:45:38 PM,,,99.177,,,,,
15939,10/29/19 04:47:18 PM,100.136,20.996,,0.053,,,,
15940,10/29/19 04:47:38 PM,,,99.188,,,,,
15941,10/29/19 04:49:18 PM,100.112,20.996,,0.050,,,,
15942,10/29/19 04:49:38 PM,,,99.188,,,,,
15943,10/29/19 04:51:18 PM,100.124,20.996,,0.051,,,,
15944,10/29/19 04:51:38 PM,,,99.202,,,,,
15945,10/29/19 04:53:18 PM,100.124,20.996,,0.049,,,,
15946,10/29/19 04:53:38 PM,,,99.213,,,,,
15947,10/29/19 04:55:18 PM,100.147,20.996,,0.052,,,,
15948,10/29/19 04:55:38 PM,,,99.213,,,,,
15949,10/29/19 04:57:18 PM,100.120,20.901,,0.051,,,,
15950,10/29/19 04:57:38 PM,,,99.192,,,,,
15951,10/29/19 04:59:18 PM,100.085,20.901,,0.046,,,,
15952,10/29/19 04:59:38 PM,,,99.202,,,,,
15953,10/29/19 05:01:18 PM,100.132,20.901,,0.051,,,,
15954,10/29/19 05:01:38 PM,,,99.202,,,,,
15955,10/29/19 05:03:18 PM,100.097,20.901,,0.048,,,,
15956,10/29/19 05:03:38 PM,,,99.202,,,,,
15957,10/29/19 05:05:18 PM,100.097,20.901,,0.047,,,,
15958,10/29/19 05:05:38 PM,,,99.213,,,,,
15959,10/29/19 05:07:18 PM,100.112,20.996,,0.047,,,,
15960,10/29/19 05:07:38 PM,,,99.224,,,,,
15961,10/29/19 05:09:18 PM,100.112,20.996,,0.049,,,,
15962,10/29/19 05:09:38 PM,,,99.202,,,,,
15963,10/29/19 05:11:18 PM,100.124,20.996,,0.049,,,,
15964,10/29/19 05:11:38 PM,,,99.213,,,,,
15965,10/29/19 05:13:18 PM,100.089,20.996,,0.046,,,,
15966,10/29/19 05:13:38 PM,,,99.213,,,,,
15967,10/29/19 05:15:18 PM,100.054,20.996,,0.042,,,,
15968,10/29/19 05:15:38 PM,,,99.213,,,,,
15969,10/29/19 05:17:18 PM,100.077,20.996,,0.044,,,,
15970,10/29/19 05:17:38 PM,,,99.213,,,,,
15971,10/29/19 05:19:18 PM,100.112,20.996,,0.048,,,,
15972,10/29/19 05:19:38 PM,,,99.213,,,,,
15973,10/29/19 05:21:18 PM,100.089,20.996,,0.046,,,,
15974,10/29/19 05:21:38 PM,,,99.206,,,,,
15975,10/29/19 05:23:18 PM,100.077,20.996,,0.044,,,,
15976,10/29/19 05:23:38 PM,,,99.217,,,,,
15977,10/29/19 05:25:18 PM,100.042,20.996,,0.042,,,,
15978,10/29/19 05:25:38 PM,,,99.196,,,,,
15979,10/29/19 05:27:18 PM,100.077,20.996,,0.045,,,,
15980,10/29/19 05:27:38 PM,,,99.206,,,,,
15981,10/29/19 05:29:18 PM,100.042,20.996,,0.041,,,,
15982,10/29/19 05:29:38 PM,,,99.217,,,,,
15983,10/29/19 05:31:18 PM,100.065,20.996,,0.045,,,,
15984,10/29/19 05:31:38 PM,,,99.185,,,,,
15985,10/29/19 05:33:18 PM,100.077,20.996,,0.045,,,,
15986,10/29/19 05:33:38 PM,,,99.206,,,,,
15987,10/29/19 05:35:18 PM,100.062,20.901,,0.043,,,,
15988,10/29/19 05:35:38 PM,,,99.217,,,,,
15989,10/29/19 05:37:18 PM,100.085,20.901,,0.045,,,,
15990,10/29/19 05:37:38 PM,,,99.217,,,,,
15991,10/29/19 05:39:18 PM,100.062,20.901,,0.041,,,,
15992,10/29/19 05:39:38 PM,,,99.228,,,,,
15993,10/29/19 05:41:18 PM,100.085,20.901,,0.044,,,,
15994,10/29/19 05:41:38 PM,,,99.228,,,,,
15995,10/29/19 05:43:18 PM,100.062,20.901,,0.041,,,,
15996,10/29/19 05:43:38 PM,,,99.228,,,,,
15997,10/29/19 05:45:18 PM,100.054,20.996,,0.041,,,,
15998,10/29/19 05:45:38 PM,,,99.217,,,,,
15999,10/29/19 05:47:18 PM,100.077,20.996,,0.043,,,,
16000,10/29/19 05:47:38 PM,,,99.228,,,,,
16001,10/29/19 05:49:18 PM,100.077,20.996,,0.042,,,,
16002,10/29/19 05:49:38 PM,,,99.239,,,,,
16003,10/29/19 05:51:18 PM,100.054,20.996,,0.040,,,,
16004,10/29/19 05:51:38 PM,,,99.228,,,,,
16005,10/29/19 05:53:18 PM,100.050,20.901,,0.040,,,,
16006,10/29/19 05:53:38 PM,,,99.228,,,,,
16007,10/29/19 05:55:18 PM,100.050,20.901,,0.039,,,,
16008,10/29/19 05:55:38 PM,,,99.239,,,,,
16009,10/29/19 05:57:18 PM,100.039,20.901,,0.039,,,,
16010,10/29/19 05:57:38 PM,,,99.228,,,,,
16011,10/29/19 05:59:18 PM,100.027,20.901,,0.038,,,,
16012,10/29/19 05:59:38 PM,,,99.228,,,,,
16013,10/29/19 06:01:18 PM,100.062,20.901,,0.040,,,,
16014,10/29/19 06:01:38 PM,,,99.239,,,,,
16015,10/29/19 06:03:18 PM,100.050,20.901,,0.040,,,,
16016,10/29/19 06:03:38 PM,,,99.228,,,,,
16017,10/29/19 06:05:18 PM,100.050,20.901,,0.039,,,,
16018,10/29/19 06:05:38 PM,,,99.235,,,,,
16019,10/29/19 06:07:18 PM,100.050,20.901,,0.039,,,,
16020,10/29/19 06:07:38 PM,,,99.235,,,,,
16021,10/29/19 06:09:18 PM,100.059,20.805,,0.041,,,,
16022,10/29/19 06:09:38 PM,,,99.224,,,,,
16023,10/29/19 06:11:18 PM,100.059,20.805,,0.040,,,,
16024,10/29/19 06:11:38 PM,,,99.235,,,,,
16025,10/29/19 06:13:18 PM,100.035,20.805,,0.037,,,,
16026,10/29/19 06:13:38 PM,,,99.246,,,,,
16027,10/29/19 06:15:18 PM,100.000,20.805,,0.035,,,,
16028,10/29/19 06:15:38 PM,,,99.224,,,,,
16029,10/29/19 06:17:18 PM,100.000,20.805,,0.036,,,,
16030,10/29/19 06:17:38 PM,,,99.213,,,,,
16031,10/29/19 06:19:18 PM,99.977,20.805,,0.033,,,,
16032,10/29/19 06:19:38 PM,,,99.224,,,,,
16033,10/29/19 06:21:18 PM,100.000,20.805,,0.034,,,,
16034,10/29/19 06:21:38 PM,,,99.235,,,,,
16035,10/29/19 06:23:18 PM,99.977,20.805,,0.033,,,,
16036,10/29/19 06:23:38 PM,,,99.224,,,,,
16037,10/29/19 06:25:18 PM,100.020,20.710,,0.036,,,,
16038,10/29/19 06:25:38 PM,,,99.235,,,,,
16039,10/29/19 06:27:18 PM,100.020,20.710,,0.035,,,,
16040,10/29/19 06:27:38 PM,,,99.246,,,,,
16041,10/29/19 06:29:18 PM,100.020,20.710,,0.036,,,,
16042,10/29/19 06:29:38 PM,,,99.235,,,,,
16043,10/29/19 06:31:18 PM,100.009,20.710,,0.033,,,,
16044,10/29/19 06:31:38 PM,,,99.257,,,,,
16045,10/29/19 06:33:18 PM,100.020,20.710,,0.035,,,,
16046,10/29/19 06:33:38 PM,,,99.246,,,,,
16047,10/29/19 06:35:18 PM,100.009,20.710,,0.033,,,,
16048,10/29/19 06:35:38 PM,,,99.257,,,,,
16049,10/29/19 06:37:18 PM,100.009,20.710,,0.034,,,,
16050,10/29/19 06:37:38 PM,,,99.246,,,,,
16051,10/29/19 06:39:18 PM,99.970,20.615,,0.029,,,,
16052,10/29/19 06:39:38 PM,,,99.257,,,,,
16053,10/29/19 06:41:18 PM,99.994,20.615,,0.033,,,,
16054,10/29/19 06:41:38 PM,,,99.242,,,,,
16055,10/29/19 06:43:18 PM,99.959,20.615,,0.028,,,,
16056,10/29/19 06:43:38 PM,,,99.253,,,,,
16057,10/29/19 06:45:18 PM,99.982,20.615,,0.031,,,,
16058,10/29/19 06:45:38 PM,,,99.253,,,,,
16059,10/29/19 06:47:18 PM,100.017,20.615,,0.034,,,,
16060,10/29/19 06:47:38 PM,,,99.253,,,,,
16061,10/29/19 06:49:18 PM,100.017,20.615,,0.034,,,,
16062,10/29/19 06:49:38 PM,,,99.253,,,,,
16063,10/29/19 06:51:18 PM,99.970,20.615,,0.027,,,,
16064,10/29/19 06:51:38 PM,,,99.275,,,,,
16065,10/29/19 06:53:18 PM,100.005,20.615,,0.031,,,,
16066,10/29/19 06:53:38 PM,,,99.275,,,,,
16067,10/29/19 06:55:18 PM,99.994,20.615,,0.030,,,,
16068,10/29/19 06:55:38 PM,,,99.264,,,,,
16069,10/29/19 06:57:18 PM,99.982,20.615,,0.029,,,,
16070,10/29/19 06:57:38 PM,,,99.264,,,,,
16071,10/29/19 06:59:18 PM,99.982,20.615,,0.029,,,,
16072,10/29/19 06:59:38 PM,,,99.264,,,,,
16073,10/29/19 07:01:18 PM,99.970,20.615,,0.028,,,,
16074,10/29/19 07:01:38 PM,,,99.264,,,,,
16075,10/29/19 07:03:18 PM,99.994,20.615,,0.031,,,,
16076,10/29/19 07:03:38 PM,,,99.264,,,,,
16077,10/29/19 07:05:18 PM,100.005,20.615,,0.031,,,,
16078,10/29/19 07:05:38 PM,,,99.275,,,,,
16079,10/29/19 07:07:18 PM,99.994,20.615,,0.032,,,,
16080,10/29/19 07:07:38 PM,,,99.249,,,,,
16081,10/29/19 07:09:18 PM,99.982,20.615,,0.031,,,,
16082,10/29/19 07:09:38 PM,,,99.249,,,,,
16083,10/29/19 07:11:18 PM,99.994,20.615,,0.031,,,,
16084,10/29/19 07:11:38 PM,,,99.260,,,,,
16085,10/29/19 07:13:18 PM,99.979,20.519,,0.030,,,,
16086,10/29/19 07:13:38 PM,,,99.260,,,,,
16087,10/29/19 07:15:18 PM,99.990,20.519,,0.031,,,,
16088,10/29/19 07:15:38 PM,,,99.260,,,,,
16089,10/29/19 07:17:18 PM,99.990,20.519,,0.031,,,,
16090,10/29/19 07:17:38 PM,,,99.260,,,,,
16091,10/29/19 07:19:18 PM,100.002,20.519,,0.030,,,,
16092,10/29/19 07:19:38 PM,,,99.282,,,,,
16093,10/29/19 07:21:18 PM,99.967,20.519,,0.027,,,,
16094,10/29/19 07:21:38 PM,,,99.271,,,,,
16095,10/29/19 07:23:18 PM,99.979,20.519,,0.027,,,,
16096,10/29/19 07:23:38 PM,,,99.282,,,,,
16097,10/29/19 07:25:18 PM,99.994,20.615,,0.030,,,,
16098,10/29/19 07:25:38 PM,,,99.271,,,,,
16099,10/29/19 07:27:18 PM,99.994,20.615,,0.030,,,,
16100,10/29/19 07:27:38 PM,,,99.271,,,,,
16101,10/29/19 07:29:18 PM,99.959,20.615,,0.027,,,,
16102,10/29/19 07:29:38 PM,,,99.260,,,,,
16103,10/29/19 07:31:18 PM,99.959,20.615,,0.026,,,,
16104,10/29/19 07:31:38 PM,,,99.278,,,,,
16105,10/29/19 07:33:18 PM,100.002,20.519,,0.028,,,,
16106,10/29/19 07:33:38 PM,,,99.300,,,,,
16107,10/29/19 07:35:18 PM,100.002,20.519,,0.028,,,,
16108,10/29/19 07:35:38 PM,,,99.300,,,,,
16109,10/29/19 07:37:18 PM,100.002,20.519,,0.028,,,,
16110,10/29/19 07:37:38 PM,,,99.300,,,,,
16111,10/29/19 07:39:18 PM,99.979,20.519,,0.025,,,,
16112,10/29/19 07:39:38 PM,,,99.300,,,,,
16113,10/29/19 07:41:18 PM,100.005,20.615,,0.028,,,,
16114,10/29/19 07:41:38 PM,,,99.300,,,,,
16115,10/29/19 07:43:18 PM,99.982,20.615,,0.027,,,,
16116,10/29/19 07:43:38 PM,,,99.289,,,,,
16117,10/29/19 07:45:18 PM,100.017,20.615,,0.030,,,,
16118,10/29/19 07:45:38 PM,,,99.300,,,,,
16119,10/29/19 07:47:18 PM,100.017,20.615,,0.030,,,,
16120,10/29/19 07:47:38 PM,,,99.289,,,,,
16121,10/29/19 07:49:18 PM,100.005,20.615,,0.027,,,,
16122,10/29/19 07:49:38 PM,,,99.321,,,,,
16123,10/29/19 07:51:18 PM,100.002,20.519,,0.027,,,,
16124,10/29/19 07:51:38 PM,,,99.310,,,,,
16125,10/29/19 07:53:18 PM,99.979,20.519,,0.024,,,,
16126,10/29/19 07:53:38 PM,,,99.310,,,,,
16127,10/29/19 07:55:18 PM,99.990,20.519,,0.025,,,,
16128,10/29/19 07:55:38 PM,,,99.321,,,,,
16129,10/29/19 07:57:18 PM,100.002,20.519,,0.026,,,,
16130,10/29/19 07:57:38 PM,,,99.317,,,,,
16131,10/29/19 07:59:18 PM,99.979,20.519,,0.023,,,,
16132,10/29/19 07:59:38 PM,,,99.328,,,,,
16133,10/29/19 08:01:18 PM,100.005,20.615,,0.027,,,,
16134,10/29/19 08:01:38 PM,,,99.306,,,,,
16135,10/29/19 08:03:18 PM,99.970,20.615,,0.023,,,,
16136,10/29/19 08:03:38 PM,,,99.317,,,,,
16137,10/29/19 08:05:18 PM,99.990,20.519,,0.025,,,,
16138,10/29/19 08:05:38 PM,,,99.317,,,,,
16139,10/29/19 08:07:18 PM,99.990,20.519,,0.024,,,,
16140,10/29/19 08:07:38 PM,,,99.328,,,,,
16141,10/29/19 08:09:18 PM,99.967,20.519,,0.020,,,,
16142,10/29/19 08:09:38 PM,,,99.339,,,,,
16143,10/29/19 08:11:18 PM,99.979,20.519,,0.020,,,,
16144,10/29/19 08:11:38 PM,,,99.361,,,,,
16145,10/29/19 08:13:18 PM,100.014,20.519,,0.023,,,,
16146,10/29/19 08:13:38 PM,,,99.361,,,,,
16147,10/29/19 08:15:18 PM,100.025,20.519,,0.024,,,,
16148,10/29/19 08:15:38 PM,,,99.361,,,,,
16149,10/29/19 08:17:18 PM,100.025,20.519,,0.023,,,,
16150,10/29/19 08:17:38 PM,,,99.372,,,,,
16151,10/29/19 08:19:18 PM,100.014,20.519,,0.024,,,,
16152,10/29/19 08:19:38 PM,,,99.350,,,,,
16153,10/29/19 08:21:18 PM,100.049,20.519,,0.027,,,,
16154,10/29/19 08:21:38 PM,,,99.361,,,,,
16155,10/29/19 08:23:18 PM,100.002,20.519,,0.023,,,,
16156,10/29/19 08:23:38 PM,,,99.350,,,,,
16157,10/29/19 08:25:18 PM,100.025,20.519,,0.025,,,,
16158,10/29/19 08:25:38 PM,,,99.350,,,,,
16159,10/29/19 08:27:18 PM,100.010,20.424,,0.023,,,,
16160,10/29/19 08:27:38 PM,,,99.361,,,,,
16161,10/29/19 08:29:18 PM,99.987,20.424,,0.021,,,,
16162,10/29/19 08:29:38 PM,,,99.350,,,,,
16163,10/29/19 08:31:18 PM,100.007,20.329,,0.023,,,,
16164,10/29/19 08:31:38 PM,,,99.357,,,,,
16165,10/29/19 08:33:18 PM,100.045,20.424,,0.026,,,,
16166,10/29/19 08:33:38 PM,,,99.357,,,,,
16167,10/29/19 08:35:18 PM,99.987,20.424,,0.021,,,,
16168,10/29/19 08:35:38 PM,,,99.346,,,,,
16169,10/29/19 08:37:18 PM,99.987,20.424,,0.022,,,,
16170,10/29/19 08:37:38 PM,,,99.346,,,,,
16171,10/29/19 08:39:18 PM,99.999,20.424,,0.022,,,,
16172,10/29/19 08:39:38 PM,,,99.357,,,,,
16173,10/29/19 08:41:18 PM,100.007,20.329,,0.022,,,,
16174,10/29/19 08:41:38 PM,,,99.368,,,,,
16175,10/29/19 08:43:18 PM,99.984,20.329,,0.019,,,,
16176,10/29/19 08:43:38 PM,,,99.368,,,,,
16177,10/29/19 08:45:18 PM,99.995,20.329,,0.020,,,,
16178,10/29/19 08:45:38 PM,,,99.368,,,,,
16179,10/29/19 08:47:18 PM,99.999,20.424,,0.021,,,,
16180,10/29/19 08:47:38 PM,,,99.368,,,,,
16181,10/29/19 08:49:18 PM,99.975,20.424,,0.018,,,,
16182,10/29/19 08:49:38 PM,,,99.368,,,,,
16183,10/29/19 08:51:18 PM,99.984,20.329,,0.019,,,,
16184,10/29/19 08:51:38 PM,,,99.368,,,,,
16185,10/29/19 08:53:18 PM,99.960,20.329,,0.016,,,,
16186,10/29/19 08:53:38 PM,,,99.379,,,,,
16187,10/29/19 08:55:18 PM,100.030,20.329,,0.022,,,,
16188,10/29/19 08:55:38 PM,,,99.390,,,,,
16189,10/29/19 08:57:18 PM,100.019,20.329,,0.019,,,,
16190,10/29/19 08:57:38 PM,,,99.401,,,,,
16191,10/29/19 08:59:18 PM,100.019,20.329,,0.020,,,,
16192,10/29/19 08:59:38 PM,,,99.390,,,,,
16193,10/29/19 09:01:18 PM,99.972,20.329,,0.016,,,,
16194,10/29/19 09:01:38 PM,,,99.390,,,,,
16195,10/29/19 09:03:18 PM,100.007,20.329,,0.020,,,,
16196,10/29/19 09:03:38 PM,,,99.379,,,,,
16197,10/29/19 09:05:18 PM,99.995,20.329,,0.017,,,,
16198,10/29/19 09:05:38 PM,,,99.401,,,,,
16199,10/29/19 09:07:18 PM,99.992,20.234,,0.017,,,,
16200,10/29/19 09:07:38 PM,,,99.390,,,,,
16201,10/29/19 09:09:18 PM,100.004,20.234,,0.019,,,,
16202,10/29/19 09:09:38 PM,,,99.386,,,,,
16203,10/29/19 09:11:18 PM,99.980,20.234,,0.016,,,,
16204,10/29/19 09:11:38 PM,,,99.397,,,,,
16205,10/29/19 09:13:18 PM,100.004,20.234,,0.019,,,,
16206,10/29/19 09:13:38 PM,,,99.386,,,,,
16207,10/29/19 09:15:18 PM,99.980,20.234,,0.019,,,,
16208,10/29/19 09:15:38 PM,,,99.364,,,,,
16209,10/29/19 09:17:18 PM,99.992,20.234,,0.019,,,,
16210,10/29/19 09:17:38 PM,,,99.375,,,,,
16211,10/29/19 09:19:18 PM,99.992,20.234,,0.018,,,,
16212,10/29/19 09:19:38 PM,,,99.386,,,,,
16213,10/29/19 09:21:18 PM,100.039,20.234,,0.019,,,,
16214,10/29/19 09:21:38 PM,,,99.429,,,,,
16215,10/29/19 09:23:18 PM,100.050,20.234,,0.019,,,,
16216,10/29/19 09:23:38 PM,,,99.440,,,,,
16217,10/29/19 09:25:18 PM,100.004,20.234,,0.016,,,,
16218,10/29/19 09:25:38 PM,,,99.418,,,,,
16219,10/29/19 09:27:18 PM,100.039,20.234,,0.020,,,,
16220,10/29/19 09:27:38 PM,,,99.408,,,,,
16221,10/29/19 09:29:18 PM,100.015,20.234,,0.018,,,,
16222,10/29/19 09:29:38 PM,,,99.408,,,,,
16223,10/29/19 09:31:18 PM,99.969,20.234,,0.013,,,,
16224,10/29/19 09:31:38 PM,,,99.408,,,,,
16225,10/29/19 09:33:18 PM,99.980,20.234,,0.015,,,,
16226,10/29/19 09:33:38 PM,,,99.408,,,,,
16227,10/29/19 09:35:18 PM,100.015,20.234,,0.019,,,,
16228,10/29/19 09:35:38 PM,,,99.397,,,,,
16229,10/29/19 09:37:18 PM,100.015,20.234,,0.019,,,,
16230,10/29/19 09:37:38 PM,,,99.397,,,,,
16231,10/29/19 09:39:18 PM,100.000,20.138,,0.018,,,,
16232,10/29/19 09:39:38 PM,,,99.397,,,,,
16233,10/29/19 09:41:18 PM,100.000,20.138,,0.015,,,,
16234,10/29/19 09:41:38 PM,,,99.429,,,,,
16235,10/29/19 09:43:18 PM,99.989,20.138,,0.012,,,,
16236,10/29/19 09:43:38 PM,,,99.440,,,,,
16237,10/29/19 09:45:18 PM,100.024,20.138,,0.016,,,,
16238,10/29/19 09:45:38 PM,,,99.440,,,,,
16239,10/29/19 09:47:18 PM,100.032,20.043,,0.015,,,,
16240,10/29/19 09:47:38 PM,,,99.458,,,,,
16241,10/29/19 09:49:18 PM,100.020,20.043,,0.012,,,,
16242,10/29/19 09:49:38 PM,,,99.480,,,,,
16243,10/29/19 09:51:18 PM,100.094,20.138,,0.020,,,,
16244,10/29/19 09:51:38 PM,,,99.469,,,,,
16245,10/29/19 09:53:18 PM,100.059,20.138,,0.015,,,,
16246,10/29/19 09:53:38 PM,,,99.480,,,,,
16247,10/29/19 09:55:18 PM,100.070,20.138,,0.016,,,,
16248,10/29/19 09:55:38 PM,,,99.480,,,,,
16249,10/29/19 09:57:18 PM,100.035,20.138,,0.013,,,,
16250,10/29/19 09:57:38 PM,,,99.480,,,,,
16251,10/29/19 09:59:18 PM,100.047,20.138,,0.015,,,,
16252,10/29/19 09:59:38 PM,,,99.469,,,,,
16253,10/29/19 10:01:18 PM,100.012,20.138,,0.013,,,,
16254,10/29/19 10:01:38 PM,,,99.447,,,,,
16255,10/29/19 10:03:18 PM,100.035,20.138,,0.017,,,,
16256,10/29/19 10:03:38 PM,,,99.436,,,,,
16257,10/29/19 10:05:18 PM,100.012,20.138,,0.013,,,,
16258,10/29/19 10:05:38 PM,,,99.458,,,,,
16259,10/29/19 10:07:18 PM,100.035,20.138,,0.016,,,,
16260,10/29/19 10:07:38 PM,,,99.447,,,,,
16261,10/29/19 10:09:18 PM,100.000,20.138,,0.012,,,,
16262,10/29/19 10:09:38 PM,,,99.458,,,,,
16263,10/29/19 10:11:18 PM,100.024,20.138,,0.013,,,,
16264,10/29/19 10:11:38 PM,,,99.469,,,,,
16265,10/29/19 10:13:18 PM,100.024,20.138,,0.014,,,,
16266,10/29/19 10:13:38 PM,,,99.458,,,,,
16267,10/29/19 10:15:18 PM,100.012,20.138,,0.013,,,,
16268,10/29/19 10:15:38 PM,,,99.458,,,,,
16269,10/29/19 10:17:18 PM,100.000,20.138,,0.013,,,,
16270,10/29/19 10:17:38 PM,,,99.436,,,,,
16271,10/29/19 10:19:18 PM,99.977,20.138,,0.011,,,,
16272,10/29/19 10:19:38 PM,,,99.436,,,,,
16273,10/29/19 10:21:18 PM,99.974,20.043,,0.013,,,,
16274,10/29/19 10:21:38 PM,,,99.414,,,,,
16275,10/29/19 10:23:18 PM,99.985,20.043,,0.014,,,,
16276,10/29/19 10:23:38 PM,,,99.414,,,,,
16277,10/29/19 10:25:18 PM,100.020,20.043,,0.016,,,,
16278,10/29/19 10:25:38 PM,,,99.436,,,,,
16279,10/29/19 10:27:18 PM,100.044,20.043,,0.017,,,,
16280,10/29/19 10:27:38 PM,,,99.454,,,,,
16281,10/29/19 10:29:18 PM,100.032,20.043,,0.016,,,,
16282,10/29/19 10:29:38 PM,,,99.443,,,,,
16283,10/29/19 10:31:18 PM,99.974,20.043,,0.011,,,,
16284,10/29/19 10:31:38 PM,,,99.432,,,,,
16285,10/29/19 10:33:18 PM,100.012,20.138,,0.017,,,,
16286,10/29/19 10:33:38 PM,,,99.410,,,,,
16287,10/29/19 10:35:18 PM,99.985,20.043,,0.015,,,,
16288,10/29/19 10:35:38 PM,,,99.410,,,,,
16289,10/29/19 10:37:18 PM,99.997,20.043,,0.015,,,,
16290,10/29/19 10:37:38 PM,,,99.421,,,,,
16291,10/29/19 10:39:18 PM,99.962,20.043,,0.012,,,,
16292,10/29/19 10:39:38 PM,,,99.410,,,,,
16293,10/29/19 10:41:18 PM,99.962,20.043,,0.013,,,,
16294,10/29/19 10:41:38 PM,,,99.400,,,,,
16295,10/29/19 10:43:18 PM,99.962,20.043,,0.013,,,,
16296,10/29/19 10:43:38 PM,,,99.410,,,,,
16297,10/29/19 10:45:18 PM,99.974,20.043,,0.013,,,,
16298,10/29/19 10:45:38 PM,,,99.421,,,,,
16299,10/29/19 10:47:18 PM,100.005,19.948,,0.017,,,,
16300,10/29/19 10:47:38 PM,,,99.410,,,,,
16301,10/29/19 10:49:18 PM,99.994,19.948,,0.015,,,,
16302,10/29/19 10:49:38 PM,,,99.421,,,,,
16303,10/29/19 10:51:18 PM,99.982,19.948,,0.014,,,,
16304,10/29/19 10:51:38 PM,,,99.410,,,,,
16305,10/29/19 10:53:18 PM,99.947,19.948,,0.010,,,,
16306,10/29/19 10:53:38 PM,,,99.421,,,,,
16307,10/29/19 10:55:18 PM,99.970,19.948,,0.014,,,,
16308,10/29/19 10:55:38 PM,,,99.400,,,,,
16309,10/29/19 10:57:18 PM,99.994,19.948,,0.017,,,,
16310,10/29/19 10:57:38 PM,,,99.400,,,,,
16311,10/29/19 10:59:18 PM,99.959,19.948,,0.013,,,,
16312,10/29/19 10:59:38 PM,,,99.400,,,,,
16313,10/29/19 11:01:18 PM,99.959,19.948,,0.013,,,,
16314,10/29/19 11:01:38 PM,,,99.400,,,,,
16315,10/29/19 11:03:18 PM,99.944,19.853,,0.013,,,,
16316,10/29/19 11:03:38 PM,,,99.389,,,,,
16317,10/29/19 11:05:18 PM,99.932,19.853,,0.012,,,,
16318,10/29/19 11:05:38 PM,,,99.389,,,,,
16319,10/29/19 11:07:18 PM,99.944,19.853,,0.012,,,,
16320,10/29/19 11:07:38 PM,,,99.396,,,,,
16321,10/29/19 11:09:18 PM,99.920,19.853,,0.010,,,,
16322,10/29/19 11:09:38 PM,,,99.396,,,,,
16323,10/29/19 11:11:18 PM,99.932,19.853,,0.011,,,,
16324,10/29/19 11:11:38 PM,,,99.396,,,,,
16325,10/29/19 11:13:18 PM,99.909,19.853,,0.008,,,,
16326,10/29/19 11:13:38 PM,,,99.396,,,,,
16327,10/29/19 11:15:18 PM,99.920,19.853,,0.010,,,,
16328,10/29/19 11:15:38 PM,,,99.396,,,,,
16329,10/29/19 11:17:18 PM,99.944,19.853,,0.011,,,,
16330,10/29/19 11:17:38 PM,,,99.407,,,,,
16331,10/29/19 11:19:18 PM,99.955,19.853,,0.011,,,,
16332,10/29/19 11:19:38 PM,,,99.417,,,,,
16333,10/29/19 11:21:18 PM,99.967,19.853,,0.013,,,,
16334,10/29/19 11:21:38 PM,,,99.407,,,,,
16335,10/29/19 11:23:18 PM,99.952,19.758,,0.011,,,,
16336,10/29/19 11:23:38 PM,,,99.417,,,,,
16337,10/29/19 11:25:18 PM,99.952,19.758,,0.012,,,,
16338,10/29/19 11:25:38 PM,,,99.407,,,,,
16339,10/29/19 11:27:18 PM,99.929,19.758,,0.009,,,,
16340,10/29/19 11:27:38 PM,,,99.407,,,,,
16341,10/29/19 11:29:18 PM,99.964,19.758,,0.013,,,,
16342,10/29/19 11:29:38 PM,,,99.407,,,,,
16343,10/29/19 11:31:18 PM,99.925,19.662,,0.009,,,,
16344,10/29/19 11:31:38 PM,,,99.407,,,,,
16345,10/29/19 11:33:18 PM,99.937,19.662,,0.011,,,,
16346,10/29/19 11:33:38 PM,,,99.403,,,,,
16347,10/29/19 11:35:18 PM,99.952,19.758,,0.012,,,,
16348,10/29/19 11:35:38 PM,,,99.403,,,,,
16349,10/29/19 11:37:18 PM,99.937,19.662,,0.012,,,,
16350,10/29/19 11:37:38 PM,,,99.392,,,,,
16351,10/29/19 11:39:18 PM,99.917,19.758,,0.010,,,,
16352,10/29/19 11:39:38 PM,,,99.392,,,,,
16353,10/29/19 11:41:18 PM,99.929,19.758,,0.011,,,,
16354,10/29/19 11:41:38 PM,,,99.392,,,,,
16355,10/29/19 11:43:18 PM,99.905,19.758,,0.009,,,,
16356,10/29/19 11:43:38 PM,,,99.381,,,,,
16357,10/29/19 11:45:18 PM,99.917,19.758,,0.012,,,,
16358,10/29/19 11:45:38 PM,,,99.370,,,,,
16359,10/29/19 11:47:18 PM,99.905,19.758,,0.010,,,,
16360,10/29/19 11:47:38 PM,,,99.381,,,,,
16361,10/29/19 11:49:18 PM,99.929,19.758,,0.013,,,,
16362,10/29/19 11:49:38 PM,,,99.370,,,,,
16363,10/29/19 11:51:18 PM,99.917,19.758,,0.012,,,,
16364,10/29/19 11:51:38 PM,,,99.370,,,,,
16365,10/29/19 11:53:18 PM,99.894,19.758,,0.008,,,,
16366,10/29/19 11:53:38 PM,,,99.392,,,,,
16367,10/29/19 11:55:18 PM,99.929,19.758,,0.012,,,,
16368,10/29/19 11:55:38 PM,,,99.381,,,,,
16369,10/29/19 11:57:18 PM,99.894,19.758,,0.008,,,,
16370,10/29/19 11:57:38 PM,,,99.381,,,,,
16371,10/29/19 11:59:18 PM,99.894,19.758,,0.008,,,,
16372,10/29/19 11:59:38 PM,,,99.392,,,,,
16373,10/30/19 12:01:18 AM,99.905,19.758,,0.009,,,,
16374,10/30/19 12:01:38 AM,,,99.381,,,,,
16375,10/30/19 12:03:18 AM,99.917,19.758,,0.010,,,,
16376,10/30/19 12:03:38 AM,,,99.392,,,,,
16377,10/30/19 12:05:18 AM,99.929,19.758,,0.012,,,,
16378,10/30/19 12:05:38 AM,,,99.381,,,,,
16379,10/30/19 12:07:18 AM,99.940,19.758,,0.013,,,,
16380,10/30/19 12:07:38 AM,,,99.381,,,,,
16381,10/30/19 12:09:18 AM,99.882,19.758,,0.007,,,,
16382,10/30/19 12:09:38 AM,,,99.381,,,,,
16383,10/30/19 12:11:18 AM,99.894,19.758,,0.008,,,,
16384,10/30/19 12:11:38 AM,,,99.392,,,,,
16385,10/30/19 12:13:18 AM,99.894,19.758,,0.007,,,,
16386,10/30/19 12:13:38 AM,,,99.392,,,,,
16387,10/30/19 12:15:18 AM,99.870,19.758,,0.006,,,,
16388,10/30/19 12:15:38 AM,,,99.381,,,,,
16389,10/30/19 12:17:18 AM,99.905,19.758,,0.010,,,,
16390,10/30/19 12:17:38 AM,,,99.381,,,,,
16391,10/30/19 12:19:18 AM,99.870,19.758,,0.009,,,,
16392,10/30/19 12:19:38 AM,,,99.348,,,,,
16393,10/30/19 12:21:18 AM,99.858,19.758,,0.008,,,,
16394,10/30/19 12:21:38 AM,,,99.348,,,,,
16395,10/30/19 12:23:18 AM,99.882,19.758,,0.010,,,,
16396,10/30/19 12:23:38 AM,,,99.359,,,,,
16397,10/30/19 12:25:18 AM,99.847,19.758,,0.005,,,,
16398,10/30/19 12:25:38 AM,,,99.370,,,,,
16399,10/30/19 12:27:18 AM,99.894,19.758,,0.010,,,,
16400,10/30/19 12:27:38 AM,,,99.370,,,,,
16401,10/30/19 12:29:18 AM,99.894,19.758,,0.010,,,,
16402,10/30/19 12:29:38 AM,,,99.370,,,,,
16403,10/30/19 12:31:18 AM,99.882,19.758,,0.006,,,,
16404,10/30/19 12:31:38 AM,,,99.403,,,,,
16405,10/30/19 12:33:18 AM,99.894,19.758,,0.007,,,,
16406,10/30/19 12:33:38 AM,,,99.392,,,,,
16407,10/30/19 12:35:18 AM,99.882,19.758,,0.006,,,,
16408,10/30/19 12:35:38 AM,,,99.388,,,,,
16409,10/30/19 12:37:18 AM,99.885,19.853,,0.007,,,,
16410,10/30/19 12:37:38 AM,,,99.392,,,,,
16411,10/30/19 12:39:18 AM,99.882,19.758,,0.008,,,,
16412,10/30/19 12:39:38 AM,,,99.366,,,,,
16413,10/30/19 12:41:18 AM,99.823,19.758,,0.005,,,,
16414,10/30/19 12:41:38 AM,,,99.344,,,,,
16415,10/30/19 12:43:18 AM,99.827,19.853,,0.007,,,,
16416,10/30/19 12:43:38 AM,,,99.322,,,,,
16417,10/30/19 12:45:18 AM,99.792,19.853,,0.004,,,,
16418,10/30/19 12:45:38 AM,,,99.322,,,,,
16419,10/30/19 12:47:18 AM,99.827,19.853,,0.010,,,,
16420,10/30/19 12:47:38 AM,,,99.300,,,,,
16421,10/30/19 12:49:18 AM,99.827,19.853,,0.009,,,,
16422,10/30/19 12:49:38 AM,,,99.311,,,,,
16423,10/30/19 12:51:18 AM,99.803,19.853,,0.008,,,,
16424,10/30/19 12:51:38 AM,,,99.290,,,,,
16425,10/30/19 12:53:18 AM,99.792,19.853,,0.008,,,,
16426,10/30/19 12:53:38 AM,,,99.279,,,,,
16427,10/30/19 12:55:18 AM,99.803,19.853,,0.010,,,,
16428,10/30/19 12:55:38 AM,,,99.279,,,,,
16429,10/30/19 12:57:18 AM,99.812,19.758,,0.010,,,,
16430,10/30/19 12:57:38 AM,,,99.290,,,,,
16431,10/30/19 12:59:18 AM,99.765,19.758,,0.007,,,,
16432,10/30/19 12:59:38 AM,,,99.257,,,,,
16433,10/30/19 01:01:18 AM,99.695,19.758,,0.005,,,,
16434,10/30/19 01:01:38 AM,,,99.202,,,,,
16435,10/30/19 01:03:18 AM,99.722,19.853,,0.010,,,,
16436,10/30/19 01:03:38 AM,,,99.191,,,,,
16437,10/30/19 01:05:18 AM,99.710,19.853,,0.007,,,,
16438,10/30/19 01:05:38 AM,,,99.213,,,,,
16439,10/30/19 01:07:18 AM,99.707,19.758,,0.007,,,,
16440,10/30/19 01:07:38 AM,,,99.202,,,,,
16441,10/30/19 01:09:18 AM,99.683,19.758,,0.008,,,,
16442,10/30/19 01:09:38 AM,,,99.170,,,,,
16443,10/30/19 01:11:18 AM,99.675,19.853,,0.009,,,,
16444,10/30/19 01:11:38 AM,,,99.159,,,,,
16445,10/30/19 01:13:18 AM,99.710,19.853,,0.008,,,,
16446,10/30/19 01:13:38 AM,,,99.213,,,,,
16447,10/30/19 01:15:18 AM,99.718,19.758,,0.008,,,,
16448,10/30/19 01:15:38 AM,,,99.213,,,,,
16449,10/30/19 01:17:18 AM,99.695,19.758,,0.004,,,,
16450,10/30/19 01:17:38 AM,,,99.224,,,,,
16451,10/30/19 01:19:18 AM,99.718,19.758,,0.007,,,,
16452,10/30/19 01:19:38 AM,,,99.224,,,,,
16453,10/30/19 01:21:18 AM,99.753,19.758,,0.008,,,,
16454,10/30/19 01:21:38 AM,,,99.246,,,,,
16455,10/30/19 01:23:18 AM,99.707,19.758,,0.007,,,,
16456,10/30/19 01:23:38 AM,,,99.202,,,,,
16457,10/30/19 01:25:18 AM,99.718,19.758,,0.012,,,,
16458,10/30/19 01:25:38 AM,,,99.170,,,,,
16459,10/30/19 01:27:18 AM,99.687,19.853,,0.013,,,,
16460,10/30/19 01:27:38 AM,,,99.126,,,,,
16461,10/30/19 01:29:18 AM,99.640,19.853,,0.012,,,,
16462,10/30/19 01:29:38 AM,,,99.082,,,,,
16463,10/30/19 01:31:18 AM,99.663,19.853,,0.012,,,,
16464,10/30/19 01:31:38 AM,,,99.126,,,,,
16465,10/30/19 01:33:18 AM,99.710,19.853,,0.014,,,,
16466,10/30/19 01:33:38 AM,,,99.148,,,,,
16467,10/30/19 01:35:18 AM,99.772,19.948,,0.018,,,,
16468,10/30/19 01:35:38 AM,,,99.170,,,,,
16469,10/30/19 01:37:18 AM,99.787,20.043,,0.015,,,,
16470,10/30/19 01:37:38 AM,,,99.213,,,,,
16471,10/30/19 01:39:18 AM,99.810,20.043,,0.017,,,,
16472,10/30/19 01:39:38 AM,,,99.213,,,,,
16473,10/30/19 01:41:18 AM,99.748,19.948,,0.018,,,,
16474,10/30/19 01:41:38 AM,,,99.126,,,,,
16475,10/30/19 01:43:18 AM,99.740,20.043,,0.018,,,,
16476,10/30/19 01:43:38 AM,,,99.137,,,,,
16477,10/30/19 01:45:18 AM,99.748,19.948,,0.018,,,,
16478,10/30/19 01:45:38 AM,,,99.148,,,,,
16479,10/30/19 01:47:18 AM,99.853,19.948,,0.023,,,,
16480,10/30/19 01:47:38 AM,,,99.202,,,,,
16481,10/30/19 01:49:18 AM,99.853,19.948,,0.023,,,,
16482,10/30/19 01:49:38 AM,,,99.202,,,,,
16483,10/30/19 01:51:18 AM,99.920,19.853,,0.030,,,,
16484,10/30/19 01:51:38 AM,,,99.191,,,,,
16485,10/30/19 01:53:18 AM,99.944,19.853,,0.032,,,,
16486,10/30/19 01:53:38 AM,,,99.202,,,,,
16487,10/30/19 01:55:18 AM,99.909,19.853,,0.028,,,,
16488,10/30/19 01:55:38 AM,,,99.202,,,,,
16489,10/30/19 01:57:18 AM,99.917,19.758,,0.029,,,,
16490,10/30/19 01:57:38 AM,,,99.202,,,,,
16491,10/30/19 01:59:18 AM,99.929,19.758,,0.030,,,,
16492,10/30/19 01:59:38 AM,,,99.202,,,,,
16493,10/30/19 02:01:18 AM,99.925,19.662,,0.031,,,,
16494,10/30/19 02:01:38 AM,,,99.191,,,,,
16495,10/30/19 02:03:18 AM,99.999,19.758,,0.037,,,,
16496,10/30/19 02:03:38 AM,,,99.213,,,,,
16497,10/30/19 02:05:18 AM,99.984,19.662,,0.033,,,,
16498,10/30/19 02:05:38 AM,,,99.235,,,,,
16499,10/30/19 02:07:18 AM,99.995,19.662,,0.035,,,,
16500,10/30/19 02:07:38 AM,,,99.224,,,,,
16501,10/30/19 02:09:18 AM,100.019,19.662,,0.037,,,,
16502,10/30/19 02:09:38 AM,,,99.224,,,,,
16503,10/30/19 02:11:18 AM,100.030,19.662,,0.040,,,,
16504,10/30/19 02:11:38 AM,,,99.209,,,,,
16505,10/30/19 02:13:18 AM,100.042,19.662,,0.042,,,,
16506,10/30/19 02:13:38 AM,,,99.198,,,,,
16507,10/30/19 02:15:18 AM,100.104,19.758,,0.049,,,,
16508,10/30/19 02:15:38 AM,,,99.198,,,,,
16509,10/30/19 02:17:18 AM,100.069,19.758,,0.044,,,,
16510,10/30/19 02:17:38 AM,,,99.209,,,,,
16511,10/30/19 02:19:18 AM,100.092,19.758,,0.046,,,,
16512,10/30/19 02:19:38 AM,,,99.209,,,,,
16513,10/30/19 02:21:18 AM,100.077,19.662,,0.047,,,,
16514,10/30/19 02:21:38 AM,,,99.177,,,,,
16515,10/30/19 02:23:18 AM,100.159,19.662,,0.052,,,,
16516,10/30/19 02:23:38 AM,,,99.231,,,,,
16517,10/30/19 02:25:18 AM,100.299,19.662,,0.057,,,,
16518,10/30/19 02:25:38 AM,,,99.329,,,,,
16519,10/30/19 02:27:18 AM,100.334,19.662,,0.057,,,,
16520,10/30/19 02:27:38 AM,,,99.351,,,,,
16521,10/30/19 02:29:18 AM,100.346,19.662,,0.061,,,,
16522,10/30/19 02:29:38 AM,,,99.318,,,,,
16523,10/30/19 02:31:18 AM,100.346,19.662,,0.064,,,,
16524,10/30/19 02:31:38 AM,,,99.286,,,,,
16525,10/30/19 02:33:18 AM,100.334,19.662,,0.066,,,,
16526,10/30/19 02:33:38 AM,,,99.253,,,,,
16527,10/30/19 02:35:18 AM,100.366,19.567,,0.066,,,,
16528,10/30/19 02:35:38 AM,,,99.297,,,,,
16529,10/30/19 02:37:18 AM,100.448,19.567,,0.073,,,,
16530,10/30/19 02:37:38 AM,,,99.307,,,,,
16531,10/30/19 02:39:18 AM,100.448,19.567,,0.072,,,,
16532,10/30/19 02:39:38 AM,,,99.318,,,,,
16533,10/30/19 02:41:18 AM,100.448,19.567,,0.076,,,,
16534,10/30/19 02:41:38 AM,,,99.264,,,,,
16535,10/30/19 02:43:18 AM,100.351,19.472,,0.079,,,,
16536,10/30/19 02:43:38 AM,,,99.122,,,,,
16537,10/30/19 02:45:18 AM,100.316,19.472,,0.085,,,,
16538,10/30/19 02:45:38 AM,,,99.035,,,,,
16539,10/30/19 02:47:18 AM,100.363,19.472,,0.093,,,,
16540,10/30/19 02:47:38 AM,,,99.024,,,,,
16541,10/30/19 02:49:18 AM,100.409,19.472,,0.096,,,,
16542,10/30/19 02:49:38 AM,,,99.046,,,,,
16543,10/30/19 02:51:18 AM,100.515,19.472,,0.098,,,,
16544,10/30/19 02:51:38 AM,,,99.144,,,,,
16545,10/30/19 02:53:18 AM,100.596,19.472,,0.101,,,,
16546,10/30/19 02:53:38 AM,,,99.188,,,,,
16547,10/30/19 02:55:18 AM,100.631,19.472,,0.103,,,,
16548,10/30/19 02:55:38 AM,,,99.188,,,,,
16549,10/30/19 02:57:18 AM,100.690,19.472,,0.107,,,,
16550,10/30/19 02:57:38 AM,,,99.220,,,,,
16551,10/30/19 02:59:18 AM,100.725,19.472,,0.107,,,,
16552,10/30/19 02:59:38 AM,,,99.253,,,,,
16553,10/30/19 03:01:18 AM,100.748,19.472,,0.110,,,,
16554,10/30/19 03:01:38 AM,,,99.242,,,,,
16555,10/30/19 03:03:18 AM,100.701,19.472,,0.108,,,,
16556,10/30/19 03:03:38 AM,,,99.209,,,,,
16557,10/30/19 03:05:18 AM,100.783,19.472,,0.117,,,,
16558,10/30/19 03:05:38 AM,,,99.209,,,,,
16559,10/30/19 03:07:18 AM,100.900,19.472,,0.124,,,,
16560,10/30/19 03:07:38 AM,,,99.264,,,,,
16561,10/30/19 03:09:18 AM,101.029,19.472,,0.130,,,,
16562,10/30/19 03:09:38 AM,,,99.340,,,,,
16563,10/30/19 03:11:18 AM,101.146,19.472,,0.135,,,,
16564,10/30/19 03:11:38 AM,,,99.406,,,,,
16565,10/30/19 03:13:18 AM,101.239,19.472,,0.140,,,,
16566,10/30/19 03:13:38 AM,,,99.449,,,,,
16567,10/30/19 03:15:18 AM,101.294,19.377,,0.146,,,,
16568,10/30/19 03:15:38 AM,,,99.427,,,,,
16569,10/30/19 03:17:18 AM,101.423,19.377,,0.164,,,,
16570,10/30/19 03:17:38 AM,,,99.384,,,,,
16571,10/30/19 03:19:18 AM,101.610,19.377,,0.183,,,,
16572,10/30/19 03:19:38 AM,,,99.391,,,,,
16573,10/30/19 03:21:18 AM,101.785,19.377,,0.202,,,,
16574,10/30/19 03:21:38 AM,,,99.380,,,,,
16575,10/30/19 03:23:18 AM,101.960,19.377,,0.223,,,,
16576,10/30/19 03:23:38 AM,,,99.336,,,,,
16577,10/30/19 03:25:18 AM,102.144,19.282,,0.241,,,,
16578,10/30/19 03:25:38 AM,,,99.358,,,,,
16579,10/30/19 03:27:18 AM,102.389,19.282,,0.268,,,,
16580,10/30/19 03:27:38 AM,,,99.336,,,,,
16581,10/30/19 03:29:18 AM,102.632,19.187,,0.286,,,,
16582,10/30/19 03:29:38 AM,,,99.412,,,,,
16583,10/30/19 03:31:18 AM,102.936,19.187,,0.308,,,,
16584,10/30/19 03:31:38 AM,,,99.511,,,,,
16585,10/30/19 03:33:18 AM,103.216,19.187,,0.329,,,,
16586,10/30/19 03:33:38 AM,,,99.576,,,,,
16587,10/30/19 03:35:18 AM,103.505,19.092,,0.353,,,,
16588,10/30/19 03:35:38 AM,,,99.630,,,,,
16589,10/30/19 03:37:18 AM,103.832,19.092,,0.383,,,,
16590,10/30/19 03:37:38 AM,,,99.663,,,,,
16591,10/30/19 03:39:18 AM,104.160,19.092,,0.414,,,,
16592,10/30/19 03:39:38 AM,,,99.685,,,,,
16593,10/30/19 03:41:18 AM,104.542,18.996,,0.454,,,,
16594,10/30/19 03:41:38 AM,,,99.663,,,,,
16595,10/30/19 03:43:18 AM,104.987,18.996,,0.504,,,,
16596,10/30/19 03:43:38 AM,,,99.620,,,,,
16597,10/30/19 03:45:18 AM,105.466,18.996,,0.559,,,,
16598,10/30/19 03:45:38 AM,,,99.554,,,,,
16599,10/30/19 03:47:18 AM,105.817,18.996,,0.607,,,,
16600,10/30/19 03:47:38 AM,,,99.423,,,,,
16601,10/30/19 03:49:18 AM,106.060,18.901,,0.647,,,,
16602,10/30/19 03:49:38 AM,,,99.271,,,,,
16603,10/30/19 03:51:18 AM,106.446,18.901,,0.695,,,,
16604,10/30/19 03:51:38 AM,,,99.205,,,,,
16605,10/30/19 03:53:18 AM,106.914,18.901,,0.745,,,,
16606,10/30/19 03:53:38 AM,,,99.194,,,,,
16607,10/30/19 03:55:18 AM,107.347,18.901,,0.791,,,,
16608,10/30/19 03:55:38 AM,,,99.173,,,,,
16609,10/30/19 03:57:18 AM,107.780,18.901,,0.838,,,,
16610,10/30/19 03:57:38 AM,,,99.140,,,,,
16611,10/30/19 03:59:18 AM,108.260,18.901,,0.891,,,,
16612,10/30/19 03:59:38 AM,,,99.103,,,,,
16613,10/30/19 04:01:18 AM,108.787,18.901,,0.947,,,,
16614,10/30/19 04:01:38 AM,,,99.082,,,,,
16615,10/30/19 04:03:18 AM,109.232,18.901,,0.995,,,,
16616,10/30/19 04:03:38 AM,,,99.060,,,,,
16617,10/30/19 04:05:18 AM,109.650,18.806,,1.036,,,,
16618,10/30/19 04:05:38 AM,,,99.082,,,,,
16619,10/30/19 04:07:18 AM,109.942,18.806,,1.063,,,,
16620,10/30/19 04:07:38 AM,,,99.114,,,,,
16621,10/30/19 04:09:18 AM,110.200,18.806,,1.087,,,,
16622,10/30/19 04:09:38 AM,,,99.136,,,,,
16623,10/30/19 04:11:18 AM,110.329,18.806,,1.100,,,,
16624,10/30/19 04:11:38 AM,,,99.125,,,,,
16625,10/30/19 04:13:18 AM,110.387,18.806,,1.107,,,,
16626,10/30/19 04:13:38 AM,,,99.114,,,,,
16627,10/30/19 04:15:18 AM,110.399,18.806,,1.108,,,,
16628,10/30/19 04:15:38 AM,,,99.125,,,,,
16629,10/30/19 04:17:18 AM,110.458,18.806,,1.116,,,,
16630,10/30/19 04:17:38 AM,,,99.103,,,,,
16631,10/30/19 04:19:18 AM,110.399,18.806,,1.110,,,,
16632,10/30/19 04:19:38 AM,,,99.103,,,,,
16633,10/30/19 04:21:18 AM,110.352,18.806,,1.108,,,,
16634,10/30/19 04:21:38 AM,,,99.071,,,,,
16635,10/30/19 04:23:18 AM,110.130,18.806,,1.094,,,,
16636,10/30/19 04:23:38 AM,,,98.980,,,,,
16637,10/30/19 04:25:18 AM,109.989,18.806,,1.081,,,,
16638,10/30/19 04:25:38 AM,,,98.980,,,,,
16639,10/30/19 04:27:18 AM,109.778,18.806,,1.061,,,,
16640,10/30/19 04:27:38 AM,,,98.958,,,,,
16641,10/30/19 04:29:18 AM,109.720,18.806,,1.058,,,,
16642,10/30/19 04:29:38 AM,,,98.925,,,,,
16643,10/30/19 04:31:18 AM,109.497,18.806,,1.038,,,,
16644,10/30/19 04:31:38 AM,,,98.903,,,,,
16645,10/30/19 04:33:18 AM,109.357,18.806,,1.026,,,,
16646,10/30/19 04:33:38 AM,,,98.881,,,,,
16647,10/30/19 04:35:18 AM,109.158,18.806,,1.007,,,,
16648,10/30/19 04:35:38 AM,,,98.871,,,,,
16649,10/30/19 04:37:18 AM,109.017,18.806,,0.992,,,,
16650,10/30/19 04:37:38 AM,,,98.881,,,,,
16651,10/30/19 04:39:18 AM,108.807,18.806,,0.969,,,,
16652,10/30/19 04:39:38 AM,,,98.892,,,,,
16653,10/30/19 04:41:18 AM,108.572,18.806,,0.947,,,,
16654,10/30/19 04:41:38 AM,,,98.871,,,,,
16655,10/30/19 04:43:18 AM,108.373,18.806,,0.928,,,,
16656,10/30/19 04:43:38 AM,,,98.860,,,,,
16657,10/30/19 04:45:18 AM,108.233,18.806,,0.910,,,,
16658,10/30/19 04:45:38 AM,,,98.903,,,,,
16659,10/30/19 04:47:18 AM,108.011,18.806,,0.887,,,,
16660,10/30/19 04:47:38 AM,,,98.903,,,,,
16661,10/30/19 04:49:18 AM,107.765,18.806,,0.863,,,,
16662,10/30/19 04:49:38 AM,,,98.881,,,,,
16663,10/30/19 04:51:18 AM,107.577,18.806,,0.843,,,,
16664,10/30/19 04:51:38 AM,,,98.892,,,,,
16665,10/30/19 04:53:18 AM,107.390,18.806,,0.824,,,,
16666,10/30/19 04:53:38 AM,,,98.892,,,,,
16667,10/30/19 04:55:18 AM,107.156,18.806,,0.803,,,,
16668,10/30/19 04:55:38 AM,,,98.860,,,,,
16669,10/30/19 04:57:18 AM,106.992,18.806,,0.783,,,,
16670,10/30/19 04:57:38 AM,,,98.899,,,,,
16671,10/30/19 04:59:18 AM,106.852,18.806,,0.770,,,,
16672,10/30/19 04:59:38 AM,,,98.877,,,,,
16673,10/30/19 05:01:18 AM,106.641,18.806,,0.750,,,,
16674,10/30/19 05:01:38 AM,,,98.867,,,,,
16675,10/30/19 05:03:18 AM,106.477,18.806,,0.733,,,,
16676,10/30/19 05:03:38 AM,,,98.877,,,,,
16677,10/30/19 05:05:18 AM,106.325,18.806,,0.718,,,,
16678,10/30/19 05:05:38 AM,,,98.867,,,,,
16679,10/30/19 05:07:18 AM,106.173,18.806,,0.701,,,,
16680,10/30/19 05:07:38 AM,,,98.888,,,,,
16681,10/30/19 05:09:18 AM,106.033,18.806,,0.687,,,,
16682,10/30/19 05:09:38 AM,,,98.877,,,,,
16683,10/30/19 05:11:18 AM,105.974,18.806,,0.677,,,,
16684,10/30/19 05:11:38 AM,,,98.921,,,,,
16685,10/30/19 05:13:18 AM,105.869,18.806,,0.663,,,,
16686,10/30/19 05:13:38 AM,,,98.954,,,,,
16687,10/30/19 05:15:18 AM,105.775,18.806,,0.650,,,,
16688,10/30/19 05:15:38 AM,,,98.986,,,,,
16689,10/30/19 05:17:18 AM,105.682,18.806,,0.638,,,,
16690,10/30/19 05:17:38 AM,,,99.008,,,,,
16691,10/30/19 05:19:18 AM,105.577,18.806,,0.626,,,,
16692,10/30/19 05:19:38 AM,,,99.019,,,,,
16693,10/30/19 05:21:18 AM,105.483,18.806,,0.615,,,,
16694,10/30/19 05:21:38 AM,,,99.041,,,,,
16695,10/30/19 05:23:18 AM,105.343,18.806,,0.602,,,,
16696,10/30/19 05:23:38 AM,,,99.019,,,,,
16697,10/30/19 05:25:18 AM,105.249,18.806,,0.592,,,,
16698,10/30/19 05:25:38 AM,,,99.030,,,,,
16699,10/30/19 05:27:18 AM,105.155,18.806,,0.580,,,,
16700,10/30/19 05:27:38 AM,,,99.052,,,,,
16701,10/30/19 05:29:18 AM,105.109,18.806,,0.569,,,,
16702,10/30/19 05:29:38 AM,,,99.117,,,,,
16703,10/30/19 05:31:18 AM,105.027,18.806,,0.559,,,,
16704,10/30/19 05:31:38 AM,,,99.128,,,,,
16705,10/30/19 05:33:18 AM,104.957,18.806,,0.552,,,,
16706,10/30/19 05:33:38 AM,,,99.117,,,,,
16707,10/30/19 05:35:18 AM,104.816,18.806,,0.540,,,,
16708,10/30/19 05:35:38 AM,,,99.095,,,,,
16709,10/30/19 05:37:18 AM,104.734,18.806,,0.534,,,,
16710,10/30/19 05:37:38 AM,,,99.074,,,,,
16711,10/30/19 05:39:18 AM,104.652,18.806,,0.526,,,,
16712,10/30/19 05:39:38 AM,,,99.074,,,,,
16713,10/30/19 05:41:18 AM,104.559,18.806,,0.515,,,,
16714,10/30/19 05:41:38 AM,,,99.085,,,,,
16715,10/30/19 05:43:18 AM,104.500,18.806,,0.509,,,,
16716,10/30/19 05:43:38 AM,,,99.085,,,,,
16717,10/30/19 05:45:18 AM,104.509,18.711,,0.501,,,,
16718,10/30/19 05:45:38 AM,,,99.194,,,,,
16719,10/30/19 05:47:18 AM,104.439,18.711,,0.493,,,,
16720,10/30/19 05:47:38 AM,,,99.183,,,,,
16721,10/30/19 05:49:18 AM,104.415,18.711,,0.487,,,,
16722,10/30/19 05:49:38 AM,,,99.226,,,,,
16723,10/30/19 05:51:18 AM,104.333,18.711,,0.480,,,,
16724,10/30/19 05:51:38 AM,,,99.204,,,,,
16725,10/30/19 05:53:18 AM,104.251,18.711,,0.473,,,,
16726,10/30/19 05:53:38 AM,,,99.183,,,,,
16727,10/30/19 05:55:18 AM,104.170,18.711,,0.468,,,,
16728,10/30/19 05:55:38 AM,,,99.150,,,,,
16729,10/30/19 05:57:18 AM,104.099,18.711,,0.462,,,,
16730,10/30/19 05:57:38 AM,,,99.150,,,,,
16731,10/30/19 05:59:18 AM,104.029,18.711,,0.455,,,,
16732,10/30/19 05:59:38 AM,,,99.139,,,,,
16733,10/30/19 06:01:18 AM,103.959,18.711,,0.448,,,,
16734,10/30/19 06:01:38 AM,,,99.150,,,,,
16735,10/30/19 06:03:18 AM,103.901,18.711,,0.441,,,,
16736,10/30/19 06:03:38 AM,,,99.150,,,,,
16737,10/30/19 06:05:18 AM,103.831,18.711,,0.434,,,,
16738,10/30/19 06:05:38 AM,,,99.150,,,,,
16739,10/30/19 06:07:18 AM,103.819,18.711,,0.430,,,,
16740,10/30/19 06:07:38 AM,,,99.183,,,,,
16741,10/30/19 06:09:18 AM,103.795,18.711,,0.425,,,,
16742,10/30/19 06:09:38 AM,,,99.204,,,,,
16743,10/30/19 06:11:18 AM,103.749,18.711,,0.422,,,,
16744,10/30/19 06:11:38 AM,,,99.183,,,,,
16745,10/30/19 06:13:18 AM,103.690,18.711,,0.417,,,,
16746,10/30/19 06:13:38 AM,,,99.172,,,,,
16747,10/30/19 06:15:18 AM,103.620,18.711,,0.413,,,,
16748,10/30/19 06:15:38 AM,,,99.139,,,,,
16749,10/30/19 06:17:18 AM,103.550,18.711,,0.409,,,,
16750,10/30/19 06:17:38 AM,,,99.117,,,,,
16751,10/30/19 06:19:18 AM,103.480,18.711,,0.403,,,,
16752,10/30/19 06:19:38 AM,,,99.106,,,,,
16753,10/30/19 06:21:18 AM,103.386,18.711,,0.399,,,,
16754,10/30/19 06:21:38 AM,,,99.041,,,,,
16755,10/30/19 06:23:18 AM,103.199,18.711,,0.393,,,,
16756,10/30/19 06:23:38 AM,,,98.899,,,,,
16757,10/30/19 06:25:18 AM,103.164,18.711,,0.392,,,,
16758,10/30/19 06:25:38 AM,,,98.899,,,,,
16759,10/30/19 06:27:18 AM,103.141,18.711,,0.390,,,,
16760,10/30/19 06:27:38 AM,,,98.888,,,,,
16761,10/30/19 06:29:18 AM,103.082,18.711,,0.383,,,,
16762,10/30/19 06:29:38 AM,,,98.910,,,,,
16763,10/30/19 06:31:18 AM,103.164,18.711,,0.381,,,,
16764,10/30/19 06:31:38 AM,,,99.019,,,,,
16765,10/30/19 06:33:18 AM,103.234,18.711,,0.381,,,,
16766,10/30/19 06:33:38 AM,,,99.085,,,,,
16767,10/30/19 06:35:18 AM,103.234,18.711,,0.378,,,,
16768,10/30/19 06:35:38 AM,,,99.106,,,,,
16769,10/30/19 06:37:18 AM,103.234,18.711,,0.373,,,,
16770,10/30/19 06:37:38 AM,,,99.161,,,,,
16771,10/30/19 06:39:18 AM,103.281,18.711,,0.373,,,,
16772,10/30/19 06:39:38 AM,,,99.204,,,,,
16773,10/30/19 06:41:18 AM,103.316,18.711,,0.369,,,,
16774,10/30/19 06:41:38 AM,,,99.292,,,,,
16775,10/30/19 06:43:18 AM,103.339,18.711,,0.366,,,,
16776,10/30/19 06:43:38 AM,,,99.335,,,,,
16777,10/30/19 06:45:18 AM,103.316,18.711,,0.362,,,,
16778,10/30/19 06:45:38 AM,,,99.342,,,,,
16779,10/30/19 06:47:18 AM,103.351,18.711,,0.362,,,,
16780,10/30/19 06:47:38 AM,,,99.386,,,,,
16781,10/30/19 06:49:18 AM,103.363,18.711,,0.360,,,,
16782,10/30/19 06:49:38 AM,,,99.408,,,,,
16783,10/30/19 06:51:18 AM,103.339,18.711,,0.360,,,,
16784,10/30/19 06:51:38 AM,,,99.386,,,,,
16785,10/30/19 06:53:18 AM,103.316,18.711,,0.359,,,,
16786,10/30/19 06:53:38 AM,,,99.364,,,,,
16787,10/30/19 06:55:18 AM,103.316,18.711,,0.360,,,,
16788,10/30/19 06:55:38 AM,,,99.364,,,,,
16789,10/30/19 06:57:18 AM,103.304,18.711,,0.360,,,,
16790,10/30/19 06:57:38 AM,,,99.342,,,,,
16791,10/30/19 06:59:18 AM,103.316,18.711,,0.362,,,,
16792,10/30/19 06:59:38 AM,,,99.342,,,,,
16793,10/30/19 07:01:18 AM,103.339,18.711,,0.364,,,,
16794,10/30/19 07:01:38 AM,,,99.342,,,,,
16795,10/30/19 07:03:18 AM,103.351,18.711,,0.367,,,,
16796,10/30/19 07:03:38 AM,,,99.320,,,,,
16797,10/30/19 07:05:18 AM,103.363,18.711,,0.369,,,,
16798,10/30/19 07:05:38 AM,,,99.320,,,,,
16799,10/30/19 07:07:18 AM,103.386,18.711,,0.375,,,,
16800,10/30/19 07:07:38 AM,,,99.277,,,,,
16801,10/30/19 07:09:18 AM,103.339,18.711,,0.377,,,,
16802,10/30/19 07:09:38 AM,,,99.211,,,,,
16803,10/30/19 07:11:18 AM,103.375,18.711,,0.381,,,,
16804,10/30/19 07:11:38 AM,,,99.211,,,,,
16805,10/30/19 07:13:18 AM,103.421,18.711,,0.387,,,,
16806,10/30/19 07:13:38 AM,,,99.201,,,,,
16807,10/30/19 07:15:18 AM,103.480,18.711,,0.393,,,,
16808,10/30/19 07:15:38 AM,,,99.201,,,,,
16809,10/30/19 07:17:18 AM,103.538,18.711,,0.399,,,,
16810,10/30/19 07:17:38 AM,,,99.201,,,,,
16811,10/30/19 07:19:18 AM,103.597,18.711,,0.405,,,,
16812,10/30/19 07:19:38 AM,,,99.201,,,,,
16813,10/30/19 07:21:18 AM,103.675,18.616,,0.408,,,,
16814,10/30/19 07:21:38 AM,,,99.255,,,,,
16815,10/30/19 07:23:18 AM,103.780,18.616,,0.415,,,,
16816,10/30/19 07:23:38 AM,,,99.299,,,,,
16817,10/30/19 07:25:18 AM,103.909,18.616,,0.427,,,,
16818,10/30/19 07:25:38 AM,,,99.299,,,,,
16819,10/30/19 07:27:18 AM,104.014,18.616,,0.435,,,,
16820,10/30/19 07:27:38 AM,,,99.331,,,,,
16821,10/30/19 07:29:18 AM,104.154,18.616,,0.445,,,,
16822,10/30/19 07:29:38 AM,,,99.375,,,,,
16823,10/30/19 07:31:18 AM,104.225,18.616,,0.450,,,,
16824,10/30/19 07:31:38 AM,,,99.397,,,,,
16825,10/30/19 07:33:18 AM,104.260,18.616,,0.457,,,,
16826,10/30/19 07:33:38 AM,,,99.353,,,,,
16827,10/30/19 07:35:18 AM,104.295,18.616,,0.465,,,,
16828,10/30/19 07:35:38 AM,,,99.309,,,,,
16829,10/30/19 07:37:18 AM,104.353,18.616,,0.470,,,,
16830,10/30/19 07:37:38 AM,,,99.320,,,,,
16831,10/30/19 07:39:18 AM,104.377,18.616,,0.476,,,,
16832,10/30/19 07:39:38 AM,,,99.284,,,,,
16833,10/30/19 07:41:18 AM,104.400,18.616,,0.480,,,,
16834,10/30/19 07:41:38 AM,,,99.273,,,,,
16835,10/30/19 07:43:18 AM,104.459,18.616,,0.490,,,,
16836,10/30/19 07:43:38 AM,,,99.229,,,,,
16837,10/30/19 07:45:18 AM,104.482,18.616,,0.492,,,,
16838,10/30/19 07:45:38 AM,,,99.240,,,,,
16839,10/30/19 07:47:18 AM,104.540,18.616,,0.498,,,,
16840,10/30/19 07:47:38 AM,,,99.229,,,,,
16841,10/30/19 07:49:18 AM,104.505,18.616,,0.498,,,,
16842,10/30/19 07:49:38 AM,,,99.197,,,,,
16843,10/30/19 07:51:18 AM,104.564,18.616,,0.503,,,,
16844,10/30/19 07:51:38 AM,,,99.207,,,,,
16845,10/30/19 07:53:18 AM,104.657,18.616,,0.509,,,,
16846,10/30/19 07:53:38 AM,,,99.251,,,,,
16847,10/30/19 07:55:18 AM,104.611,18.616,,0.505,,,,
16848,10/30/19 07:55:38 AM,,,99.229,,,,,
16849,10/30/19 07:57:18 AM,104.622,18.616,,0.505,,,,
16850,10/30/19 07:57:38 AM,,,99.251,,,,,
16851,10/30/19 07:59:18 AM,104.634,18.616,,0.504,,,,
16852,10/30/19 07:59:38 AM,,,99.273,,,,,
16853,10/30/19 08:01:18 AM,104.657,18.616,,0.505,,,,
16854,10/30/19 08:01:38 AM,,,99.284,,,,,
16855,10/30/19 08:03:18 AM,104.611,18.616,,0.501,,,,
16856,10/30/19 08:03:38 AM,,,99.273,,,,,
16857,10/30/19 08:05:18 AM,104.517,18.616,,0.500,,,,
16858,10/30/19 08:05:38 AM,,,99.175,,,,,
16859,10/30/19 08:07:18 AM,104.505,18.616,,0.500,,,,
16860,10/30/19 08:07:38 AM,,,99.186,,,,,
16861,10/30/19 08:09:18 AM,104.529,18.616,,0.494,,,,
16862,10/30/19 08:09:38 AM,,,99.284,,,,,
16863,10/30/19 08:11:18 AM,104.634,18.616,,0.492,,,,
16864,10/30/19 08:11:38 AM,,,99.404,,,,,
16865,10/30/19 08:13:18 AM,104.634,18.616,,0.485,,,,
16866,10/30/19 08:13:38 AM,,,99.469,,,,,
16867,10/30/19 08:15:18 AM,104.540,18.616,,0.480,,,,
16868,10/30/19 08:15:38 AM,,,99.404,,,,,
16869,10/30/19 08:17:18 AM,104.377,18.616,,0.477,,,,
16870,10/30/19 08:17:38 AM,,,99.251,,,,,
16871,10/30/19 08:19:18 AM,104.306,18.616,,0.475,,,,
16872,10/30/19 08:19:38 AM,,,99.218,,,,,
16873,10/30/19 08:21:18 AM,104.271,18.616,,0.474,,,,
16874,10/30/19 08:21:38 AM,,,99.197,,,,,
16875,10/30/19 08:23:18 AM,104.236,18.616,,0.470,,,,
16876,10/30/19 08:23:38 AM,,,99.207,,,,,
16877,10/30/19 08:25:18 AM,104.236,18.616,,0.466,,,,
16878,10/30/19 08:25:38 AM,,,99.251,,,,,
16879,10/30/19 08:27:18 AM,104.318,18.616,,0.466,,,,
16880,10/30/19 08:27:38 AM,,,99.338,,,,,
16881,10/30/19 08:29:18 AM,104.342,18.616,,0.464,,,,
16882,10/30/19 08:29:38 AM,,,99.371,,,,,
16883,10/30/19 08:31:18 AM,104.295,18.616,,0.461,,,,
16884,10/30/19 08:31:38 AM,,,99.349,,,,,
16885,10/30/19 08:33:18 AM,104.330,18.616,,0.468,,,,
16886,10/30/19 08:33:38 AM,,,99.316,,,,,
16887,10/30/19 08:35:18 AM,104.365,18.616,,0.475,,,,
16888,10/30/19 08:35:38 AM,,,99.284,,,,,
16889,10/30/19 08:37:18 AM,104.505,18.616,,0.487,,,,
16890,10/30/19 08:37:38 AM,,,99.313,,,,,
16891,10/30/19 08:39:18 AM,104.599,18.616,,0.503,,,,
16892,10/30/19 08:39:38 AM,,,99.236,,,,,
16893,10/30/19 08:41:18 AM,104.751,18.616,,0.517,,,,
16894,10/30/19 08:41:38 AM,,,99.269,,,,,
16895,10/30/19 08:43:18 AM,104.926,18.616,,0.535,,,,
16896,10/30/19 08:43:38 AM,,,99.258,,,,,
16897,10/30/19 08:45:18 AM,105.110,18.521,,0.554,,,,
16898,10/30/19 08:45:38 AM,,,99.258,,,,,
16899,10/30/19 08:47:18 AM,105.402,18.521,,0.579,,,,
16900,10/30/19 08:47:38 AM,,,99.313,,,,,
16901,10/30/19 08:49:18 AM,105.601,18.521,,0.604,,,,
16902,10/30/19 08:49:38 AM,,,99.247,,,,,
16903,10/30/19 08:51:18 AM,105.882,18.521,,0.634,,,,
16904,10/30/19 08:51:38 AM,,,99.247,,,,,
16905,10/30/19 08:53:18 AM,106.186,18.521,,0.663,,,,
16906,10/30/19 08:53:38 AM,,,99.269,,,,,
16907,10/30/19 08:55:18 AM,106.490,18.521,,0.692,,,,
16908,10/30/19 08:55:38 AM,,,99.291,,,,,
16909,10/30/19 08:57:18 AM,106.818,18.521,,0.724,,,,
16910,10/30/19 08:57:38 AM,,,99.302,,,,,
16911,10/30/19 08:59:18 AM,107.075,18.521,,0.750,,,,
16912,10/30/19 08:59:38 AM,,,99.302,,,,,
16913,10/30/19 09:01:18 AM,107.345,18.521,,0.778,,,,
16914,10/30/19 09:01:38 AM,,,99.302,,,,,
16915,10/30/19 09:03:18 AM,107.543,18.521,,0.800,,,,
16916,10/30/19 09:03:38 AM,,,99.280,,,,,
16917,10/30/19 09:05:18 AM,107.848,18.521,,0.831,,,,
16918,10/30/19 09:05:38 AM,,,99.280,,,,,
16919,10/30/19 09:07:18 AM,108.105,18.521,,0.860,,,,
16920,10/30/19 09:07:38 AM,,,99.247,,,,,
16921,10/30/19 09:09:18 AM,108.281,18.521,,0.883,,,,
16922,10/30/19 09:09:38 AM,,,99.204,,,,,
16923,10/30/19 09:11:18 AM,108.492,18.521,,0.904,,,,
16924,10/30/19 09:11:38 AM,,,99.214,,,,,
16925,10/30/19 09:13:18 AM,108.691,18.521,,0.922,,,,
16926,10/30/19 09:13:38 AM,,,99.236,,,,,
16927,10/30/19 09:15:18 AM,108.831,18.521,,0.936,,,,
16928,10/30/19 09:15:38 AM,,,99.236,,,,,
16929,10/30/19 09:17:18 AM,108.913,18.521,,0.943,,,,
16930,10/30/19 09:17:38 AM,,,99.258,,,,,
16931,10/30/19 09:19:18 AM,109.030,18.521,,0.954,,,,
16932,10/30/19 09:19:38 AM,,,99.258,,,,,
16933,10/30/19 09:21:18 AM,109.042,18.521,,0.955,,,,
16934,10/30/19 09:21:38 AM,,,99.269,,,,,
16935,10/30/19 09:23:18 AM,109.042,18.521,,0.952,,,,
16936,10/30/19 09:23:38 AM,,,99.302,,,,,
16937,10/30/19 09:25:18 AM,109.089,18.521,,0.952,,,,
16938,10/30/19 09:25:38 AM,,,99.345,,,,,
16939,10/30/19 09:27:18 AM,109.100,18.521,,0.947,,,,
16940,10/30/19 09:27:38 AM,,,99.411,,,,,
16941,10/30/19 09:29:18 AM,109.065,18.521,,0.939,,,,
16942,10/30/19 09:29:38 AM,,,99.443,,,,,
16943,10/30/19 09:31:18 AM,108.960,18.521,,0.929,,,,
16944,10/30/19 09:31:38 AM,,,99.432,,,,,
16945,10/30/19 09:33:18 AM,108.784,18.521,,0.912,,,,
16946,10/30/19 09:33:38 AM,,,99.428,,,,,
16947,10/30/19 09:35:18 AM,108.761,18.521,,0.907,,,,
16948,10/30/19 09:35:38 AM,,,99.461,,,,,
16949,10/30/19 09:37:18 AM,108.644,18.521,,0.895,,,,
16950,10/30/19 09:37:38 AM,,,99.450,,,,,
16951,10/30/19 09:39:18 AM,108.503,18.521,,0.880,,,,
16952,10/30/19 09:39:38 AM,,,99.454,,,,,
16953,10/30/19 09:41:18 AM,108.492,18.521,,0.868,,,,
16954,10/30/19 09:41:38 AM,,,99.581,,,,,
16955,10/30/19 09:43:18 AM,108.433,18.521,,0.857,,,,
16956,10/30/19 09:43:38 AM,,,99.614,,,,,
16957,10/30/19 09:45:18 AM,108.269,18.521,,0.845,,,,
16958,10/30/19 09:45:38 AM,,,99.559,,,,,
16959,10/30/19 09:47:18 AM,108.187,18.521,,0.844,,,,
16960,10/30/19 09:47:38 AM,,,99.483,,,,,
16961,10/30/19 09:49:18 AM,108.105,18.521,,0.841,,,,
16962,10/30/19 09:49:38 AM,,,99.428,,,,,
16963,10/30/19 09:51:18 AM,107.976,18.521,,0.829,,,,
16964,10/30/19 09:51:38 AM,,,99.428,,,,,
16965,10/30/19 09:53:18 AM,107.895,18.521,,0.832,,,,
16966,10/30/19 09:53:38 AM,,,99.298,,,,,
16967,10/30/19 09:55:18 AM,107.859,18.521,,0.838,,,,
16968,10/30/19 09:55:38 AM,,,99.211,,,,,
16969,10/30/19 09:57:18 AM,107.976,18.521,,0.845,,,,
16970,10/30/19 09:57:38 AM,,,99.287,,,,,
16971,10/30/19 09:59:18 AM,108.094,18.521,,0.858,,,,
16972,10/30/19 09:59:38 AM,,,99.265,,,,,
16973,10/30/19 10:01:18 AM,108.105,18.521,,0.864,,,,
16974,10/30/19 10:01:38 AM,,,99.211,,,,,
16975,10/30/19 10:03:18 AM,108.296,18.616,,0.883,,,,
16976,10/30/19 10:03:38 AM,,,99.221,,,,,
16977,10/30/19 10:05:18 AM,108.600,18.616,,0.914,,,,
16978,10/30/19 10:05:38 AM,,,99.221,,,,,
16979,10/30/19 10:07:18 AM,108.940,18.616,,0.942,,,,
16980,10/30/19 10:07:38 AM,,,99.298,,,,,
16981,10/30/19 10:09:18 AM,109.244,18.616,,0.972,,,,
16982,10/30/19 10:09:38 AM,,,99.298,,,,,
16983,10/30/19 10:11:18 AM,109.584,18.616,,1.006,,,,
16984,10/30/19 10:11:38 AM,,,99.309,,,,,
16985,10/30/19 10:13:18 AM,109.865,18.616,,1.034,,,,
16986,10/30/19 10:13:38 AM,,,99.309,,,,,
16987,10/30/19 10:15:18 AM,110.169,18.616,,1.064,,,,
16988,10/30/19 10:15:38 AM,,,99.330,,,,,
16989,10/30/19 10:17:18 AM,110.357,18.616,,1.082,,,,
16990,10/30/19 10:17:38 AM,,,99.330,,,,,
16991,10/30/19 10:19:18 AM,110.544,18.616,,1.101,,,,
16992,10/30/19 10:19:38 AM,,,99.341,,,,,
16993,10/30/19 10:21:18 AM,110.767,18.616,,1.123,,,,
16994,10/30/19 10:21:38 AM,,,99.341,,,,,
16995,10/30/19 10:23:18 AM,110.837,18.616,,1.131,,,,
16996,10/30/19 10:23:38 AM,,,99.330,,,,,
16997,10/30/19 10:25:18 AM,110.942,18.616,,1.142,,,,
16998,10/30/19 10:25:38 AM,,,99.330,,,,,
16999,10/30/19 10:27:18 AM,111.036,18.616,,1.152,,,,
17000,10/30/19 10:27:38 AM,,,99.330,,,,,
17001,10/30/19 10:29:18 AM,111.036,18.616,,1.152,,,,
17002,10/30/19 10:29:38 AM,,,99.330,,,,,
17003,10/30/19 10:31:18 AM,111.024,18.616,,1.152,,,,
17004,10/30/19 10:31:38 AM,,,99.316,,,,,
17005,10/30/19 10:33:18 AM,111.036,18.616,,1.152,,,,
17006,10/30/19 10:33:38 AM,,,99.337,,,,,
17007,10/30/19 10:35:18 AM,110.989,18.616,,1.145,,,,
17008,10/30/19 10:35:38 AM,,,99.348,,,,,
17009,10/30/19 10:37:18 AM,110.931,18.616,,1.140,,,,
17010,10/30/19 10:37:38 AM,,,99.337,,,,,
17011,10/30/19 10:39:18 AM,110.884,18.616,,1.135,,,,
17012,10/30/19 10:39:38 AM,,,99.348,,,,,
17013,10/30/19 10:41:18 AM,110.814,18.616,,1.125,,,,
17014,10/30/19 10:41:38 AM,,,99.381,,,,,
17015,10/30/19 10:43:18 AM,110.755,18.616,,1.117,,,,
17016,10/30/19 10:43:38 AM,,,99.392,,,,,
17017,10/30/19 10:45:18 AM,110.626,18.616,,1.109,,,,
17018,10/30/19 10:45:38 AM,,,99.326,,,,,
17019,10/30/19 10:47:18 AM,110.451,18.616,,1.093,,,,
17020,10/30/19 10:47:38 AM,,,99.326,,,,,
17021,10/30/19 10:49:18 AM,110.287,18.616,,1.079,,,,
17022,10/30/19 10:49:38 AM,,,99.283,,,,,
17023,10/30/19 10:51:18 AM,110.134,18.616,,1.065,,,,
17024,10/30/19 10:51:38 AM,,,99.272,,,,,
17025,10/30/19 10:53:18 AM,109.947,18.616,,1.047,,,,
17026,10/30/19 10:53:38 AM,,,99.261,,,,,
17027,10/30/19 10:55:18 AM,109.865,18.616,,1.040,,,,
17028,10/30/19 10:55:38 AM,,,99.250,,,,,
17029,10/30/19 10:57:18 AM,109.724,18.616,,1.027,,,,
17030,10/30/19 10:57:38 AM,,,99.239,,,,,
17031,10/30/19 10:59:18 AM,109.549,18.616,,1.007,,,,
17032,10/30/19 10:59:38 AM,,,99.261,,,,,
17033,10/30/19 11:01:18 AM,109.432,18.616,,0.995,,,,
17034,10/30/19 11:01:38 AM,,,99.261,,,,,
17035,10/30/19 11:03:18 AM,109.256,18.616,,0.976,,,,
17036,10/30/19 11:03:38 AM,,,99.272,,,,,
17037,10/30/19 11:05:18 AM,109.069,18.616,,0.958,,,,
17038,10/30/19 11:05:38 AM,,,99.261,,,,,
17039,10/30/19 11:07:18 AM,108.870,18.616,,0.939,,,,
17040,10/30/19 11:07:38 AM,,,99.250,,,,,
17041,10/30/19 11:09:18 AM,108.647,18.616,,0.917,,,,
17042,10/30/19 11:09:38 AM,,,99.239,,,,,
17043,10/30/19 11:11:18 AM,108.483,18.616,,0.899,,,,
17044,10/30/19 11:11:38 AM,,,99.250,,,,,
17045,10/30/19 11:13:18 AM,108.308,18.616,,0.879,,,,
17046,10/30/19 11:13:38 AM,,,99.272,,,,,
17047,10/30/19 11:15:18 AM,108.124,18.711,,0.862,,,,
17048,10/30/19 11:15:38 AM,,,99.250,,,,,
17049,10/30/19 11:17:18 AM,107.960,18.711,,0.846,,,,
17050,10/30/19 11:17:38 AM,,,99.250,,,,,
17051,10/30/19 11:19:18 AM,107.773,18.711,,0.827,,,,
17052,10/30/19 11:19:38 AM,,,99.250,,,,,
17053,10/30/19 11:21:18 AM,107.597,18.711,,0.808,,,,
17054,10/30/19 11:21:38 AM,,,99.261,,,,,
17055,10/30/19 11:23:18 AM,107.433,18.711,,0.791,,,,
17056,10/30/19 11:23:38 AM,,,99.261,,,,,
17057,10/30/19 11:25:18 AM,107.270,18.711,,0.775,,,,
17058,10/30/19 11:25:38 AM,,,99.250,,,,,
17059,10/30/19 11:27:18 AM,107.117,18.711,,0.759,,,,
17060,10/30/19 11:27:38 AM,,,99.261,,,,,
17061,10/30/19 11:29:18 AM,106.965,18.711,,0.743,,,,
17062,10/30/19 11:29:38 AM,,,99.261,,,,,
17063,10/30/19 11:31:18 AM,106.790,18.711,,0.728,,,,
17064,10/30/19 11:31:38 AM,,,99.228,,,,,
17065,10/30/19 11:33:18 AM,106.653,18.806,,0.715,,,,
17066,10/30/19 11:33:38 AM,,,99.228,,,,,
17067,10/30/19 11:35:18 AM,106.524,18.806,,0.701,,,,
17068,10/30/19 11:35:38 AM,,,99.228,,,,,
17069,10/30/19 11:37:18 AM,106.407,18.806,,0.689,,,,
17070,10/30/19 11:37:38 AM,,,99.239,,,,,
17071,10/30/19 11:39:18 AM,106.325,18.806,,0.677,,,,
17072,10/30/19 11:39:38 AM,,,99.272,,,,,
17073,10/30/19 11:41:18 AM,106.208,18.806,,0.662,,,,
17074,10/30/19 11:41:38 AM,,,99.305,,,,,
17075,10/30/19 11:43:18 AM,106.103,18.806,,0.648,,,,
17076,10/30/19 11:43:38 AM,,,99.337,,,,,
17077,10/30/19 11:45:18 AM,106.021,18.806,,0.636,,,,
17078,10/30/19 11:45:38 AM,,,99.370,,,,,
17079,10/30/19 11:47:18 AM,105.916,18.806,,0.624,,,,
17080,10/30/19 11:47:38 AM,,,99.381,,,,,
17081,10/30/19 11:49:18 AM,105.881,18.806,,0.618,,,,
17082,10/30/19 11:49:38 AM,,,99.407,,,,,
17083,10/30/19 11:51:18 AM,105.787,18.806,,0.604,,,,
17084,10/30/19 11:51:38 AM,,,99.450,,,,,
17085,10/30/19 11:53:18 AM,105.694,18.806,,0.593,,,,
17086,10/30/19 11:53:38 AM,,,99.461,,,,,
17087,10/30/19 11:55:18 AM,105.600,18.806,,0.584,,,,
17088,10/30/19 11:55:38 AM,,,99.450,,,,,
17089,10/30/19 11:57:18 AM,105.495,18.806,,0.575,,,,
17090,10/30/19 11:57:38 AM,,,99.428,,,,,
17091,10/30/19 11:59:18 AM,105.378,18.806,,0.565,,,,
17092,10/30/19 11:59:38 AM,,,99.418,,,,,
17093,10/30/19 12:01:18 PM,105.284,18.806,,0.558,,,,
17094,10/30/19 12:01:38 PM,,,99.385,,,,,
17095,10/30/19 12:03:18 PM,105.132,18.806,,0.545,,,,
17096,10/30/19 12:03:38 PM,,,99.363,,,,,
17097,10/30/19 12:05:18 PM,105.038,18.806,,0.538,,,,
17098,10/30/19 12:05:38 PM,,,99.341,,,,,
17099,10/30/19 12:07:18 PM,104.945,18.806,,0.529,,,,
17100,10/30/19 12:07:38 PM,,,99.330,,,,,
17101,10/30/19 12:09:18 PM,104.840,18.806,,0.517,,,,
17102,10/30/19 12:09:38 PM,,,99.352,,,,,
17103,10/30/19 12:11:18 PM,104.793,18.806,,0.512,,,,
17104,10/30/19 12:11:38 PM,,,99.352,,,,,
17105,10/30/19 12:13:18 PM,104.734,18.806,,0.506,,,,
17106,10/30/19 12:13:38 PM,,,99.352,,,,,
17107,10/30/19 12:15:18 PM,104.652,18.806,,0.497,,,,
17108,10/30/19 12:15:38 PM,,,99.352,,,,,
17109,10/30/19 12:17:18 PM,104.559,18.806,,0.489,,,,
17110,10/30/19 12:17:38 PM,,,99.341,,,,,
17111,10/30/19 12:19:18 PM,104.500,18.806,,0.485,,,,
17112,10/30/19 12:19:38 PM,,,99.319,,,,,
17113,10/30/19 12:21:18 PM,104.430,18.806,,0.477,,,,
17114,10/30/19 12:21:38 PM,,,99.330,,,,,
17115,10/30/19 12:23:18 PM,104.348,18.806,,0.470,,,,
17116,10/30/19 12:23:38 PM,,,99.309,,,,,
17117,10/30/19 12:25:18 PM,104.231,18.806,,0.460,,,,
17118,10/30/19 12:25:38 PM,,,99.298,,,,,
17119,10/30/19 12:27:18 PM,104.200,18.901,,0.458,,,,
17120,10/30/19 12:27:38 PM,,,99.287,,,,,
17121,10/30/19 12:29:18 PM,104.153,18.901,,0.452,,,,
17122,10/30/19 12:29:38 PM,,,99.298,,,,,
17123,10/30/19 12:31:18 PM,104.095,18.901,,0.443,,,,
17124,10/30/19 12:31:38 PM,,,99.330,,,,,
17125,10/30/19 12:33:18 PM,104.060,18.901,,0.440,,,,
17126,10/30/19 12:33:38 PM,,,99.319,,,,,
17127,10/30/19 12:35:18 PM,103.954,18.901,,0.430,,,,
17128,10/30/19 12:35:38 PM,,,99.319,,,,,
17129,10/30/19 12:37:18 PM,103.931,18.901,,0.426,,,,
17130,10/30/19 12:37:38 PM,,,99.330,,,,,
17131,10/30/19 12:39:18 PM,103.872,18.901,,0.420,,,,
17132,10/30/19 12:39:38 PM,,,99.330,,,,,
17133,10/30/19 12:41:18 PM,103.837,18.901,,0.416,,,,
17134,10/30/19 12:41:38 PM,,,99.330,,,,,
17135,10/30/19 12:43:18 PM,103.779,18.901,,0.411,,,,
17136,10/30/19 12:43:38 PM,,,99.330,,,,,
17137,10/30/19 12:45:18 PM,103.720,18.901,,0.405,,,,
17138,10/30/19 12:45:38 PM,,,99.319,,,,,
17139,10/30/19 12:47:18 PM,103.662,18.901,,0.400,,,,
17140,10/30/19 12:47:38 PM,,,99.319,,,,,
17141,10/30/19 12:49:18 PM,103.592,18.901,,0.393,,,,
17142,10/30/19 12:49:38 PM,,,99.319,,,,,
17143,10/30/19 12:51:18 PM,103.615,18.901,,0.391,,,,
17144,10/30/19 12:51:38 PM,,,99.363,,,,,
17145,10/30/19 12:53:18 PM,103.603,18.901,,0.387,,,,
17146,10/30/19 12:53:38 PM,,,99.385,,,,,
17147,10/30/19 12:55:18 PM,103.533,18.901,,0.380,,,,
17148,10/30/19 12:55:38 PM,,,99.385,,,,,
17149,10/30/19 12:57:18 PM,103.522,18.901,,0.379,,,,
17150,10/30/19 12:57:38 PM,,,99.385,,,,,
17151,10/30/19 12:59:18 PM,103.451,18.901,,0.372,,,,
17152,10/30/19 12:59:38 PM,,,99.374,,,,,
17153,10/30/19 01:01:18 PM,103.393,18.901,,0.367,,,,
17154,10/30/19 01:01:38 PM,,,99.374,,,,,
17155,10/30/19 01:03:18 PM,103.358,18.901,,0.365,,,,
17156,10/30/19 01:03:38 PM,,,99.352,,,,,
17157,10/30/19 01:05:18 PM,103.299,18.901,,0.361,,,,
17158,10/30/19 01:05:38 PM,,,99.330,,,,,
17159,10/30/19 01:07:18 PM,103.241,18.901,,0.357,,,,
17160,10/30/19 01:07:38 PM,,,99.319,,,,,
17161,10/30/19 01:09:18 PM,103.183,18.901,,0.353,,,,
17162,10/30/19 01:09:38 PM,,,99.298,,,,,
17163,10/30/19 01:11:18 PM,103.171,18.901,,0.350,,,,
17164,10/30/19 01:11:38 PM,,,99.319,,,,,
17165,10/30/19 01:13:18 PM,103.148,18.901,,0.347,,,,
17166,10/30/19 01:13:38 PM,,,99.319,,,,,
17167,10/30/19 01:15:18 PM,103.101,18.901,,0.343,,,,
17168,10/30/19 01:15:38 PM,,,99.309,,,,,
17169,10/30/19 01:17:18 PM,103.066,18.901,,0.338,,,,
17170,10/30/19 01:17:38 PM,,,99.330,,,,,
17171,10/30/19 01:19:18 PM,103.066,18.901,,0.337,,,,
17172,10/30/19 01:19:38 PM,,,99.341,,,,,
17173,10/30/19 01:21:18 PM,103.042,18.901,,0.335,,,,
17174,10/30/19 01:21:38 PM,,,99.334,,,,,
17175,10/30/19 01:23:18 PM,103.007,18.901,,0.332,,,,
17176,10/30/19 01:23:38 PM,,,99.323,,,,,
17177,10/30/19 01:25:18 PM,102.960,18.901,,0.328,,,,
17178,10/30/19 01:25:38 PM,,,99.323,,,,,
17179,10/30/19 01:27:18 PM,102.925,18.901,,0.326,,,,
17180,10/30/19 01:27:38 PM,,,99.302,,,,,
17181,10/30/19 01:29:18 PM,102.890,18.901,,0.322,,,,
17182,10/30/19 01:29:38 PM,,,99.313,,,,,
17183,10/30/19 01:31:18 PM,102.867,18.901,,0.316,,,,
17184,10/30/19 01:31:38 PM,,,99.345,,,,,
17185,10/30/19 01:33:18 PM,102.832,18.901,,0.313,,,,
17186,10/30/19 01:33:38 PM,,,99.334,,,,,
17187,10/30/19 01:35:18 PM,102.808,18.901,,0.312,,,,
17188,10/30/19 01:35:38 PM,,,99.323,,,,,
17189,10/30/19 01:37:18 PM,102.762,18.901,,0.306,,,,
17190,10/30/19 01:37:38 PM,,,99.334,,,,,
17191,10/30/19 01:39:18 PM,102.762,18.901,,0.305,,,,
17192,10/30/19 01:39:38 PM,,,99.345,,,,,
17193,10/30/19 01:41:18 PM,102.785,18.901,,0.303,,,,
17194,10/30/19 01:41:38 PM,,,99.400,,,,,
17195,10/30/19 01:43:18 PM,102.785,18.901,,0.300,,,,
17196,10/30/19 01:43:38 PM,,,99.422,,,,,
17197,10/30/19 01:45:18 PM,102.797,18.901,,0.300,,,,
17198,10/30/19 01:45:38 PM,,,99.432,,,,,
17199,10/30/19 01:47:18 PM,102.762,18.901,,0.294,,,,
17200,10/30/19 01:47:38 PM,,,99.454,,,,,
17201,10/30/19 01:49:18 PM,102.750,18.901,,0.292,,,,
17202,10/30/19 01:49:38 PM,,,99.465,,,,,
17203,10/30/19 01:51:18 PM,102.727,18.901,,0.288,,,,
17204,10/30/19 01:51:38 PM,,,99.476,,,,,
17205,10/30/19 01:53:18 PM,102.727,18.901,,0.289,,,,
17206,10/30/19 01:53:38 PM,,,99.465,,,,,
17207,10/30/19 01:55:18 PM,102.680,18.901,,0.285,,,,
17208,10/30/19 01:55:38 PM,,,99.454,,,,,
17209,10/30/19 01:57:18 PM,102.633,18.901,,0.284,,,,
17210,10/30/19 01:57:38 PM,,,99.422,,,,,
17211,10/30/19 01:59:18 PM,102.586,18.901,,0.283,,,,
17212,10/30/19 01:59:38 PM,,,99.378,,,,,
17213,10/30/19 02:01:18 PM,102.540,18.901,,0.282,,,,
17214,10/30/19 02:01:38 PM,,,99.345,,,,,
17215,10/30/19 02:03:18 PM,102.481,18.901,,0.276,,,,
17216,10/30/19 02:03:38 PM,,,99.345,,,,,
17217,10/30/19 02:05:18 PM,102.469,18.901,,0.275,,,,
17218,10/30/19 02:05:38 PM,,,99.345,,,,,
17219,10/30/19 02:07:18 PM,102.423,18.901,,0.270,,,,
17220,10/30/19 02:07:38 PM,,,99.356,,,,,
17221,10/30/19 02:09:18 PM,102.411,18.901,,0.267,,,,
17222,10/30/19 02:09:38 PM,,,99.367,,,,,
17223,10/30/19 02:11:18 PM,102.399,18.901,,0.266,,,,
17224,10/30/19 02:11:38 PM,,,99.367,,,,,
17225,10/30/19 02:13:18 PM,102.364,18.901,,0.261,,,,
17226,10/30/19 02:13:38 PM,,,99.378,,,,,
17227,10/30/19 02:15:18 PM,102.376,18.901,,0.260,,,,
17228,10/30/19 02:15:38 PM,,,99.400,,,,,
17229,10/30/19 02:17:18 PM,102.376,18.901,,0.260,,,,
17230,10/30/19 02:17:38 PM,,,99.400,,,,,
17231,10/30/19 02:19:18 PM,102.341,18.901,,0.257,,,,
17232,10/30/19 02:19:38 PM,,,99.389,,,,,
17233,10/30/19 02:21:18 PM,102.329,18.901,,0.256,,,,
17234,10/30/19 02:21:38 PM,,,99.389,,,,,
17235,10/30/19 02:23:18 PM,102.353,18.901,,0.258,,,,
17236,10/30/19 02:23:38 PM,,,99.400,,,,,
17237,10/30/19 02:25:18 PM,102.306,18.901,,0.251,,,,
17238,10/30/19 02:25:38 PM,,,99.422,,,,,
17239,10/30/19 02:27:18 PM,102.282,18.901,,0.250,,,,
17240,10/30/19 02:27:38 PM,,,99.400,,,,,
17241,10/30/19 02:29:18 PM,102.282,18.901,,0.250,,,,
17242,10/30/19 02:29:38 PM,,,99.411,,,,,
17243,10/30/19 02:31:18 PM,102.271,18.901,,0.246,,,,
17244,10/30/19 02:31:38 PM,,,99.432,,,,,
17245,10/30/19 02:33:18 PM,102.294,18.901,,0.248,,,,
17246,10/30/19 02:33:38 PM,,,99.443,,,,,
17247,10/30/19 02:35:18 PM,102.306,18.901,,0.247,,,,
17248,10/30/19 02:35:38 PM,,,99.465,,,,,
17249,10/30/19 02:37:18 PM,102.318,18.901,,0.246,,,,
17250,10/30/19 02:37:38 PM,,,99.487,,,,,
17251,10/30/19 02:39:18 PM,102.318,18.901,,0.242,,,,
17252,10/30/19 02:39:38 PM,,,99.520,,,,,
17253,10/30/19 02:41:18 PM,102.341,18.901,,0.243,,,,
17254,10/30/19 02:41:38 PM,,,99.530,,,,,
17255,10/30/19 02:43:18 PM,102.329,18.901,,0.241,,,,
17256,10/30/19 02:43:38 PM,,,99.541,,,,,
17257,10/30/19 02:45:18 PM,102.306,18.901,,0.242,,,,
17258,10/30/19 02:45:38 PM,,,99.498,,,,,
17259,10/30/19 02:47:18 PM,102.271,18.901,,0.243,,,,
17260,10/30/19 02:47:38 PM,,,99.454,,,,,
17261,10/30/19 02:49:18 PM,102.247,18.901,,0.242,,,,
17262,10/30/19 02:49:38 PM,,,99.443,,,,,
17263,10/30/19 02:51:18 PM,102.224,18.901,,0.241,,,,
17264,10/30/19 02:51:38 PM,,,99.432,,,,,
17265,10/30/19 02:53:18 PM,102.236,18.901,,0.243,,,,
17266,10/30/19 02:53:38 PM,,,99.432,,,,,
17267,10/30/19 02:55:18 PM,102.247,18.901,,0.245,,,,
17268,10/30/19 02:55:38 PM,,,99.411,,,,,
17269,10/30/19 02:57:18 PM,102.236,18.901,,0.244,,,,
17270,10/30/19 02:57:38 PM,,,99.422,,,,,
17271,10/30/19 02:59:18 PM,102.271,18.901,,0.243,,,,
17272,10/30/19 02:59:38 PM,,,99.465,,,,,
17273,10/30/19 03:01:18 PM,102.341,18.901,,0.246,,,,
17274,10/30/19 03:01:38 PM,,,99.509,,,,,
17275,10/30/19 03:03:18 PM,102.318,18.901,,0.243,,,,
17276,10/30/19 03:03:38 PM,,,99.509,,,,,
17277,10/30/19 03:05:18 PM,102.306,18.901,,0.245,,,,
17278,10/30/19 03:05:38 PM,,,99.476,,,,,
17279,10/30/19 03:07:18 PM,102.318,18.901,,0.248,,,,
17280,10/30/19 03:07:38 PM,,,99.454,,,,,
17281,10/30/19 03:09:18 PM,102.353,18.901,,0.253,,,,
17282,10/30/19 03:09:38 PM,,,99.443,,,,,
17283,10/30/19 03:11:18 PM,102.353,18.901,,0.255,,,,
17284,10/30/19 03:11:38 PM,,,99.422,,,,,
17285,10/30/19 03:13:18 PM,102.364,18.901,,0.258,,,,
17286,10/30/19 03:13:38 PM,,,99.411,,,,,
17287,10/30/19 03:15:18 PM,102.399,18.901,,0.260,,,,
17288,10/30/19 03:15:38 PM,,,99.422,,,,,
17289,10/30/19 03:17:18 PM,102.423,18.901,,0.263,,,,
17290,10/30/19 03:17:38 PM,,,99.422,,,,,
17291,10/30/19 03:19:18 PM,102.481,18.901,,0.269,,,,
17292,10/30/19 03:19:38 PM,,,99.422,,,,,
17293,10/30/19 03:21:18 PM,102.575,18.901,,0.277,,,,
17294,10/30/19 03:21:38 PM,,,99.432,,,,,
17295,10/30/19 03:23:18 PM,102.668,18.901,,0.282,,,,
17296,10/30/19 03:23:38 PM,,,99.487,,,,,
17297,10/30/19 03:25:18 PM,102.762,18.901,,0.291,,,,
17298,10/30/19 03:25:38 PM,,,99.487,,,,,
17299,10/30/19 03:27:18 PM,102.844,18.901,,0.304,,,,
17300,10/30/19 03:27:38 PM,,,99.432,,,,,
17301,10/30/19 03:29:18 PM,102.879,18.901,,0.313,,,,
17302,10/30/19 03:29:38 PM,,,99.378,,,,,
17303,10/30/19 03:31:18 PM,102.960,18.901,,0.323,,,,
17304,10/30/19 03:31:38 PM,,,99.367,,,,,
17305,10/30/19 03:33:18 PM,103.089,18.901,,0.337,,,,
17306,10/30/19 03:33:38 PM,,,99.356,,,,,
17307,10/30/19 03:35:18 PM,103.229,18.901,,0.348,,,,
17308,10/30/19 03:35:38 PM,,,99.400,,,,,
17309,10/30/19 03:37:18 PM,103.451,18.901,,0.366,,,,
17310,10/30/19 03:37:38 PM,,,99.443,,,,,
17311,10/30/19 03:39:18 PM,103.650,18.901,,0.385,,,,
17312,10/30/19 03:39:38 PM,,,99.454,,,,,
17313,10/30/19 03:41:18 PM,103.814,18.901,,0.401,,,,
17314,10/30/19 03:41:38 PM,,,99.454,,,,,
17315,10/30/19 03:43:18 PM,104.060,18.901,,0.426,,,,
17316,10/30/19 03:43:38 PM,,,99.465,,,,,
17317,10/30/19 03:45:18 PM,104.282,18.901,,0.448,,,,
17318,10/30/19 03:45:38 PM,,,99.465,,,,,
17319,10/30/19 03:47:18 PM,104.516,18.901,,0.472,,,,
17320,10/30/19 03:47:38 PM,,,99.465,,,,,
17321,10/30/19 03:49:18 PM,104.785,18.901,,0.497,,,,
17322,10/30/19 03:49:38 PM,,,99.498,,,,,
17323,10/30/19 03:51:18 PM,105.030,18.901,,0.520,,,,
17324,10/30/19 03:51:38 PM,,,99.509,,,,,
17325,10/30/19 03:53:18 PM,105.237,18.806,,0.546,,,,
17326,10/30/19 03:53:38 PM,,,99.454,,,,,
17327,10/30/19 03:55:18 PM,105.460,18.806,,0.570,,,,
17328,10/30/19 03:55:38 PM,,,99.454,,,,,
17329,10/30/19 03:57:18 PM,105.729,18.806,,0.597,,,,
17330,10/30/19 03:57:38 PM,,,99.454,,,,,
17331,10/30/19 03:59:18 PM,105.939,18.806,,0.618,,,,
17332,10/30/19 03:59:38 PM,,,99.465,,,,,
17333,10/30/19 04:01:18 PM,106.185,18.806,,0.643,,,,
17334,10/30/19 04:01:38 PM,,,99.465,,,,,
17335,10/30/19 04:03:18 PM,106.360,18.806,,0.661,,,,
17336,10/30/19 04:03:38 PM,,,99.454,,,,,
17337,10/30/19 04:05:18 PM,106.571,18.806,,0.685,,,,
17338,10/30/19 04:05:38 PM,,,99.432,,,,,
17339,10/30/19 04:07:18 PM,106.747,18.806,,0.702,,,,
17340,10/30/19 04:07:38 PM,,,99.443,,,,,
17341,10/30/19 04:09:18 PM,106.910,18.806,,0.720,,,,
17342,10/30/19 04:09:38 PM,,,99.432,,,,,
17343,10/30/19 04:11:18 PM,107.074,18.806,,0.736,,,,
17344,10/30/19 04:11:38 PM,,,99.443,,,,,
17345,10/30/19 04:13:18 PM,107.273,18.806,,0.757,,,,
17346,10/30/19 04:13:38 PM,,,99.432,,,,,
17347,10/30/19 04:15:18 PM,107.378,18.806,,0.768,,,,
17348,10/30/19 04:15:38 PM,,,99.432,,,,,
17349,10/30/19 04:17:18 PM,107.542,18.806,,0.785,,,,
17350,10/30/19 04:17:38 PM,,,99.422,,,,,
17351,10/30/19 04:19:18 PM,107.659,18.806,,0.796,,,,
17352,10/30/19 04:19:38 PM,,,99.443,,,,,
17353,10/30/19 04:21:18 PM,107.812,18.806,,0.811,,,,
17354,10/30/19 04:21:38 PM,,,99.443,,,,,
17355,10/30/19 04:23:18 PM,107.882,18.806,,0.819,,,,
17356,10/30/19 04:23:38 PM,,,99.432,,,,,
17357,10/30/19 04:25:18 PM,107.987,18.806,,0.828,,,,
17358,10/30/19 04:25:38 PM,,,99.454,,,,,
17359,10/30/19 04:27:18 PM,108.069,18.806,,0.839,,,,
17360,10/30/19 04:27:38 PM,,,99.422,,,,,
17361,10/30/19 04:29:18 PM,108.092,18.806,,0.842,,,,
17362,10/30/19 04:29:38 PM,,,99.422,,,,,
17363,10/30/19 04:31:18 PM,108.210,18.806,,0.850,,,,
17364,10/30/19 04:31:38 PM,,,99.465,,,,,
17365,10/30/19 04:33:18 PM,108.315,18.806,,0.857,,,,
17366,10/30/19 04:33:38 PM,,,99.498,,,,,
17367,10/30/19 04:35:18 PM,108.409,18.806,,0.866,,,,
17368,10/30/19 04:35:38 PM,,,99.498,,,,,
17369,10/30/19 04:37:18 PM,108.432,18.806,,0.872,,,,
17370,10/30/19 04:37:38 PM,,,99.465,,,,,
17371,10/30/19 04:39:18 PM,108.479,18.806,,0.878,,,,
17372,10/30/19 04:39:38 PM,,,99.454,,,,,
17373,10/30/19 04:41:18 PM,108.467,18.806,,0.876,,,,
17374,10/30/19 04:41:38 PM,,,99.465,,,,,
17375,10/30/19 04:43:18 PM,108.537,18.806,,0.882,,,,
17376,10/30/19 04:43:38 PM,,,99.476,,,,,
17377,10/30/19 04:45:18 PM,108.689,18.806,,0.893,,,,
17378,10/30/19 04:45:38 PM,,,99.530,,,,,
17379,10/30/19 04:47:18 PM,108.771,18.806,,0.897,,,,
17380,10/30/19 04:47:38 PM,,,99.563,,,,,
17381,10/30/19 04:49:18 PM,108.853,18.806,,0.904,,,,
17382,10/30/19 04:49:38 PM,,,99.574,,,,,
17383,10/30/19 04:51:18 PM,108.865,18.806,,0.907,,,,
17384,10/30/19 04:51:38 PM,,,99.552,,,,,
17385,10/30/19 04:53:18 PM,108.900,18.806,,0.914,,,,
17386,10/30/19 04:53:38 PM,,,99.520,,,,,
17387,10/30/19 04:55:18 PM,108.889,18.806,,0.917,,,,
17388,10/30/19 04:55:38 PM,,,99.476,,,,,
17389,10/30/19 04:57:18 PM,108.924,18.806,,0.921,,,,
17390,10/30/19 04:57:38 PM,,,99.476,,,,,
17391,10/30/19 04:59:18 PM,109.017,18.806,,0.931,,,,
17392,10/30/19 04:59:38 PM,,,99.476,,,,,
17393,10/30/19 05:01:18 PM,109.064,18.806,,0.936,,,,
17394,10/30/19 05:01:38 PM,,,99.476,,,,,
17395,10/30/19 05:03:18 PM,109.146,18.806,,0.942,,,,
17396,10/30/19 05:03:38 PM,,,99.498,,,,,
17397,10/30/19 05:05:18 PM,109.146,18.806,,0.941,,,,
17398,10/30/19 05:05:38 PM,,,99.509,,,,,
17399,10/30/19 05:07:18 PM,109.193,18.806,,0.944,,,,
17400,10/30/19 05:07:38 PM,,,99.530,,,,,
17401,10/30/19 05:09:18 PM,109.240,18.806,,0.947,,,,
17402,10/30/19 05:09:38 PM,,,99.541,,,,,
17403,10/30/19 05:11:18 PM,109.228,18.806,,0.944,,,,
17404,10/30/19 05:11:38 PM,,,99.563,,,,,
17405,10/30/19 05:13:18 PM,109.275,18.806,,0.949,,,,
17406,10/30/19 05:13:38 PM,,,99.552,,,,,
17407,10/30/19 05:15:18 PM,109.181,18.806,,0.942,,,,
17408,10/30/19 05:15:38 PM,,,99.530,,,,,
17409,10/30/19 05:17:18 PM,109.193,18.806,,0.941,,,,
17410,10/30/19 05:17:38 PM,,,99.552,,,,,
17411,10/30/19 05:19:18 PM,109.134,18.806,,0.936,,,,
17412,10/30/19 05:19:38 PM,,,99.541,,,,,
17413,10/30/19 05:21:18 PM,109.088,18.806,,0.929,,,,
17414,10/30/19 05:21:38 PM,,,99.574,,,,,
17415,10/30/19 05:23:18 PM,109.041,18.806,,0.923,,,,
17416,10/30/19 05:23:38 PM,,,99.574,,,,,
17417,10/30/19 05:25:18 PM,108.947,18.806,,0.915,,,,
17418,10/30/19 05:25:38 PM,,,99.563,,,,,
17419,10/30/19 05:27:18 PM,108.900,18.806,,0.907,,,,
17420,10/30/19 05:27:38 PM,,,99.596,,,,,
17421,10/30/19 05:29:18 PM,108.853,18.806,,0.901,,,,
17422,10/30/19 05:29:38 PM,,,99.607,,,,,
17423,10/30/19 05:31:18 PM,108.783,18.806,,0.892,,,,
17424,10/30/19 05:31:38 PM,,,99.625,,,,,
17425,10/30/19 05:33:18 PM,108.678,18.806,,0.881,,,,
17426,10/30/19 05:33:38 PM,,,99.625,,,,,
17427,10/30/19 05:35:18 PM,108.526,18.806,,0.868,,,,
17428,10/30/19 05:35:38 PM,,,99.592,,,,,
17429,10/30/19 05:37:18 PM,108.432,18.806,,0.858,,,,
17430,10/30/19 05:37:38 PM,,,99.603,,,,,
17431,10/30/19 05:39:18 PM,108.315,18.806,,0.845,,,,
17432,10/30/19 05:39:38 PM,,,99.614,,,,,
17433,10/30/19 05:41:18 PM,108.198,18.806,,0.834,,,,
17434,10/30/19 05:41:38 PM,,,99.603,,,,,
17435,10/30/19 05:43:18 PM,108.069,18.806,,0.822,,,,
17436,10/30/19 05:43:38 PM,,,99.592,,,,,
17437,10/30/19 05:45:18 PM,107.929,18.806,,0.810,,,,
17438,10/30/19 05:45:38 PM,,,99.570,,,,,
17439,10/30/19 05:47:18 PM,107.800,18.806,,0.797,,,,
17440,10/30/19 05:47:38 PM,,,99.570,,,,,
17441,10/30/19 05:49:18 PM,107.683,18.806,,0.786,,,,
17442,10/30/19 05:49:38 PM,,,99.559,,,,,
17443,10/30/19 05:51:18 PM,107.577,18.806,,0.775,,,,
17444,10/30/19 05:51:38 PM,,,99.559,,,,,
17445,10/30/19 05:53:18 PM,107.460,18.806,,0.762,,,,
17446,10/30/19 05:53:38 PM,,,99.570,,,,,
17447,10/30/19 05:55:18 PM,107.378,18.806,,0.751,,,,
17448,10/30/19 05:55:38 PM,,,99.603,,,,,
17449,10/30/19 05:57:18 PM,107.308,18.806,,0.741,,,,
17450,10/30/19 05:57:38 PM,,,99.625,,,,,
17451,10/30/19 05:59:18 PM,107.179,18.806,,0.728,,,,
17452,10/30/19 05:59:38 PM,,,99.625,,,,,
17453,10/30/19 06:01:18 PM,107.144,18.806,,0.722,,,,
17454,10/30/19 06:01:38 PM,,,99.646,,,,,
17455,10/30/19 06:03:18 PM,107.074,18.806,,0.716,,,,
17456,10/30/19 06:03:38 PM,,,99.636,,,,,
17457,10/30/19 06:05:18 PM,107.004,18.806,,0.709,,,,
17458,10/30/19 06:05:38 PM,,,99.636,,,,,
17459,10/30/19 06:07:18 PM,106.887,18.806,,0.697,,,,
17460,10/30/19 06:07:38 PM,,,99.636,,,,,
17461,10/30/19 06:09:18 PM,106.805,18.806,,0.691,,,,
17462,10/30/19 06:09:38 PM,,,99.603,,,,,
17463,10/30/19 06:11:18 PM,106.711,18.806,,0.685,,,,
17464,10/30/19 06:11:38 PM,,,99.570,,,,,
17465,10/30/19 06:13:18 PM,106.676,18.806,,0.679,,,,
17466,10/30/19 06:13:38 PM,,,99.603,,,,,
17467,10/30/19 06:15:18 PM,106.579,18.711,,0.669,,,,
17468,10/30/19 06:15:38 PM,,,99.603,,,,,
17469,10/30/19 06:17:18 PM,106.532,18.711,,0.666,,,,
17470,10/30/19 06:17:38 PM,,,99.581,,,,,
17471,10/30/19 06:19:18 PM,106.462,18.711,,0.658,,,,
17472,10/30/19 06:19:38 PM,,,99.592,,,,,
17473,10/30/19 06:21:18 PM,106.474,18.711,,0.657,,,,
17474,10/30/19 06:21:38 PM,,,99.614,,,,,
17475,10/30/19 06:23:18 PM,106.392,18.711,,0.647,,,,
17476,10/30/19 06:23:38 PM,,,99.636,,,,,
17477,10/30/19 06:25:18 PM,106.369,18.711,,0.642,,,,
17478,10/30/19 06:25:38 PM,,,99.657,,,,,
17479,10/30/19 06:27:18 PM,106.310,18.711,,0.637,,,,
17480,10/30/19 06:27:38 PM,,,99.646,,,,,
17481,10/30/19 06:29:18 PM,106.228,18.711,,0.628,,,,
17482,10/30/19 06:29:38 PM,,,99.657,,,,,
17483,10/30/19 06:31:18 PM,106.240,18.711,,0.624,,,,
17484,10/30/19 06:31:38 PM,,,99.712,,,,,
17485,10/30/19 06:33:18 PM,106.181,18.711,,0.616,,,,
17486,10/30/19 06:33:38 PM,,,99.723,,,,,
17487,10/30/19 06:35:18 PM,106.135,18.711,,0.610,,,,
17488,10/30/19 06:35:38 PM,,,99.734,,,,,
17489,10/30/19 06:37:18 PM,106.053,18.711,,0.601,,,,
17490,10/30/19 06:37:38 PM,,,99.745,,,,,
17491,10/30/19 06:39:18 PM,105.994,18.711,,0.594,,,,
17492,10/30/19 06:39:38 PM,,,99.745,,,,,
17493,10/30/19 06:41:18 PM,105.936,18.711,,0.589,,,,
17494,10/30/19 06:41:38 PM,,,99.734,,,,,
17495,10/30/19 06:43:18 PM,105.877,18.711,,0.585,,,,
17496,10/30/19 06:43:38 PM,,,99.723,,,,,
17497,10/30/19 06:45:18 PM,105.760,18.711,,0.575,,,,
17498,10/30/19 06:45:38 PM,,,99.701,,,,,
17499,10/30/19 06:47:18 PM,105.678,18.711,,0.566,,,,
17500,10/30/19 06:47:38 PM,,,99.712,,,,,
17501,10/30/19 06:49:18 PM,105.620,18.711,,0.561,,,,
17502,10/30/19 06:49:38 PM,,,99.690,,,,,
17503,10/30/19 06:51:18 PM,105.515,18.711,,0.552,,,,
17504,10/30/19 06:51:38 PM,,,99.679,,,,,
17505,10/30/19 06:53:18 PM,105.433,18.711,,0.543,,,,
17506,10/30/19 06:53:38 PM,,,99.690,,,,,
17507,10/30/19 06:55:18 PM,105.363,18.711,,0.537,,,,
17508,10/30/19 06:55:38 PM,,,99.668,,,,,
17509,10/30/19 06:57:18 PM,105.269,18.711,,0.531,,,,
17510,10/30/19 06:57:38 PM,,,99.636,,,,,
17511,10/30/19 06:59:18 PM,105.210,18.711,,0.524,,,,
17512,10/30/19 06:59:38 PM,,,99.657,,,,,
17513,10/30/19 07:01:18 PM,105.175,18.711,,0.519,,,,
17514,10/30/19 07:01:38 PM,,,99.668,,,,,
17515,10/30/19 07:03:18 PM,105.105,18.711,,0.512,,,,
17516,10/30/19 07:03:38 PM,,,99.657,,,,,
17517,10/30/19 07:05:18 PM,105.047,18.711,,0.506,,,,
17518,10/30/19 07:05:38 PM,,,99.668,,,,,
17519,10/30/19 07:07:18 PM,105.012,18.711,,0.501,,,,
17520,10/30/19 07:07:38 PM,,,99.679,,,,,
17521,10/30/19 07:09:18 PM,104.977,18.711,,0.495,,,,
17522,10/30/19 07:09:38 PM,,,99.701,,,,,
17523,10/30/19 07:11:18 PM,104.930,18.711,,0.489,,,,
17524,10/30/19 07:11:38 PM,,,99.712,,,,,
17525,10/30/19 07:13:18 PM,104.860,18.711,,0.486,,,,
17526,10/30/19 07:13:38 PM,,,99.668,,,,,
17527,10/30/19 07:15:18 PM,104.789,18.711,,0.479,,,,
17528,10/30/19 07:15:38 PM,,,99.668,,,,,
17529,10/30/19 07:17:18 PM,104.766,18.711,,0.474,,,,
17530,10/30/19 07:17:38 PM,,,99.701,,,,,
17531,10/30/19 07:19:18 PM,104.719,18.711,,0.470,,,,
17532,10/30/19 07:19:38 PM,,,99.690,,,,,
17533,10/30/19 07:21:18 PM,104.661,18.711,,0.464,,,,
17534,10/30/19 07:21:38 PM,,,99.690,,,,,
17535,10/30/19 07:23:18 PM,104.649,18.711,,0.461,,,,
17536,10/30/19 07:23:38 PM,,,99.712,,,,,
17537,10/30/19 07:25:18 PM,104.579,18.711,,0.454,,,,
17538,10/30/19 07:25:38 PM,,,99.701,,,,,
17539,10/30/19 07:27:18 PM,104.520,18.711,,0.449,,,,
17540,10/30/19 07:27:38 PM,,,99.690,,,,,
17541,10/30/19 07:29:18 PM,104.520,18.711,,0.449,,,,
17542,10/30/19 07:29:38 PM,,,99.701,,,,,
17543,10/30/19 07:31:18 PM,104.474,18.711,,0.442,,,,
17544,10/30/19 07:31:38 PM,,,99.723,,,,,
17545,10/30/19 07:33:18 PM,104.439,18.711,,0.437,,,,
17546,10/30/19 07:33:38 PM,,,99.734,,,,,
17547,10/30/19 07:35:18 PM,104.415,18.711,,0.432,,,,
17548,10/30/19 07:35:38 PM,,,99.755,,,,,
17549,10/30/19 07:37:18 PM,104.415,18.711,,0.432,,,,
17550,10/30/19 07:37:38 PM,,,99.755,,,,,
17551,10/30/19 07:39:18 PM,104.357,18.711,,0.426,,,,
17552,10/30/19 07:39:38 PM,,,99.755,,,,,
17553,10/30/19 07:41:18 PM,104.310,18.711,,0.422,,,,
17554,10/30/19 07:41:38 PM,,,99.745,,,,,
17555,10/30/19 07:43:18 PM,104.287,18.711,,0.418,,,,
17556,10/30/19 07:43:38 PM,,,99.766,,,,,
17557,10/30/19 07:45:18 PM,104.263,18.711,,0.415,,,,
17558,10/30/19 07:45:38 PM,,,99.766,,,,,
17559,10/30/19 07:47:18 PM,104.228,18.711,,0.413,,,,
17560,10/30/19 07:47:38 PM,,,99.755,,,,,
17561,10/30/19 07:49:18 PM,104.181,18.711,,0.408,,,,
17562,10/30/19 07:49:38 PM,,,99.755,,,,,
17563,10/30/19 07:51:18 PM,104.193,18.711,,0.406,,,,
17564,10/30/19 07:51:38 PM,,,99.799,,,,,
17565,10/30/19 07:53:18 PM,104.205,18.711,,0.405,,,,
17566,10/30/19 07:53:38 PM,,,99.810,,,,,
17567,10/30/19 07:55:18 PM,104.146,18.711,,0.398,,,,
17568,10/30/19 07:55:38 PM,,,99.821,,,,,
17569,10/30/19 07:57:18 PM,104.099,18.711,,0.394,,,,
17570,10/30/19 07:57:38 PM,,,99.810,,,,,
17571,10/30/19 07:59:18 PM,104.076,18.711,,0.392,,,,
17572,10/30/19 07:59:38 PM,,,99.810,,,,,
17573,10/30/19 08:01:18 PM,104.076,18.711,,0.393,,,,
17574,10/30/19 08:01:38 PM,,,99.799,,,,,
17575,10/30/19 08:03:18 PM,103.994,18.711,,0.386,,,,
17576,10/30/19 08:03:38 PM,,,99.777,,,,,
17577,10/30/19 08:05:18 PM,103.983,18.711,,0.385,,,,
17578,10/30/19 08:05:38 PM,,,99.788,,,,,
17579,10/30/19 08:07:18 PM,103.983,18.711,,0.381,,,,
17580,10/30/19 08:07:38 PM,,,99.832,,,,,
17581,10/30/19 08:09:18 PM,103.994,18.711,,0.377,,,,
17582,10/30/19 08:09:38 PM,,,99.886,,,,,
17583,10/30/19 08:11:18 PM,103.936,18.711,,0.370,,,,
17584,10/30/19 08:11:38 PM,,,99.886,,,,,
17585,10/30/19 08:13:18 PM,103.901,18.711,,0.368,,,,
17586,10/30/19 08:13:38 PM,,,99.864,,,,,
17587,10/30/19 08:15:18 PM,103.831,18.711,,0.363,,,,
17588,10/30/19 08:15:38 PM,,,99.843,,,,,
17589,10/30/19 08:17:18 PM,103.807,18.711,,0.361,,,,
17590,10/30/19 08:17:38 PM,,,99.839,,,,,
17591,10/30/19 08:19:18 PM,103.784,18.711,,0.357,,,,
17592,10/30/19 08:19:38 PM,,,99.861,,,,,
17593,10/30/19 08:21:18 PM,103.760,18.711,,0.354,,,,
17594,10/30/19 08:21:38 PM,,,99.861,,,,,
17595,10/30/19 08:23:18 PM,103.690,18.711,,0.349,,,,
17596,10/30/19 08:23:38 PM,,,99.839,,,,,
17597,10/30/19 08:25:18 PM,103.675,18.616,,0.347,,,,
17598,10/30/19 08:25:38 PM,,,99.850,,,,,
17599,10/30/19 08:27:18 PM,103.628,18.616,,0.342,,,,
17600,10/30/19 08:27:38 PM,,,99.850,,,,,
17601,10/30/19 08:29:18 PM,103.605,18.616,,0.340,,,,
17602,10/30/19 08:29:38 PM,,,99.850,,,,,
17603,10/30/19 08:31:18 PM,103.582,18.616,,0.336,,,,
17604,10/30/19 08:31:38 PM,,,99.861,,,,,
17605,10/30/19 08:33:18 PM,103.593,18.616,,0.334,,,,
17606,10/30/19 08:33:38 PM,,,99.904,,,,,
17607,10/30/19 08:35:18 PM,103.605,18.616,,0.333,,,,
17608,10/30/19 08:35:38 PM,,,99.915,,,,,
17609,10/30/19 08:37:18 PM,103.558,18.616,,0.327,,,,
17610,10/30/19 08:37:38 PM,,,99.926,,,,,
17611,10/30/19 08:39:18 PM,103.511,18.616,,0.322,,,,
17612,10/30/19 08:39:38 PM,,,99.926,,,,,
17613,10/30/19 08:41:18 PM,103.453,18.616,,0.318,,,,
17614,10/30/19 08:41:38 PM,,,99.904,,,,,
17615,10/30/19 08:43:18 PM,103.430,18.616,,0.316,,,,
17616,10/30/19 08:43:38 PM,,,99.904,,,,,
17617,10/30/19 08:45:18 PM,103.430,18.616,,0.314,,,,
17618,10/30/19 08:45:38 PM,,,99.926,,,,,
17619,10/30/19 08:47:18 PM,103.406,18.616,,0.312,,,,
17620,10/30/19 08:47:38 PM,,,99.915,,,,,
17621,10/30/19 08:49:18 PM,103.383,18.616,,0.309,,,,
17622,10/30/19 08:49:38 PM,,,99.926,,,,,
17623,10/30/19 08:51:18 PM,103.348,18.616,,0.307,,,,
17624,10/30/19 08:51:38 PM,,,99.915,,,,,
17625,10/30/19 08:53:18 PM,103.289,18.616,,0.301,,,,
17626,10/30/19 08:53:38 PM,,,99.915,,,,,
17627,10/30/19 08:55:18 PM,103.254,18.616,,0.299,,,,
17628,10/30/19 08:55:38 PM,,,99.893,,,,,
17629,10/30/19 08:57:18 PM,103.243,18.616,,0.298,,,,
17630,10/30/19 08:57:38 PM,,,99.893,,,,,
17631,10/30/19 08:59:18 PM,103.207,18.616,,0.294,,,,
17632,10/30/19 08:59:38 PM,,,99.904,,,,,
17633,10/30/19 09:01:18 PM,103.219,18.616,,0.292,,,,
17634,10/30/19 09:01:38 PM,,,99.937,,,,,
17635,10/30/19 09:03:18 PM,103.184,18.616,,0.289,,,,
17636,10/30/19 09:03:38 PM,,,99.922,,,,,
17637,10/30/19 09:05:18 PM,103.172,18.616,,0.287,,,,
17638,10/30/19 09:05:38 PM,,,99.933,,,,,
17639,10/30/19 09:07:18 PM,103.184,18.616,,0.287,,,,
17640,10/30/19 09:07:38 PM,,,99.944,,,,,
17641,10/30/19 09:09:18 PM,103.137,18.616,,0.282,,,,
17642,10/30/19 09:09:38 PM,,,99.944,,,,,
17643,10/30/19 09:11:18 PM,103.126,18.616,,0.279,,,,
17644,10/30/19 09:11:38 PM,,,99.966,,,,,
17645,10/30/19 09:13:18 PM,103.114,18.616,,0.279,,,,
17646,10/30/19 09:13:38 PM,,,99.955,,,,,
17647,10/30/19 09:15:18 PM,103.079,18.616,,0.273,,,,
17648,10/30/19 09:15:38 PM,,,99.976,,,,,
17649,10/30/19 09:17:18 PM,103.055,18.616,,0.272,,,,
17650,10/30/19 09:17:38 PM,,,99.955,,,,,
17651,10/30/19 09:19:18 PM,103.020,18.616,,0.269,,,,
17652,10/30/19 09:19:38 PM,,,99.955,,,,,
17653,10/30/19 09:21:18 PM,102.997,18.616,,0.267,,,,
17654,10/30/19 09:21:38 PM,,,99.955,,,,,
17655,10/30/19 09:23:18 PM,102.985,18.616,,0.265,,,,
17656,10/30/19 09:23:38 PM,,,99.966,,,,,
17657,10/30/19 09:25:18 PM,102.985,18.616,,0.264,,,,
17658,10/30/19 09:25:38 PM,,,99.966,,,,,
17659,10/30/19 09:27:18 PM,102.974,18.616,,0.262,,,,
17660,10/30/19 09:27:38 PM,,,99.976,,,,,
17661,10/30/19 09:29:18 PM,102.950,18.616,,0.259,,,,
17662,10/30/19 09:29:38 PM,,,99.987,,,,,
17663,10/30/19 09:31:18 PM,102.927,18.616,,0.257,,,,
17664,10/30/19 09:31:38 PM,,,99.976,,,,,
17665,10/30/19 09:33:18 PM,102.888,18.521,,0.254,,,,
17666,10/30/19 09:33:38 PM,,,99.976,,,,,
17667,10/30/19 09:35:18 PM,102.877,18.521,,0.253,,,,
17668,10/30/19 09:35:38 PM,,,99.973,,,,,
17669,10/30/19 09:37:18 PM,102.865,18.521,,0.252,,,,
17670,10/30/19 09:37:38 PM,,,99.962,,,,,
17671,10/30/19 09:39:18 PM,102.830,18.521,,0.248,,,,
17672,10/30/19 09:39:38 PM,,,99.973,,,,,
17673,10/30/19 09:41:18 PM,102.807,18.521,,0.246,,,,
17674,10/30/19 09:41:38 PM,,,99.962,,,,,
17675,10/30/19 09:43:18 PM,102.783,18.521,,0.245,,,,
17676,10/30/19 09:43:38 PM,,,99.951,,,,,
17677,10/30/19 09:45:18 PM,102.725,18.521,,0.238,,,,
17678,10/30/19 09:45:38 PM,,,99.962,,,,,
17679,10/30/19 09:47:18 PM,102.713,18.521,,0.236,,,,
17680,10/30/19 09:47:38 PM,,,99.973,,,,,
17681,10/30/19 09:49:18 PM,102.701,18.521,,0.235,,,,
17682,10/30/19 09:49:38 PM,,,99.973,,,,,
17683,10/30/19 09:51:18 PM,102.690,18.521,,0.235,,,,
17684,10/30/19 09:51:38 PM,,,99.962,,,,,
17685,10/30/19 09:53:18 PM,102.666,18.521,,0.232,,,,
17686,10/30/19 09:53:38 PM,,,99.962,,,,,
17687,10/30/19 09:55:18 PM,102.643,18.521,,0.230,,,,
17688,10/30/19 09:55:38 PM,,,99.962,,,,,
17689,10/30/19 09:57:18 PM,102.655,18.521,,0.230,,,,
17690,10/30/19 09:57:38 PM,,,99.973,,,,,
17691,10/30/19 09:59:18 PM,102.631,18.521,,0.227,,,,
17692,10/30/19 09:59:38 PM,,,99.983,,,,,
17693,10/30/19 10:01:18 PM,102.620,18.521,,0.225,,,,
17694,10/30/19 10:01:38 PM,,,99.983,,,,,
17695,10/30/19 10:03:18 PM,102.631,18.521,,0.225,,,,
17696,10/30/19 10:03:38 PM,,,100.005,,,,,
17697,10/30/19 10:05:18 PM,102.608,18.521,,0.221,,,,
17698,10/30/19 10:05:38 PM,,,100.012,,,,,
17699,10/30/19 10:07:18 PM,102.620,18.521,,0.223,,,,
17700,10/30/19 10:07:38 PM,,,100.001,,,,,
17701,10/30/19 10:09:18 PM,102.585,18.521,,0.219,,,,
17702,10/30/19 10:09:38 PM,,,100.012,,,,,
17703,10/30/19 10:11:18 PM,102.585,18.521,,0.219,,,,
17704,10/30/19 10:11:38 PM,,,100.012,,,,,
17705,10/30/19 10:13:18 PM,102.550,18.521,,0.214,,,,
17706,10/30/19 10:13:38 PM,,,100.023,,,,,
17707,10/30/19 10:15:18 PM,102.526,18.521,,0.214,,,,
17708,10/30/19 10:15:38 PM,,,100.001,,,,,
17709,10/30/19 10:17:18 PM,102.488,18.426,,0.210,,,,
17710,10/30/19 10:17:38 PM,,,100.001,,,,,
17711,10/30/19 10:19:18 PM,102.488,18.426,,0.209,,,,
17712,10/30/19 10:19:38 PM,,,100.012,,,,,
17713,10/30/19 10:21:18 PM,102.499,18.426,,0.209,,,,
17714,10/30/19 10:21:38 PM,,,100.023,,,,,
17715,10/30/19 10:23:18 PM,102.499,18.426,,0.205,,,,
17716,10/30/19 10:23:38 PM,,,100.067,,,,,
17717,10/30/19 10:25:18 PM,102.476,18.426,,0.202,,,,
17718,10/30/19 10:25:38 PM,,,100.067,,,,,
17719,10/30/19 10:27:18 PM,102.476,18.426,,0.202,,,,
17720,10/30/19 10:27:38 PM,,,100.067,,,,,
17721,10/30/19 10:29:18 PM,102.418,18.426,,0.197,,,,
17722,10/30/19 10:29:38 PM,,,100.056,,,,,
17723,10/30/19 10:31:18 PM,102.394,18.426,,0.197,,,,
17724,10/30/19 10:31:38 PM,,,100.034,,,,,
17725,10/30/19 10:33:18 PM,102.418,18.426,,0.198,,,,
17726,10/30/19 10:33:38 PM,,,100.056,,,,,
17727,10/30/19 10:35:18 PM,102.406,18.426,,0.195,,,,
17728,10/30/19 10:35:38 PM,,,100.074,,,,,
17729,10/30/19 10:37:18 PM,102.406,18.426,,0.194,,,,
17730,10/30/19 10:37:38 PM,,,100.074,,,,,
17731,10/30/19 10:39:18 PM,102.418,18.426,,0.196,,,,
17732,10/30/19 10:39:38 PM,,,100.063,,,,,
17733,10/30/19 10:41:18 PM,102.394,18.426,,0.192,,,,
17734,10/30/19 10:41:38 PM,,,100.085,,,,,
17735,10/30/19 10:43:18 PM,102.394,18.426,,0.193,,,,
17736,10/30/19 10:43:38 PM,,,100.074,,,,,
17737,10/30/19 10:45:18 PM,102.347,18.426,,0.186,,,,
17738,10/30/19 10:45:38 PM,,,100.095,,,,,
17739,10/30/19 10:47:18 PM,102.359,18.426,,0.188,,,,
17740,10/30/19 10:47:38 PM,,,100.085,,,,,
17741,10/30/19 10:49:18 PM,102.347,18.426,,0.186,,,,
17742,10/30/19 10:49:38 PM,,,100.095,,,,,
17743,10/30/19 10:51:18 PM,102.312,18.426,,0.183,,,,
17744,10/30/19 10:51:38 PM,,,100.085,,,,,
17745,10/30/19 10:53:18 PM,102.277,18.426,,0.182,,,,
17746,10/30/19 10:53:38 PM,,,100.063,,,,,
17747,10/30/19 10:55:18 PM,102.262,18.331,,0.182,,,,
17748,10/30/19 10:55:38 PM,,,100.052,,,,,
17749,10/30/19 10:57:18 PM,102.262,18.331,,0.182,,,,
17750,10/30/19 10:57:38 PM,,,100.052,,,,,
17751,10/30/19 10:59:18 PM,102.274,18.331,,0.180,,,,
17752,10/30/19 10:59:38 PM,,,100.085,,,,,
17753,10/30/19 11:01:18 PM,102.251,18.331,,0.177,,,,
17754,10/30/19 11:01:38 PM,,,100.085,,,,,
17755,10/30/19 11:03:18 PM,102.251,18.331,,0.177,,,,
17756,10/30/19 11:03:38 PM,,,100.085,,,,,
17757,10/30/19 11:05:18 PM,102.227,18.331,,0.177,,,,
17758,10/30/19 11:05:38 PM,,,100.063,,,,,
17759,10/30/19 11:07:18 PM,102.216,18.331,,0.174,,,,
17760,10/30/19 11:07:38 PM,,,100.081,,,,,
17761,10/30/19 11:09:18 PM,102.227,18.331,,0.174,,,,
17762,10/30/19 11:09:38 PM,,,100.092,,,,,
17763,10/30/19 11:11:18 PM,102.192,18.331,,0.172,,,,
17764,10/30/19 11:11:38 PM,,,100.070,,,,,
17765,10/30/19 11:13:18 PM,102.169,18.331,,0.171,,,,
17766,10/30/19 11:13:38 PM,,,100.059,,,,,
17767,10/30/19 11:15:18 PM,102.145,18.331,,0.169,,,,
17768,10/30/19 11:15:38 PM,,,100.059,,,,,
17769,10/30/19 11:17:18 PM,102.157,18.331,,0.170,,,,
17770,10/30/19 11:17:38 PM,,,100.059,,,,,
17771,10/30/19 11:19:18 PM,102.157,18.331,,0.170,,,,
17772,10/30/19 11:19:38 PM,,,100.059,,,,,
17773,10/30/19 11:21:18 PM,102.134,18.331,,0.167,,,,
17774,10/30/19 11:21:38 PM,,,100.070,,,,,
17775,10/30/19 11:23:18 PM,102.110,18.331,,0.165,,,,
17776,10/30/19 11:23:38 PM,,,100.059,,,,,
17777,10/30/19 11:25:18 PM,102.110,18.331,,0.165,,,,
17778,10/30/19 11:25:38 PM,,,100.070,,,,,
17779,10/30/19 11:27:18 PM,102.099,18.331,,0.164,,,,
17780,10/30/19 11:27:38 PM,,,100.059,,,,,
17781,10/30/19 11:29:18 PM,102.072,18.236,,0.162,,,,
17782,10/30/19 11:29:38 PM,,,100.059,,,,,
17783,10/30/19 11:31:18 PM,102.095,18.236,,0.164,,,,
17784,10/30/19 11:31:38 PM,,,100.059,,,,,
17785,10/30/19 11:33:18 PM,102.060,18.236,,0.160,,,,
17786,10/30/19 11:33:38 PM,,,100.070,,,,,
17787,10/30/19 11:35:18 PM,102.060,18.236,,0.158,,,,
17788,10/30/19 11:35:38 PM,,,100.081,,,,,
17789,10/30/19 11:37:18 PM,102.072,18.236,,0.159,,,,
17790,10/30/19 11:37:38 PM,,,100.088,,,,,
17791,10/30/19 11:39:18 PM,102.049,18.236,,0.157,,,,
17792,10/30/19 11:39:38 PM,,,100.077,,,,,
17793,10/30/19 11:41:18 PM,102.049,18.236,,0.157,,,,
17794,10/30/19 11:41:38 PM,,,100.088,,,,,
17795,10/30/19 11:43:18 PM,102.049,18.236,,0.157,,,,
17796,10/30/19 11:43:38 PM,,,100.077,,,,,
17797,10/30/19 11:45:18 PM,102.025,18.236,,0.154,,,,
17798,10/30/19 11:45:38 PM,,,100.088,,,,,
17799,10/30/19 11:47:18 PM,102.025,18.236,,0.154,,,,
17800,10/30/19 11:47:38 PM,,,100.088,,,,,
17801,10/30/19 11:49:18 PM,101.978,18.236,,0.149,,,,
17802,10/30/19 11:49:38 PM,,,100.088,,,,,
17803,10/30/19 11:51:18 PM,101.978,18.236,,0.152,,,,
17804,10/30/19 11:51:38 PM,,,100.055,,,,,
17805,10/30/19 11:53:18 PM,101.955,18.236,,0.152,,,,
17806,10/30/19 11:53:38 PM,,,100.033,,,,,
17807,10/30/19 11:55:18 PM,101.920,18.236,,0.148,,,,
17808,10/30/19 11:55:38 PM,,,100.044,,,,,
17809,10/30/19 11:57:18 PM,101.955,18.236,,0.152,,,,
17810,10/30/19 11:57:38 PM,,,100.033,,,,,
17811,10/30/19 11:59:18 PM,101.932,18.236,,0.150,,,,
17812,10/30/19 11:59:38 PM,,,100.033,,,,,
17813,10/31/19 12:01:18 AM,101.932,18.236,,0.149,,,,
17814,10/31/19 12:01:38 AM,,,100.044,,,,,
17815,10/31/19 12:03:18 AM,101.908,18.236,,0.147,,,,
17816,10/31/19 12:03:38 AM,,,100.033,,,,,
17817,10/31/19 12:05:18 AM,101.905,18.140,,0.147,,,,
17818,10/31/19 12:05:38 AM,,,100.033,,,,,
17819,10/31/19 12:07:18 AM,101.870,18.140,,0.143,,,,
17820,10/31/19 12:07:38 AM,,,100.044,,,,,
17821,10/31/19 12:09:18 AM,101.893,18.140,,0.144,,,,
17822,10/31/19 12:09:38 AM,,,100.055,,,,,
17823,10/31/19 12:11:18 AM,101.882,18.140,,0.142,,,,
17824,10/31/19 12:11:38 AM,,,100.066,,,,,
17825,10/31/19 12:13:18 AM,101.905,18.140,,0.142,,,,
17826,10/31/19 12:13:38 AM,,,100.088,,,,,
17827,10/31/19 12:15:18 AM,101.928,18.140,,0.144,,,,
17828,10/31/19 12:15:38 AM,,,100.088,,,,,
17829,10/31/19 12:17:18 AM,101.905,18.140,,0.142,,,,
17830,10/31/19 12:17:38 AM,,,100.084,,,,,
17831,10/31/19 12:19:18 AM,101.893,18.140,,0.139,,,,
17832,10/31/19 12:19:38 AM,,,100.105,,,,,
17833,10/31/19 12:21:18 AM,101.893,18.140,,0.139,,,,
17834,10/31/19 12:21:38 AM,,,100.105,,,,,
17835,10/31/19 12:23:18 AM,101.870,18.140,,0.136,,,,
17836,10/31/19 12:23:38 AM,,,100.105,,,,,
17837,10/31/19 12:25:18 AM,101.882,18.140,,0.138,,,,
17838,10/31/19 12:25:38 AM,,,100.105,,,,,
17839,10/31/19 12:27:18 AM,101.847,18.140,,0.134,,,,
17840,10/31/19 12:27:38 AM,,,100.105,,,,,
17841,10/31/19 12:29:18 AM,101.882,18.140,,0.138,,,,
17842,10/31/19 12:29:38 AM,,,100.105,,,,,
17843,10/31/19 12:31:18 AM,101.847,18.140,,0.134,,,,
17844,10/31/19 12:31:38 AM,,,100.105,,,,,
17845,10/31/19 12:33:18 AM,101.870,18.140,,0.136,,,,
17846,10/31/19 12:33:38 AM,,,100.105,,,,,
17847,10/31/19 12:35:18 AM,101.847,18.140,,0.133,,,,
17848,10/31/19 12:35:38 AM,,,100.116,,,,,
17849,10/31/19 12:37:18 AM,101.835,18.140,,0.133,,,,
17850,10/31/19 12:37:38 AM,,,100.105,,,,,
17851,10/31/19 12:39:18 AM,101.858,18.140,,0.134,,,,
17852,10/31/19 12:39:38 AM,,,100.116,,,,,
17853,10/31/19 12:41:18 AM,101.847,18.140,,0.133,,,,
17854,10/31/19 12:41:38 AM,,,100.116,,,,,
17855,10/31/19 12:43:18 AM,101.823,18.140,,0.130,,,,
17856,10/31/19 12:43:38 AM,,,100.116,,,,,
17857,10/31/19 12:45:18 AM,101.823,18.140,,0.130,,,,
17858,10/31/19 12:45:38 AM,,,100.116,,,,,
17859,10/31/19 12:47:18 AM,101.823,18.140,,0.129,,,,
17860,10/31/19 12:47:38 AM,,,100.127,,,,,
17861,10/31/19 12:49:18 AM,101.800,18.140,,0.128,,,,
17862,10/31/19 12:49:38 AM,,,100.116,,,,,
17863,10/31/19 12:51:18 AM,101.812,18.140,,0.129,,,,
17864,10/31/19 12:51:38 AM,,,100.116,,,,,
17865,10/31/19 12:53:18 AM,101.797,18.045,,0.126,,,,
17866,10/31/19 12:53:38 AM,,,100.138,,,,,
17867,10/31/19 12:55:18 AM,101.808,18.045,,0.127,,,,
17868,10/31/19 12:55:38 AM,,,100.138,,,,,
17869,10/31/19 12:57:18 AM,101.797,18.045,,0.125,,,,
17870,10/31/19 12:57:38 AM,,,100.149,,,,,
17871,10/31/19 12:59:18 AM,101.808,18.045,,0.125,,,,
17872,10/31/19 12:59:38 AM,,,100.160,,,,,
17873,10/31/19 01:01:18 AM,101.820,18.045,,0.127,,,,
17874,10/31/19 01:01:38 AM,,,100.138,,,,,
17875,10/31/19 01:03:18 AM,101.797,18.045,,0.126,,,,
17876,10/31/19 01:03:38 AM,,,100.127,,,,,
17877,10/31/19 01:05:18 AM,101.773,18.045,,0.126,,,,
17878,10/31/19 01:05:38 AM,,,100.105,,,,,
17879,10/31/19 01:07:18 AM,101.761,18.045,,0.125,,,,
17880,10/31/19 01:07:38 AM,,,100.112,,,,,
17881,10/31/19 01:09:18 AM,101.738,18.045,,0.120,,,,
17882,10/31/19 01:09:38 AM,,,100.134,,,,,
17883,10/31/19 01:11:18 AM,101.738,18.045,,0.121,,,,
17884,10/31/19 01:11:38 AM,,,100.123,,,,,
17885,10/31/19 01:13:18 AM,101.750,18.045,,0.124,,,,
17886,10/31/19 01:13:38 AM,,,100.102,,,,,
17887,10/31/19 01:15:18 AM,101.738,18.045,,0.123,,,,
17888,10/31/19 01:15:38 AM,,,100.102,,,,,
17889,10/31/19 01:17:18 AM,101.750,18.045,,0.124,,,,
17890,10/31/19 01:17:38 AM,,,100.102,,,,,
17891,10/31/19 01:19:18 AM,101.726,18.045,,0.122,,,,
17892,10/31/19 01:19:38 AM,,,100.102,,,,,
17893,10/31/19 01:21:18 AM,101.750,18.045,,0.124,,,,
17894,10/31/19 01:21:38 AM,,,100.102,,,,,
17895,10/31/19 01:23:18 AM,101.691,18.045,,0.117,,,,
17896,10/31/19 01:23:38 AM,,,100.123,,,,,
17897,10/31/19 01:25:18 AM,101.668,18.045,,0.116,,,,
17898,10/31/19 01:25:38 AM,,,100.102,,,,,
17899,10/31/19 01:27:18 AM,101.691,18.045,,0.118,,,,
17900,10/31/19 01:27:38 AM,,,100.102,,,,,
17901,10/31/19 01:29:18 AM,101.668,18.045,,0.116,,,,
17902,10/31/19 01:29:38 AM,,,100.102,,,,,
17903,10/31/19 01:31:18 AM,101.691,18.045,,0.117,,,,
17904,10/31/19 01:31:38 AM,,,100.123,,,,,
17905,10/31/19 01:33:18 AM,101.703,18.045,,0.116,,,,
17906,10/31/19 01:33:38 AM,,,100.145,,,,,
17907,10/31/19 01:35:18 AM,101.691,18.045,,0.113,,,,
17908,10/31/19 01:35:38 AM,,,100.156,,,,,
17909,10/31/19 01:37:18 AM,101.715,18.045,,0.115,,,,
17910,10/31/19 01:37:38 AM,,,100.156,,,,,
17911,10/31/19 01:39:18 AM,101.691,18.045,,0.115,,,,
17912,10/31/19 01:39:38 AM,,,100.134,,,,,
17913,10/31/19 01:41:18 AM,101.668,18.045,,0.113,,,,
17914,10/31/19 01:41:38 AM,,,100.134,,,,,
17915,10/31/19 01:43:18 AM,101.645,18.045,,0.112,,,,
17916,10/31/19 01:43:38 AM,,,100.112,,,,,
17917,10/31/19 01:45:18 AM,101.633,18.045,,0.110,,,,
17918,10/31/19 01:45:38 AM,,,100.123,,,,,
17919,10/31/19 01:47:18 AM,101.645,18.045,,0.113,,,,
17920,10/31/19 01:47:38 AM,,,100.102,,,,,
17921,10/31/19 01:49:18 AM,101.633,18.045,,0.112,,,,
17922,10/31/19 01:49:38 AM,,,100.102,,,,,
17923,10/31/19 01:51:18 AM,101.645,18.045,,0.114,,,,
17924,10/31/19 01:51:38 AM,,,100.102,,,,,
17925,10/31/19 01:53:18 AM,101.618,17.950,,0.110,,,,
17926,10/31/19 01:53:38 AM,,,100.112,,,,,
17927,10/31/19 01:55:18 AM,101.583,17.950,,0.108,,,,
17928,10/31/19 01:55:38 AM,,,100.091,,,,,
17929,10/31/19 01:57:18 AM,101.598,18.045,,0.110,,,,
17930,10/31/19 01:57:38 AM,,,100.091,,,,,
17931,10/31/19 01:59:18 AM,101.583,17.950,,0.108,,,,
17932,10/31/19 01:59:38 AM,,,100.091,,,,,
17933,10/31/19 02:01:18 AM,101.560,17.950,,0.107,,,,
17934,10/31/19 02:01:38 AM,,,100.080,,,,,
17935,10/31/19 02:03:18 AM,101.548,17.950,,0.105,,,,
17936,10/31/19 02:03:38 AM,,,100.091,,,,,
17937,10/31/19 02:05:18 AM,101.571,17.950,,0.108,,,,
17938,10/31/19 02:05:38 AM,,,100.087,,,,,
17939,10/31/19 02:07:18 AM,101.560,17.950,,0.107,,,,
17940,10/31/19 02:07:38 AM,,,100.087,,,,,
17941,10/31/19 02:09:18 AM,101.548,17.950,,0.107,,,,
17942,10/31/19 02:09:38 AM,,,100.065,,,,,
17943,10/31/19 02:11:18 AM,101.560,17.950,,0.108,,,,
17944,10/31/19 02:11:38 AM,,,100.076,,,,,
17945,10/31/19 02:13:18 AM,101.536,17.950,,0.103,,,,
17946,10/31/19 02:13:38 AM,,,100.098,,,,,
17947,10/31/19 02:15:18 AM,101.548,17.950,,0.105,,,,
17948,10/31/19 02:15:38 AM,,,100.087,,,,,
17949,10/31/19 02:17:18 AM,101.536,17.950,,0.104,,,,
17950,10/31/19 02:17:38 AM,,,100.087,,,,,
17951,10/31/19 02:19:18 AM,101.489,17.950,,0.101,,,,
17952,10/31/19 02:19:38 AM,,,100.065,,,,,
17953,10/31/19 02:21:18 AM,101.501,17.950,,0.103,,,,
17954,10/31/19 02:21:38 AM,,,100.065,,,,,
17955,10/31/19 02:23:18 AM,101.489,17.950,,0.102,,,,
17956,10/31/19 02:23:38 AM,,,100.065,,,,,
17957,10/31/19 02:25:18 AM,101.524,17.950,,0.103,,,,
17958,10/31/19 02:25:38 AM,,,100.087,,,,,
17959,10/31/19 02:27:18 AM,101.524,17.950,,0.104,,,,
17960,10/31/19 02:27:38 AM,,,100.076,,,,,
17961,10/31/19 02:29:18 AM,101.524,17.950,,0.104,,,,
17962,10/31/19 02:29:38 AM,,,100.076,,,,,
17963,10/31/19 02:31:18 AM,101.524,17.950,,0.103,,,,
17964,10/31/19 02:31:38 AM,,,100.087,,,,,
17965,10/31/19 02:33:18 AM,101.513,17.950,,0.103,,,,
17966,10/31/19 02:33:38 AM,,,100.076,,,,,
17967,10/31/19 02:35:18 AM,101.501,17.950,,0.101,,,,
17968,10/31/19 02:35:38 AM,,,100.087,,,,,
17969,10/31/19 02:37:18 AM,101.478,17.950,,0.099,,,,
17970,10/31/19 02:37:38 AM,,,100.076,,,,,
17971,10/31/19 02:39:18 AM,101.454,17.950,,0.098,,,,
17972,10/31/19 02:39:38 AM,,,100.065,,,,,
17973,10/31/19 02:41:18 AM,101.489,17.950,,0.101,,,,
17974,10/31/19 02:41:38 AM,,,100.076,,,,,
17975,10/31/19 02:43:18 AM,101.513,17.950,,0.103,,,,
17976,10/31/19 02:43:38 AM,,,100.076,,,,,
17977,10/31/19 02:45:18 AM,101.513,17.950,,0.101,,,,
17978,10/31/19 02:45:38 AM,,,100.098,,,,,
17979,10/31/19 02:47:18 AM,101.478,17.950,,0.096,,,,
17980,10/31/19 02:47:38 AM,,,100.109,,,,,
17981,10/31/19 02:49:18 AM,101.489,17.950,,0.096,,,,
17982,10/31/19 02:49:38 AM,,,100.119,,,,,
17983,10/31/19 02:51:18 AM,101.489,17.950,,0.096,,,,
17984,10/31/19 02:51:38 AM,,,100.115,,,,,
17985,10/31/19 02:53:18 AM,101.513,17.950,,0.099,,,,
17986,10/31/19 02:53:38 AM,,,100.115,,,,,
17987,10/31/19 02:55:18 AM,101.524,17.950,,0.100,,,,
17988,10/31/19 02:55:38 AM,,,100.115,,,,,
17989,10/31/19 02:57:18 AM,101.501,17.950,,0.098,,,,
17990,10/31/19 02:57:38 AM,,,100.115,,,,,
17991,10/31/19 02:59:18 AM,101.466,17.950,,0.095,,,,
17992,10/31/19 02:59:38 AM,,,100.105,,,,,
17993,10/31/19 03:01:18 AM,101.489,17.950,,0.097,,,,
17994,10/31/19 03:01:38 AM,,,100.115,,,,,
17995,10/31/19 03:03:18 AM,101.466,17.950,,0.095,,,,
17996,10/31/19 03:03:38 AM,,,100.105,,,,,
17997,10/31/19 03:05:18 AM,101.489,17.950,,0.097,,,,
17998,10/31/19 03:05:38 AM,,,100.105,,,,,
17999,10/31/19 03:07:18 AM,101.489,17.950,,0.097,,,,
18000,10/31/19 03:07:38 AM,,,100.115,,,,,
18001,10/31/19 03:09:18 AM,101.463,17.855,,0.093,,,,
18002,10/31/19 03:09:38 AM,,,100.126,,,,,
18003,10/31/19 03:11:18 AM,101.466,17.950,,0.092,,,,
18004,10/31/19 03:11:38 AM,,,100.137,,,,,
18005,10/31/19 03:13:18 AM,101.486,17.855,,0.094,,,,
18006,10/31/19 03:13:38 AM,,,100.137,,,,,
18007,10/31/19 03:15:18 AM,101.474,17.855,,0.093,,,,
18008,10/31/19 03:15:38 AM,,,100.137,,,,,
18009,10/31/19 03:17:18 AM,101.509,17.855,,0.096,,,,
18010,10/31/19 03:17:38 AM,,,100.137,,,,,
18011,10/31/19 03:19:18 AM,101.486,17.855,,0.092,,,,
18012,10/31/19 03:19:38 AM,,,100.159,,,,,
18013,10/31/19 03:21:18 AM,101.498,17.855,,0.094,,,,
18014,10/31/19 03:21:38 AM,,,100.148,,,,,
18015,10/31/19 03:23:18 AM,101.509,17.855,,0.094,,,,
18016,10/31/19 03:23:38 AM,,,100.159,,,,,
18017,10/31/19 03:25:18 AM,101.498,17.855,,0.093,,,,
18018,10/31/19 03:25:38 AM,,,100.159,,,,,
18019,10/31/19 03:27:18 AM,101.509,17.855,,0.093,,,,
18020,10/31/19 03:27:38 AM,,,100.166,,,,,
18021,10/31/19 03:29:18 AM,101.474,17.855,,0.090,,,,
18022,10/31/19 03:29:38 AM,,,100.166,,,,,
18023,10/31/19 03:31:18 AM,101.498,17.855,,0.092,,,,
18024,10/31/19 03:31:38 AM,,,100.166,,,,,
18025,10/31/19 03:33:18 AM,101.533,17.855,,0.095,,,,
18026,10/31/19 03:33:38 AM,,,100.177,,,,,
18027,10/31/19 03:35:18 AM,101.509,17.855,,0.090,,,,
18028,10/31/19 03:35:38 AM,,,100.199,,,,,
18029,10/31/19 03:37:18 AM,101.521,17.855,,0.092,,,,
18030,10/31/19 03:37:38 AM,,,100.188,,,,,
18031,10/31/19 03:39:18 AM,101.521,17.855,,0.091,,,,
18032,10/31/19 03:39:38 AM,,,100.199,,,,,
18033,10/31/19 03:41:18 AM,101.556,17.855,,0.095,,,,
18034,10/31/19 03:41:38 AM,,,100.199,,,,,
18035,10/31/19 03:43:18 AM,101.521,17.855,,0.091,,,,
18036,10/31/19 03:43:38 AM,,,100.199,,,,,
18037,10/31/19 03:45:18 AM,101.486,17.855,,0.088,,,,
18038,10/31/19 03:45:38 AM,,,100.199,,,,,
18039,10/31/19 03:47:18 AM,101.498,17.855,,0.089,,,,
18040,10/31/19 03:47:38 AM,,,100.199,,,,,
18041,10/31/19 03:49:18 AM,101.486,17.855,,0.088,,,,
18042,10/31/19 03:49:38 AM,,,100.199,,,,,
18043,10/31/19 03:51:18 AM,101.509,17.855,,0.090,,,,
18044,10/31/19 03:51:38 AM,,,100.199,,,,,
18045,10/31/19 03:53:18 AM,101.494,17.760,,0.087,,,,
18046,10/31/19 03:53:38 AM,,,100.210,,,,,
18047,10/31/19 03:55:18 AM,101.506,17.760,,0.087,,,,
18048,10/31/19 03:55:38 AM,,,100.231,,,,,
18049,10/31/19 03:57:18 AM,101.506,17.760,,0.087,,,,
18050,10/31/19 03:57:38 AM,,,100.221,,,,,
18051,10/31/19 03:59:18 AM,101.494,17.760,,0.086,,,,
18052,10/31/19 03:59:38 AM,,,100.221,,,,,
18053,10/31/19 04:01:18 AM,101.506,17.760,,0.087,,,,
18054,10/31/19 04:01:38 AM,,,100.221,,,,,
18055,10/31/19 04:03:18 AM,101.494,17.760,,0.086,,,,
18056,10/31/19 04:03:38 AM,,,100.221,,,,,
18057,10/31/19 04:05:18 AM,101.506,17.760,,0.089,,,,
18058,10/31/19 04:05:38 AM,,,100.199,,,,,
18059,10/31/19 04:07:18 AM,101.506,17.760,,0.088,,,,
18060,10/31/19 04:07:38 AM,,,100.221,,,,,
18061,10/31/19 04:09:18 AM,101.506,17.760,,0.087,,,,
18062,10/31/19 04:09:38 AM,,,100.221,,,,,
18063,10/31/19 04:11:18 AM,101.506,17.760,,0.086,,,,
18064,10/31/19 04:11:38 AM,,,100.242,,,,,
18065,10/31/19 04:13:18 AM,101.506,17.760,,0.085,,,,
18066,10/31/19 04:13:38 AM,,,100.242,,,,,
18067,10/31/19 04:15:18 AM,101.541,17.760,,0.087,,,,
18068,10/31/19 04:15:38 AM,,,100.264,,,,,
18069,10/31/19 04:17:18 AM,101.483,17.760,,0.081,,,,
18070,10/31/19 04:17:38 AM,,,100.253,,,,,
18071,10/31/19 04:19:18 AM,101.471,17.760,,0.082,,,,
18072,10/31/19 04:19:38 AM,,,100.238,,,,,
18073,10/31/19 04:21:18 AM,101.448,17.760,,0.080,,,,
18074,10/31/19 04:21:38 AM,,,100.228,,,,,
18075,10/31/19 04:23:18 AM,101.459,17.760,,0.083,,,,
18076,10/31/19 04:23:38 AM,,,100.217,,,,,
18077,10/31/19 04:25:18 AM,101.436,17.760,,0.081,,,,
18078,10/31/19 04:25:38 AM,,,100.206,,,,,
18079,10/31/19 04:27:18 AM,101.459,17.760,,0.084,,,,
18080,10/31/19 04:27:38 AM,,,100.206,,,,,
18081,10/31/19 04:29:18 AM,101.448,17.760,,0.083,,,,
18082,10/31/19 04:29:38 AM,,,100.206,,,,,
18083,10/31/19 04:31:18 AM,101.436,17.760,,0.079,,,,
18084,10/31/19 04:31:38 AM,,,100.238,,,,,
18085,10/31/19 04:33:18 AM,101.471,17.760,,0.081,,,,
18086,10/31/19 04:33:38 AM,,,100.249,,,,,
18087,10/31/19 04:35:18 AM,101.448,17.760,,0.079,,,,
18088,10/31/19 04:35:38 AM,,,100.249,,,,,
18089,10/31/19 04:37:18 AM,101.479,17.665,,0.083,,,,
18090,10/31/19 04:37:38 AM,,,100.228,,,,,
18091,10/31/19 04:39:18 AM,101.456,17.665,,0.081,,,,
18092,10/31/19 04:39:38 AM,,,100.238,,,,,
18093,10/31/19 04:41:18 AM,101.468,17.665,,0.082,,,,
18094,10/31/19 04:41:38 AM,,,100.238,,,,,
18095,10/31/19 04:43:18 AM,101.491,17.665,,0.083,,,,
18096,10/31/19 04:43:38 AM,,,100.249,,,,,
18097,10/31/19 04:45:18 AM,101.503,17.665,,0.084,,,,
18098,10/31/19 04:45:38 AM,,,100.249,,,,,
18099,10/31/19 04:47:18 AM,101.468,17.665,,0.080,,,,
18100,10/31/19 04:47:38 AM,,,100.260,,,,,
18101,10/31/19 04:49:18 AM,101.468,17.665,,0.078,,,,
18102,10/31/19 04:49:38 AM,,,100.271,,,,,
18103,10/31/19 04:51:18 AM,101.444,17.665,,0.077,,,,
18104,10/31/19 04:51:38 AM,,,100.260,,,,,
18105,10/31/19 04:53:18 AM,101.468,17.665,,0.079,,,,
18106,10/31/19 04:53:38 AM,,,100.260,,,,,
18107,10/31/19 04:55:18 AM,101.433,17.665,,0.075,,,,
18108,10/31/19 04:55:38 AM,,,100.271,,,,,
18109,10/31/19 04:57:18 AM,101.479,17.665,,0.081,,,,
18110,10/31/19 04:57:38 AM,,,100.249,,,,,
18111,10/31/19 04:59:18 AM,101.444,17.665,,0.078,,,,
18112,10/31/19 04:59:38 AM,,,100.245,,,,,
18113,10/31/19 05:01:18 AM,101.444,17.665,,0.079,,,,
18114,10/31/19 05:01:38 AM,,,100.245,,,,,
18115,10/31/19 05:03:18 AM,101.444,17.665,,0.079,,,,
18116,10/31/19 05:03:38 AM,,,100.235,,,,,
18117,10/31/19 05:05:18 AM,101.421,17.665,,0.078,,,,
18118,10/31/19 05:05:38 AM,,,100.224,,,,,
18119,10/31/19 05:07:18 AM,101.409,17.665,,0.077,,,,
18120,10/31/19 05:07:38 AM,,,100.224,,,,,
18121,10/31/19 05:09:18 AM,101.386,17.665,,0.077,,,,
18122,10/31/19 05:09:38 AM,,,100.202,,,,,
18123,10/31/19 05:11:18 AM,101.374,17.665,,0.076,,,,
18124,10/31/19 05:11:38 AM,,,100.202,,,,,
18125,10/31/19 05:13:18 AM,101.386,17.665,,0.075,,,,
18126,10/31/19 05:13:38 AM,,,100.224,,,,,
18127,10/31/19 05:15:18 AM,101.409,17.665,,0.077,,,,
18128,10/31/19 05:15:38 AM,,,100.224,,,,,
18129,10/31/19 05:17:18 AM,101.429,17.570,,0.079,,,,
18130,10/31/19 05:17:38 AM,,,100.224,,,,,
18131,10/31/19 05:19:18 AM,101.394,17.570,,0.076,,,,
18132,10/31/19 05:19:38 AM,,,100.224,,,,,
18133,10/31/19 05:21:18 AM,101.406,17.570,,0.077,,,,
18134,10/31/19 05:21:38 AM,,,100.224,,,,,
18135,10/31/19 05:23:18 AM,101.383,17.570,,0.075,,,,
18136,10/31/19 05:23:38 AM,,,100.213,,,,,
18137,10/31/19 05:25:18 AM,101.371,17.570,,0.076,,,,
18138,10/31/19 05:25:38 AM,,,100.191,,,,,
18139,10/31/19 05:27:18 AM,101.356,17.475,,0.075,,,,
18140,10/31/19 05:27:38 AM,,,100.191,,,,,
18141,10/31/19 05:29:18 AM,101.344,17.475,,0.074,,,,
18142,10/31/19 05:29:38 AM,,,100.191,,,,,
18143,10/31/19 05:31:18 AM,101.321,17.475,,0.072,,,,
18144,10/31/19 05:31:38 AM,,,100.180,,,,,
18145,10/31/19 05:33:18 AM,101.344,17.475,,0.073,,,,
18146,10/31/19 05:33:38 AM,,,100.202,,,,,
18147,10/31/19 05:35:18 AM,101.368,17.475,,0.074,,,,
18148,10/31/19 05:35:38 AM,,,100.213,,,,,
18149,10/31/19 05:37:18 AM,101.356,17.475,,0.073,,,,
18150,10/31/19 05:37:38 AM,,,100.213,,,,,
18151,10/31/19 05:39:18 AM,101.388,17.379,,0.074,,,,
18152,10/31/19 05:39:38 AM,,,100.235,,,,,
18153,10/31/19 05:41:18 AM,101.388,17.379,,0.074,,,,
18154,10/31/19 05:41:38 AM,,,100.231,,,,,
18155,10/31/19 05:43:18 AM,101.341,17.379,,0.069,,,,
18156,10/31/19 05:43:38 AM,,,100.241,,,,,
18157,10/31/19 05:45:18 AM,101.364,17.379,,0.071,,,,
18158,10/31/19 05:45:38 AM,,,100.241,,,,,
18159,10/31/19 05:47:18 AM,101.376,17.379,,0.071,,,,
18160,10/31/19 05:47:38 AM,,,100.252,,,,,
18161,10/31/19 05:49:18 AM,101.388,17.379,,0.072,,,,
18162,10/31/19 05:49:38 AM,,,100.252,,,,,
18163,10/31/19 05:51:18 AM,101.376,17.379,,0.072,,,,
18164,10/31/19 05:51:38 AM,,,100.241,,,,,
18165,10/31/19 05:53:18 AM,101.411,17.379,,0.075,,,,
18166,10/31/19 05:53:38 AM,,,100.252,,,,,
18167,10/31/19 05:55:18 AM,101.353,17.379,,0.068,,,,
18168,10/31/19 05:55:38 AM,,,100.263,,,,,
18169,10/31/19 05:57:18 AM,101.376,17.379,,0.071,,,,
18170,10/31/19 05:57:38 AM,,,100.252,,,,,
18171,10/31/19 05:59:18 AM,101.384,17.284,,0.072,,,,
18172,10/31/19 05:59:38 AM,,,100.252,,,,,
18173,10/31/19 06:01:18 AM,101.373,17.284,,0.071,,,,
18174,10/31/19 06:01:38 AM,,,100.252,,,,,
18175,10/31/19 06:03:18 AM,101.373,17.284,,0.071,,,,
18176,10/31/19 06:03:38 AM,,,100.252,,,,,
18177,10/31/19 06:05:18 AM,101.361,17.284,,0.068,,,,
18178,10/31/19 06:05:38 AM,,,100.263,,,,,
18179,10/31/19 06:07:18 AM,101.349,17.284,,0.068,,,,
18180,10/31/19 06:07:38 AM,,,100.252,,,,,
18181,10/31/19 06:09:18 AM,101.384,17.284,,0.070,,,,
18182,10/31/19 06:09:38 AM,,,100.274,,,,,
18183,10/31/19 06:11:18 AM,101.373,17.284,,0.068,,,,
18184,10/31/19 06:11:38 AM,,,100.274,,,,,
18185,10/31/19 06:13:18 AM,101.338,17.284,,0.065,,,,
18186,10/31/19 06:13:38 AM,,,100.270,,,,,
18187,10/31/19 06:15:18 AM,101.349,17.284,,0.065,,,,
18188,10/31/19 06:15:38 AM,,,100.281,,,,,
18189,10/31/19 06:17:18 AM,101.361,17.284,,0.067,,,,
18190,10/31/19 06:17:38 AM,,,100.270,,,,,
18191,10/31/19 06:19:18 AM,101.361,17.284,,0.067,,,,
18192,10/31/19 06:19:38 AM,,,100.281,,,,,
18193,10/31/19 06:21:18 AM,101.323,17.189,,0.063,,,,
18194,10/31/19 06:21:38 AM,,,100.270,,,,,
18195,10/31/19 06:23:18 AM,101.358,17.189,,0.067,,,,
18196,10/31/19 06:23:38 AM,,,100.270,,,,,
18197,10/31/19 06:25:18 AM,101.334,17.189,,0.064,,,,
18198,10/31/19 06:25:38 AM,,,100.281,,,,,
18199,10/31/19 06:27:18 AM,101.334,17.189,,0.064,,,,
18200,10/31/19 06:27:38 AM,,,100.281,,,,,
18201,10/31/19 06:29:18 AM,101.369,17.189,,0.065,,,,
18202,10/31/19 06:29:38 AM,,,100.303,,,,,
18203,10/31/19 06:31:18 AM,101.369,17.189,,0.064,,,,
18204,10/31/19 06:31:38 AM,,,100.314,,,,,
18205,10/31/19 06:33:18 AM,101.404,17.189,,0.066,,,,
18206,10/31/19 06:33:38 AM,,,100.325,,,,,
18207,10/31/19 06:35:18 AM,101.404,17.189,,0.066,,,,
18208,10/31/19 06:35:38 AM,,,100.325,,,,,
18209,10/31/19 06:37:18 AM,101.404,17.189,,0.065,,,,
18210,10/31/19 06:37:38 AM,,,100.336,,,,,
18211,10/31/19 06:39:18 AM,101.393,17.189,,0.063,,,,
18212,10/31/19 06:39:38 AM,,,100.347,,,,,
18213,10/31/19 06:41:18 AM,101.393,17.189,,0.064,,,,
18214,10/31/19 06:41:38 AM,,,100.332,,,,,
18215,10/31/19 06:43:18 AM,101.416,17.189,,0.067,,,,
18216,10/31/19 06:43:38 AM,,,100.332,,,,,
18217,10/31/19 06:45:18 AM,101.393,17.189,,0.063,,,,
18218,10/31/19 06:45:38 AM,,,100.354,,,,,
18219,10/31/19 06:47:18 AM,101.404,17.189,,0.064,,,,
18220,10/31/19 06:47:38 AM,,,100.343,,,,,
18221,10/31/19 06:49:18 AM,101.369,17.189,,0.062,,,,
18222,10/31/19 06:49:38 AM,,,100.332,,,,,
18223,10/31/19 06:51:18 AM,101.354,17.094,,0.059,,,,
18224,10/31/19 06:51:38 AM,,,100.343,,,,,
18225,10/31/19 06:53:18 AM,101.378,17.094,,0.062,,,,
18226,10/31/19 06:53:38 AM,,,100.343,,,,,
18227,10/31/19 06:55:18 AM,101.424,17.094,,0.066,,,,
18228,10/31/19 06:55:38 AM,,,100.343,,,,,
18229,10/31/19 06:57:18 AM,101.401,17.094,,0.062,,,,
18230,10/31/19 06:57:38 AM,,,100.364,,,,,
18231,10/31/19 06:59:18 AM,101.436,17.094,,0.066,,,,
18232,10/31/19 06:59:38 AM,,,100.354,,,,,
18233,10/31/19 07:01:18 AM,101.354,17.094,,0.057,,,,
18234,10/31/19 07:01:38 AM,,,100.364,,,,,
18235,10/31/19 07:03:18 AM,101.354,17.094,,0.057,,,,
18236,10/31/19 07:03:38 AM,,,100.364,,,,,
18237,10/31/19 07:05:18 AM,101.389,17.094,,0.060,,,,
18238,10/31/19 07:05:38 AM,,,100.375,,,,,
18239,10/31/19 07:07:18 AM,101.354,17.094,,0.054,,,,
18240,10/31/19 07:07:38 AM,,,100.397,,,,,
18241,10/31/19 07:09:18 AM,101.401,17.094,,0.060,,,,
18242,10/31/19 07:09:38 AM,,,100.382,,,,,
18243,10/31/19 07:11:18 AM,101.424,17.094,,0.062,,,,
18244,10/31/19 07:11:38 AM,,,100.382,,,,,
18245,10/31/19 07:13:18 AM,101.413,17.094,,0.062,,,,
18246,10/31/19 07:13:38 AM,,,100.371,,,,,
18247,10/31/19 07:15:18 AM,101.436,17.094,,0.064,,,,
18248,10/31/19 07:15:38 AM,,,100.382,,,,,
18249,10/31/19 07:17:18 AM,101.401,17.094,,0.060,,,,
18250,10/31/19 07:17:38 AM,,,100.382,,,,,
18251,10/31/19 07:19:18 AM,101.413,17.094,,0.061,,,,
18252,10/31/19 07:19:38 AM,,,100.382,,,,,
18253,10/31/19 07:21:18 AM,101.401,17.094,,0.059,,,,
18254,10/31/19 07:21:38 AM,,,100.393,,,,,
18255,10/31/19 07:23:18 AM,101.413,17.094,,0.060,,,,
18256,10/31/19 07:23:38 AM,,,100.393,,,,,
18257,10/31/19 07:25:18 AM,101.436,17.094,,0.062,,,,
18258,10/31/19 07:25:38 AM,,,100.404,,,,,
18259,10/31/19 07:27:18 AM,101.413,17.094,,0.059,,,,
18260,10/31/19 07:27:38 AM,,,100.404,,,,,
18261,10/31/19 07:29:18 AM,101.378,17.094,,0.056,,,,
18262,10/31/19 07:29:38 AM,,,100.404,,,,,
18263,10/31/19 07:31:18 AM,101.389,17.094,,0.057,,,,
18264,10/31/19 07:31:38 AM,,,100.404,,,,,
18265,10/31/19 07:33:18 AM,101.354,17.094,,0.052,,,,
18266,10/31/19 07:33:38 AM,,,100.415,,,,,
18267,10/31/19 07:35:18 AM,101.378,17.094,,0.054,,,,
18268,10/31/19 07:35:38 AM,,,100.415,,,,,
18269,10/31/19 07:37:18 AM,101.378,17.094,,0.054,,,,
18270,10/31/19 07:37:38 AM,,,100.415,,,,,
18271,10/31/19 07:39:18 AM,101.401,17.094,,0.055,,,,
18272,10/31/19 07:39:38 AM,,,100.437,,,,,
18273,10/31/19 07:41:18 AM,101.413,17.094,,0.057,,,,
18274,10/31/19 07:41:38 AM,,,100.426,,,,,
18275,10/31/19 07:43:18 AM,101.436,17.094,,0.060,,,,
18276,10/31/19 07:43:38 AM,,,100.415,,,,,
18277,10/31/19 07:45:18 AM,101.378,17.094,,0.053,,,,
18278,10/31/19 07:45:38 AM,,,100.426,,,,,
18279,10/31/19 07:47:18 AM,101.389,17.094,,0.055,,,,
18280,10/31/19 07:47:38 AM,,,100.415,,,,,
18281,10/31/19 07:49:18 AM,101.401,17.094,,0.056,,,,
18282,10/31/19 07:49:38 AM,,,100.426,,,,,
18283,10/31/19 07:51:18 AM,101.378,17.094,,0.054,,,,
18284,10/31/19 07:51:38 AM,,,100.415,,,,,
18285,10/31/19 07:53:18 AM,101.354,17.094,,0.053,,,,
18286,10/31/19 07:53:38 AM,,,100.408,,,,,
18287,10/31/19 07:55:18 AM,101.389,17.094,,0.056,,,,
18288,10/31/19 07:55:38 AM,,,100.408,,,,,
18289,10/31/19 07:57:18 AM,101.354,17.094,,0.054,,,,
18290,10/31/19 07:57:38 AM,,,100.397,,,,,
18291,10/31/19 07:59:18 AM,101.331,17.094,,0.051,,,,
18292,10/31/19 07:59:38 AM,,,100.397,,,,,
18293,10/31/19 08:01:18 AM,101.343,17.094,,0.052,,,,
18294,10/31/19 08:01:38 AM,,,100.408,,,,,
18295,10/31/19 08:03:18 AM,101.354,17.094,,0.055,,,,
18296,10/31/19 08:03:38 AM,,,100.386,,,,,
18297,10/31/19 08:05:18 AM,101.308,17.094,,0.050,,,,
18298,10/31/19 08:05:38 AM,,,100.386,,,,,
18299,10/31/19 08:07:18 AM,101.331,17.094,,0.052,,,,
18300,10/31/19 08:07:38 AM,,,100.397,,,,,
18301,10/31/19 08:09:18 AM,101.296,17.094,,0.050,,,,
18302,10/31/19 08:09:38 AM,,,100.375,,,,,
18303,10/31/19 08:11:18 AM,101.319,17.094,,0.052,,,,
18304,10/31/19 08:11:38 AM,,,100.375,,,,,
18305,10/31/19 08:13:18 AM,101.284,17.094,,0.049,,,,
18306,10/31/19 08:13:38 AM,,,100.379,,,,,
18307,10/31/19 08:15:18 AM,101.276,17.189,,0.050,,,,
18308,10/31/19 08:15:38 AM,,,100.357,,,,,
18309,10/31/19 08:17:18 AM,101.253,17.189,,0.048,,,,
18310,10/31/19 08:17:38 AM,,,100.347,,,,,
18311,10/31/19 08:19:18 AM,101.311,17.189,,0.054,,,,
18312,10/31/19 08:19:38 AM,,,100.357,,,,,
18313,10/31/19 08:21:18 AM,101.288,17.189,,0.053,,,,
18314,10/31/19 08:21:38 AM,,,100.336,,,,,
18315,10/31/19 08:23:18 AM,101.221,17.284,,0.046,,,,
18316,10/31/19 08:23:38 AM,,,100.336,,,,,
18317,10/31/19 08:25:18 AM,101.244,17.284,,0.049,,,,
18318,10/31/19 08:25:38 AM,,,100.336,,,,,
18319,10/31/19 08:27:18 AM,101.248,17.379,,0.049,,,,
18320,10/31/19 08:27:38 AM,,,100.336,,,,,
18321,10/31/19 08:29:18 AM,101.271,17.379,,0.052,,,,
18322,10/31/19 08:29:38 AM,,,100.336,,,,,
18323,10/31/19 08:31:18 AM,101.251,17.475,,0.050,,,,
18324,10/31/19 08:31:38 AM,,,100.329,,,,,
18325,10/31/19 08:33:18 AM,101.266,17.570,,0.052,,,,
18326,10/31/19 08:33:38 AM,,,100.329,,,,,
18327,10/31/19 08:35:18 AM,101.164,17.665,,0.041,,,,
18328,10/31/19 08:35:38 AM,,,100.329,,,,,
18329,10/31/19 08:37:18 AM,101.237,17.760,,0.049,,,,
18330,10/31/19 08:37:38 AM,,,100.329,,,,,
18331,10/31/19 08:39:18 AM,101.214,17.760,,0.046,,,,
18332,10/31/19 08:39:38 AM,,,100.329,,,,,
18333,10/31/19 08:41:18 AM,101.217,17.855,,0.046,,,,
18334,10/31/19 08:41:38 AM,,,100.340,,,,,
18335,10/31/19 08:43:18 AM,101.229,17.855,,0.046,,,,
18336,10/31/19 08:43:38 AM,,,100.350,,,,,
18337,10/31/19 08:45:18 AM,101.209,17.950,,0.045,,,,
18338,10/31/19 08:45:38 AM,,,100.340,,,,,
18339,10/31/19 08:47:18 AM,101.232,17.950,,0.046,,,,
18340,10/31/19 08:47:38 AM,,,100.350,,,,,
18341,10/31/19 08:49:18 AM,101.247,18.045,,0.047,,,,
18342,10/31/19 08:49:38 AM,,,100.354,,,,,
18343,10/31/19 08:51:18 AM,101.262,18.140,,0.050,,,,
18344,10/31/19 08:51:38 AM,,,100.343,,,,,
18345,10/31/19 08:53:18 AM,101.216,18.140,,0.045,,,,
18346,10/31/19 08:53:38 AM,,,100.343,,,,,
18347,10/31/19 08:55:18 AM,101.254,18.236,,0.047,,,,
18348,10/31/19 08:55:38 AM,,,100.365,,,,,
18349,10/31/19 08:57:18 AM,101.266,18.236,,0.048,,,,
18350,10/31/19 08:57:38 AM,,,100.365,,,,,
18351,10/31/19 08:59:18 AM,101.231,18.236,,0.043,,,,
18352,10/31/19 08:59:38 AM,,,100.387,,,,,
18353,10/31/19 09:01:18 AM,101.269,18.331,,0.048,,,,
18354,10/31/19 09:01:38 AM,,,100.365,,,,,
18355,10/31/19 09:03:18 AM,101.211,18.331,,0.043,,,,
18356,10/31/19 09:03:38 AM,,,100.354,,,,,
18357,10/31/19 09:05:18 AM,101.237,18.426,,0.046,,,,
18358,10/31/19 09:05:38 AM,,,100.354,,,,,
18359,10/31/19 09:07:18 AM,101.214,18.426,,0.043,,,,
18360,10/31/19 09:07:38 AM,,,100.369,,,,,
18361,10/31/19 09:09:18 AM,101.206,18.521,,0.042,,,,
18362,10/31/19 09:09:38 AM,,,100.369,,,,,
18363,10/31/19 09:11:18 AM,101.171,18.521,,0.040,,,,
18364,10/31/19 09:11:38 AM,,,100.347,,,,,
18365,10/31/19 09:13:18 AM,101.209,18.616,,0.044,,,,
18366,10/31/19 09:13:38 AM,,,100.347,,,,,
18367,10/31/19 09:15:18 AM,101.221,18.616,,0.046,,,,
18368,10/31/19 09:15:38 AM,,,100.337,,,,,
18369,10/31/19 09:17:18 AM,101.189,18.711,,0.043,,,,
18370,10/31/19 09:17:38 AM,,,100.337,,,,,
18371,10/31/19 09:19:18 AM,101.177,18.711,,0.040,,,,
18372,10/31/19 09:19:38 AM,,,100.358,,,,,
18373,10/31/19 09:21:18 AM,101.181,18.806,,0.040,,,,
18374,10/31/19 09:21:38 AM,,,100.358,,,,,
18375,10/31/19 09:23:18 AM,101.216,18.806,,0.044,,,,
18376,10/31/19 09:23:38 AM,,,100.351,,,,,
18377,10/31/19 09:25:18 AM,101.227,18.806,,0.044,,,,
18378,10/31/19 09:25:38 AM,,,100.373,,,,,
18379,10/31/19 09:27:18 AM,101.219,18.901,,0.042,,,,
18380,10/31/19 09:27:38 AM,,,100.373,,,,,
18381,10/31/19 09:29:18 AM,101.222,18.996,,0.042,,,,
18382,10/31/19 09:29:38 AM,,,100.384,,,,,
18383,10/31/19 09:31:18 AM,101.292,18.996,,0.049,,,,
18384,10/31/19 09:31:38 AM,,,100.384,,,,,
18385,10/31/19 09:33:18 AM,101.234,18.996,,0.042,,,,
18386,10/31/19 09:33:38 AM,,,100.395,,,,,
18387,10/31/19 09:35:18 AM,101.222,18.996,,0.040,,,,
18388,10/31/19 09:35:38 AM,,,100.406,,,,,
18389,10/31/19 09:37:18 AM,101.269,18.996,,0.045,,,,
18390,10/31/19 09:37:38 AM,,,100.395,,,,,
18391,10/31/19 09:39:18 AM,101.257,18.996,,0.043,,,,
18392,10/31/19 09:39:38 AM,,,100.406,,,,,
18393,10/31/19 09:41:18 AM,101.261,19.092,,0.042,,,,
18394,10/31/19 09:41:38 AM,,,100.421,,,,,
18395,10/31/19 09:43:18 AM,101.229,19.187,,0.039,,,,
18396,10/31/19 09:43:38 AM,,,100.421,,,,,
18397,10/31/19 09:45:18 AM,101.241,19.187,,0.037,,,,
18398,10/31/19 09:45:38 AM,,,100.453,,,,,
18399,10/31/19 09:47:18 AM,101.252,19.187,,0.038,,,,
18400,10/31/19 09:47:38 AM,,,100.453,,,,,
18401,10/31/19 09:49:18 AM,101.264,19.187,,0.040,,,,
18402,10/31/19 09:49:38 AM,,,100.442,,,,,
18403,10/31/19 09:51:18 AM,101.232,19.282,,0.034,,,,
18404,10/31/19 09:51:38 AM,,,100.475,,,,,
18405,10/31/19 09:53:18 AM,101.267,19.282,,0.038,,,,
18406,10/31/19 09:53:38 AM,,,100.464,,,,,
18407,10/31/19 09:55:18 AM,101.267,19.282,,0.036,,,,
18408,10/31/19 09:55:38 AM,,,100.490,,,,,
18409,10/31/19 09:57:18 AM,101.291,19.282,,0.038,,,,
18410,10/31/19 09:57:38 AM,,,100.490,,,,,
18411,10/31/19 09:59:18 AM,101.282,19.377,,0.037,,,,
18412,10/31/19 09:59:38 AM,,,100.490,,,,,
18413,10/31/19 10:01:18 AM,101.306,19.377,,0.038,,,,
18414,10/31/19 10:01:38 AM,,,100.501,,,,,
18415,10/31/19 10:03:18 AM,101.286,19.472,,0.035,,,,
18416,10/31/19 10:03:38 AM,,,100.512,,,,,
18417,10/31/19 10:05:18 AM,101.297,19.472,,0.037,,,,
18418,10/31/19 10:05:38 AM,,,100.501,,,,,
18419,10/31/19 10:07:18 AM,101.297,19.472,,0.038,,,,
18420,10/31/19 10:07:38 AM,,,100.490,,,,,
18421,10/31/19 10:09:18 AM,101.313,19.567,,0.039,,,,
18422,10/31/19 10:09:38 AM,,,100.501,,,,,
18423,10/31/19 10:11:18 AM,101.289,19.567,,0.038,,,,
18424,10/31/19 10:11:38 AM,,,100.479,,,,,
18425,10/31/19 10:13:18 AM,101.313,19.567,,0.039,,,,
18426,10/31/19 10:13:38 AM,,,100.505,,,,,
18427,10/31/19 10:15:18 AM,101.269,19.662,,0.035,,,,
18428,10/31/19 10:15:38 AM,,,100.494,,,,,
18429,10/31/19 10:17:18 AM,101.296,19.758,,0.037,,,,
18430,10/31/19 10:17:38 AM,,,100.505,,,,,
18431,10/31/19 10:19:18 AM,101.272,19.758,,0.035,,,,
18432,10/31/19 10:19:38 AM,,,100.494,,,,,
18433,10/31/19 10:21:18 AM,101.284,19.758,,0.037,,,,
18434,10/31/19 10:21:38 AM,,,100.494,,,,,
18435,10/31/19 10:23:18 AM,101.264,19.853,,0.037,,,,
18436,10/31/19 10:23:38 AM,,,100.472,,,,,
18437,10/31/19 10:25:18 AM,101.241,19.853,,0.035,,,,
18438,10/31/19 10:25:38 AM,,,100.472,,,,,
18439,10/31/19 10:27:18 AM,101.264,19.853,,0.037,,,,
18440,10/31/19 10:27:38 AM,,,100.472,,,,,
18441,10/31/19 10:29:18 AM,101.268,19.948,,0.037,,,,
18442,10/31/19 10:29:38 AM,,,100.476,,,,,
18443,10/31/19 10:31:18 AM,101.221,19.948,,0.030,,,,
18444,10/31/19 10:31:38 AM,,,100.498,,,,,
18445,10/31/19 10:33:18 AM,101.244,19.948,,0.032,,,,
18446,10/31/19 10:33:38 AM,,,100.498,,,,,
18447,10/31/19 10:35:18 AM,101.252,19.853,,0.033,,,,
18448,10/31/19 10:35:38 AM,,,100.498,,,,,
18449,10/31/19 10:37:18 AM,101.232,19.948,,0.033,,,,
18450,10/31/19 10:37:38 AM,,,100.476,,,,,
18451,10/31/19 10:39:18 AM,101.256,19.948,,0.036,,,,
18452,10/31/19 10:39:38 AM,,,100.476,,,,,
18453,10/31/19 10:41:18 AM,101.256,19.948,,0.035,,,,
18454,10/31/19 10:41:38 AM,,,100.487,,,,,
18455,10/31/19 10:43:18 AM,101.256,19.948,,0.035,,,,
18456,10/31/19 10:43:38 AM,,,100.480,,,,,
18457,10/31/19 10:45:18 AM,101.232,19.948,,0.034,,,,
18458,10/31/19 10:45:38 AM,,,100.469,,,,,
18459,10/31/19 10:47:18 AM,101.212,20.043,,0.031,,,,
18460,10/31/19 10:47:38 AM,,,100.480,,,,,
18461,10/31/19 10:49:18 AM,101.227,20.138,,0.033,,,,
18462,10/31/19 10:49:38 AM,,,100.469,,,,,
18463,10/31/19 10:51:18 AM,101.224,20.043,,0.034,,,,
18464,10/31/19 10:51:38 AM,,,100.458,,,,,
18465,10/31/19 10:53:18 AM,101.169,20.138,,0.028,,,,
18466,10/31/19 10:53:38 AM,,,100.469,,,,,
18467,10/31/19 10:55:18 AM,101.207,20.234,,0.031,,,,
18468,10/31/19 10:55:38 AM,,,100.469,,,,,
18469,10/31/19 10:57:18 AM,101.192,20.138,,0.032,,,,
18470,10/31/19 10:57:38 AM,,,100.447,,,,,
18471,10/31/19 10:59:18 AM,101.216,20.138,,0.034,,,,
18472,10/31/19 10:59:38 AM,,,100.451,,,,,
18473,10/31/19 11:01:18 AM,101.169,20.138,,0.029,,,,
18474,10/31/19 11:01:38 AM,,,100.451,,,,,
18475,10/31/19 11:03:18 AM,101.172,20.234,,0.030,,,,
18476,10/31/19 11:03:38 AM,,,100.451,,,,,
18477,10/31/19 11:05:18 AM,101.169,20.138,,0.030,,,,
18478,10/31/19 11:05:38 AM,,,100.440,,,,,
18479,10/31/19 11:07:18 AM,101.169,20.138,,0.029,,,,
18480,10/31/19 11:07:38 AM,,,100.462,,,,,
18481,10/31/19 11:09:18 AM,101.181,20.138,,0.030,,,,
18482,10/31/19 11:09:38 AM,,,100.462,,,,,
18483,10/31/19 11:11:18 AM,101.166,20.043,,0.027,,,,
18484,10/31/19 11:11:38 AM,,,100.473,,,,,
18485,10/31/19 11:13:18 AM,101.192,20.138,,0.032,,,,
18486,10/31/19 11:13:38 AM,,,100.440,,,,,
18487,10/31/19 11:15:18 AM,101.192,20.138,,0.033,,,,
18488,10/31/19 11:15:38 AM,,,100.440,,,,,
18489,10/31/19 11:17:18 AM,101.149,20.234,,0.028,,,,
18490,10/31/19 11:17:38 AM,,,100.444,,,,,
18491,10/31/19 11:19:18 AM,101.172,20.234,,0.030,,,,
18492,10/31/19 11:19:38 AM,,,100.444,,,,,
18493,10/31/19 11:21:18 AM,101.161,20.234,,0.029,,,,
18494,10/31/19 11:21:38 AM,,,100.444,,,,,
18495,10/31/19 11:23:18 AM,101.114,20.234,,0.025,,,,
18496,10/31/19 11:23:38 AM,,,100.433,,,,,
18497,10/31/19 11:25:18 AM,101.137,20.234,,0.029,,,,
18498,10/31/19 11:25:38 AM,,,100.422,,,,,
18499,10/31/19 11:27:18 AM,101.117,20.329,,0.027,,,,
18500,10/31/19 11:27:38 AM,,,100.422,,,,,
18501,10/31/19 11:29:18 AM,101.101,20.519,,0.025,,,,
18502,10/31/19 11:29:38 AM,,,100.422,,,,,
18503,10/31/19 11:31:18 AM,101.124,20.519,,0.028,,,,
18504,10/31/19 11:31:38 AM,,,100.422,,,,,
18505,10/31/19 11:33:18 AM,101.096,20.710,,0.025,,,,
18506,10/31/19 11:33:38 AM,,,100.422,,,,,
18507,10/31/19 11:35:18 AM,101.087,20.805,,0.023,,,,
18508,10/31/19 11:35:38 AM,,,100.433,,,,,
18509,10/31/19 11:37:18 AM,101.119,20.710,,0.028,,,,
18510,10/31/19 11:37:38 AM,,,100.412,,,,,
18511,10/31/19 11:39:18 AM,101.107,20.710,,0.025,,,,
18512,10/31/19 11:39:38 AM,,,100.433,,,,,
18513,10/31/19 11:41:18 AM,101.122,20.805,,0.026,,,,
18514,10/31/19 11:41:38 AM,,,100.437,,,,,
18515,10/31/19 11:43:18 AM,101.114,20.901,,0.026,,,,
18516,10/31/19 11:43:38 AM,,,100.426,,,,,
18517,10/31/19 11:45:18 AM,101.102,20.901,,0.024,,,,
18518,10/31/19 11:45:38 AM,,,100.437,,,,,
18519,10/31/19 11:47:18 AM,101.091,20.901,,0.022,,,,
18520,10/31/19 11:47:38 AM,,,100.448,,,,,
18521,10/31/19 11:49:18 AM,101.114,20.901,,0.024,,,,
18522,10/31/19 11:49:38 AM,,,100.448,,,,,
18523,10/31/19 11:51:18 AM,101.111,20.805,,0.025,,,,
18524,10/31/19 11:51:38 AM,,,100.437,,,,,
18525,10/31/19 11:53:18 AM,101.079,20.901,,0.021,,,,
18526,10/31/19 11:53:38 AM,,,100.448,,,,,
18527,10/31/19 11:55:18 AM,101.102,20.901,,0.023,,,,
18528,10/31/19 11:55:38 AM,,,100.448,,,,,
18529,10/31/19 11:57:18 AM,101.094,20.996,,0.021,,,,
18530,10/31/19 11:57:38 AM,,,100.459,,,,,
18531,10/31/19 11:59:18 AM,101.082,20.996,,0.022,,,,
18532,10/31/19 11:59:38 AM,,,100.437,,,,,
18533,10/31/19 12:01:18 PM,101.071,20.996,,0.021,,,,
18534,10/31/19 12:01:38 PM,,,100.437,,,,,
18535,10/31/19 12:03:18 PM,101.074,21.091,,0.021,,,,
18536,10/31/19 12:03:38 PM,,,100.441,,,,,
18537,10/31/19 12:05:18 PM,101.109,21.091,,0.023,,,,
18538,10/31/19 12:05:38 PM,,,100.452,,,,,
18539,10/31/19 12:07:18 PM,101.086,21.091,,0.021,,,,
18540,10/31/19 12:07:38 PM,,,100.452,,,,,
18541,10/31/19 12:09:18 PM,101.086,21.091,,0.021,,,,
18542,10/31/19 12:09:38 PM,,,100.452,,,,,
18543,10/31/19 12:11:18 PM,101.074,21.091,,0.020,,,,
18544,10/31/19 12:11:38 PM,,,100.452,,,,,
18545,10/31/19 12:13:18 PM,101.081,21.282,,0.018,,,,
18546,10/31/19 12:13:38 PM,,,100.474,,,,,
18547,10/31/19 12:15:18 PM,101.096,21.378,,0.021,,,,
18548,10/31/19 12:15:38 PM,,,100.463,,,,,
18549,10/31/19 12:17:18 PM,101.064,21.473,,0.018,,,,
18550,10/31/19 12:17:38 PM,,,100.452,,,,,
18551,10/31/19 12:19:18 PM,101.056,21.569,,0.017,,,,
18552,10/31/19 12:19:38 PM,,,100.467,,,,,
18553,10/31/19 12:21:18 PM,101.071,21.664,,0.019,,,,
18554,10/31/19 12:21:38 PM,,,100.456,,,,,
18555,10/31/19 12:23:18 PM,101.056,21.569,,0.019,,,,
18556,10/31/19 12:23:38 PM,,,100.434,,,,,
18557,10/31/19 12:25:18 PM,101.044,21.569,,0.017,,,,
18558,10/31/19 12:25:38 PM,,,100.445,,,,,
18559,10/31/19 12:27:18 PM,101.068,21.569,,0.022,,,,
18560,10/31/19 12:27:38 PM,,,100.423,,,,,
18561,10/31/19 12:29:18 PM,101.064,21.473,,0.020,,,,
18562,10/31/19 12:29:38 PM,,,100.445,,,,,
18563,10/31/19 12:31:18 PM,101.041,21.473,,0.018,,,,
18564,10/31/19 12:31:38 PM,,,100.434,,,,,
18565,10/31/19 12:33:18 PM,101.044,21.569,,0.018,,,,
18566,10/31/19 12:33:38 PM,,,100.434,,,,,
18567,10/31/19 12:35:18 PM,101.004,21.760,,0.014,,,,
18568,10/31/19 12:35:38 PM,,,100.434,,,,,
18569,10/31/19 12:37:18 PM,100.993,21.760,,0.013,,,,
18570,10/31/19 12:37:38 PM,,,100.434,,,,,
18571,10/31/19 12:39:18 PM,101.028,21.760,,0.017,,,,
18572,10/31/19 12:39:38 PM,,,100.434,,,,,
18573,10/31/19 12:41:18 PM,101.016,21.760,,0.014,,,,
18574,10/31/19 12:41:38 PM,,,100.449,,,,,
18575,10/31/19 12:43:18 PM,101.036,21.664,,0.016,,,,
18576,10/31/19 12:43:38 PM,,,100.449,,,,,
18577,10/31/19 12:45:18 PM,101.036,21.664,,0.016,,,,
18578,10/31/19 12:45:38 PM,,,100.449,,,,,
18579,10/31/19 12:47:18 PM,101.024,21.664,,0.016,,,,
18580,10/31/19 12:47:38 PM,,,100.438,,,,,
18581,10/31/19 12:49:18 PM,101.024,21.664,,0.016,,,,
18582,10/31/19 12:49:38 PM,,,100.438,,,,,
18583,10/31/19 12:51:18 PM,101.024,21.664,,0.015,,,,
18584,10/31/19 12:51:38 PM,,,100.449,,,,,
18585,10/31/19 12:53:18 PM,101.001,21.664,,0.012,,,,
18586,10/31/19 12:53:38 PM,,,100.449,,,,,
18587,10/31/19 12:55:18 PM,101.001,21.664,,0.014,,,,
18588,10/31/19 12:55:38 PM,,,100.427,,,,,
18589,10/31/19 12:57:18 PM,101.004,21.760,,0.015,,,,
18590,10/31/19 12:57:38 PM,,,100.427,,,,,
18591,10/31/19 12:59:18 PM,101.004,21.760,,0.015,,,,
18592,10/31/19 12:59:38 PM,,,100.427,,,,,
18593,10/31/19 01:01:18 PM,100.981,21.760,,0.012,,,,
18594,10/31/19 01:01:38 PM,,,100.431,,,,,
18595,10/31/19 01:03:18 PM,100.981,21.760,,0.014,,,,
18596,10/31/19 01:03:38 PM,,,100.409,,,,,
18597,10/31/19 01:05:18 PM,100.969,21.760,,0.014,,,,
18598,10/31/19 01:05:38 PM,,,100.399,,,,,
18599,10/31/19 01:07:18 PM,100.961,21.855,,0.014,,,,
18600,10/31/19 01:07:38 PM,,,100.388,,,,,
18601,10/31/19 01:09:18 PM,100.973,21.855,,0.015,,,,
18602,10/31/19 01:09:38 PM,,,100.399,,,,,
18603,10/31/19 01:11:18 PM,100.969,21.760,,0.013,,,,
18604,10/31/19 01:11:38 PM,,,100.409,,,,,
18605,10/31/19 01:13:18 PM,100.981,21.760,,0.015,,,,
18606,10/31/19 01:13:38 PM,,,100.409,,,,,
18607,10/31/19 01:15:18 PM,100.961,21.855,,0.012,,,,
18608,10/31/19 01:15:38 PM,,,100.409,,,,,
18609,10/31/19 01:17:18 PM,100.949,21.855,,0.011,,,,
18610,10/31/19 01:17:38 PM,,,100.409,,,,,
18611,10/31/19 01:19:18 PM,100.941,21.951,,0.010,,,,
18612,10/31/19 01:19:38 PM,,,100.409,,,,,
18613,10/31/19 01:21:18 PM,100.953,21.951,,0.011,,,,
18614,10/31/19 01:21:38 PM,,,100.420,,,,,
18615,10/31/19 01:23:18 PM,100.941,21.951,,0.010,,,,
18616,10/31/19 01:23:38 PM,,,100.409,,,,,
18617,10/31/19 01:25:18 PM,100.933,22.046,,0.008,,,,
18618,10/31/19 01:25:38 PM,,,100.424,,,,,
18619,10/31/19 01:27:18 PM,100.979,22.046,,0.014,,,,
18620,10/31/19 01:27:38 PM,,,100.413,,,,,
18621,10/31/19 01:29:18 PM,100.968,22.046,,0.013,,,,
18622,10/31/19 01:29:38 PM,,,100.413,,,,,
18623,10/31/19 01:31:18 PM,100.983,22.142,,0.014,,,,
18624,10/31/19 01:31:38 PM,,,100.413,,,,,
18625,10/31/19 01:33:18 PM,100.936,22.142,,0.009,,,,
18626,10/31/19 01:33:38 PM,,,100.424,,,,,
18627,10/31/19 01:35:18 PM,100.939,22.238,,0.010,,,,
18628,10/31/19 01:35:38 PM,,,100.413,,,,,
18629,10/31/19 01:37:18 PM,100.919,22.333,,0.008,,,,
18630,10/31/19 01:37:38 PM,,,100.407,,,,,
18631,10/31/19 01:39:18 PM,100.938,22.525,,0.009,,,,
18632,10/31/19 01:39:38 PM,,,100.417,,,,,
18633,10/31/19 01:41:18 PM,100.915,22.525,,0.009,,,,
18634,10/31/19 01:41:38 PM,,,100.396,,,,,
18635,10/31/19 01:43:18 PM,100.899,22.429,,0.007,,,,
18636,10/31/19 01:43:38 PM,,,100.407,,,,,
18637,10/31/19 01:45:18 PM,100.903,22.525,,0.008,,,,
18638,10/31/19 01:45:38 PM,,,100.396,,,,,
18639,10/31/19 01:47:18 PM,100.903,22.525,,0.008,,,,
18640,10/31/19 01:47:38 PM,,,100.396,,,,,
18641,10/31/19 01:49:18 PM,100.891,22.525,,0.006,,,,
18642,10/31/19 01:49:38 PM,,,100.400,,,,,
18643,10/31/19 01:51:18 PM,100.903,22.525,,0.007,,,,
18644,10/31/19 01:51:38 PM,,,100.400,,,,,
18645,10/31/19 01:53:18 PM,100.911,22.429,,0.009,,,,
18646,10/31/19 01:53:38 PM,,,100.389,,,,,
18647,10/31/19 01:55:18 PM,100.888,22.429,,0.007,,,,
18648,10/31/19 01:55:38 PM,,,100.389,,,,,
18649,10/31/19 01:57:18 PM,100.876,22.429,,0.007,,,,
18650,10/31/19 01:57:38 PM,,,100.378,,,,,
18651,10/31/19 01:59:18 PM,100.833,22.525,,0.002,,,,
18652,10/31/19 01:59:38 PM,,,100.389,,,,,
18653,10/31/19 02:01:18 PM,100.853,22.429,,0.004,,,,
18654,10/31/19 02:01:38 PM,,,100.378,,,,,
18655,10/31/19 02:03:18 PM,100.868,22.525,,0.007,,,,
18656,10/31/19 02:03:38 PM,,,100.371,,,,,
18657,10/31/19 02:05:18 PM,100.836,22.621,,0.004,,,,
18658,10/31/19 02:05:38 PM,,,100.371,,,,,
18659,10/31/19 02:07:18 PM,100.813,22.621,,0.000,,,,
18660,10/31/19 02:07:38 PM,,,100.382,,,,,
18661,10/31/19 02:09:18 PM,100.836,22.621,,0.002,,,,
18662,10/31/19 02:09:38 PM,,,100.382,,,,,
18663,10/31/19 02:11:18 PM,100.848,22.621,,0.003,,,,
18664,10/31/19 02:11:38 PM,,,100.393,,,,,
18665,10/31/19 02:13:18 PM,100.848,22.621,,0.004,,,,
18666,10/31/19 02:13:38 PM,,,100.382,,,,,
18667,10/31/19 02:15:18 PM,100.859,22.621,,0.006,,,,
18668,10/31/19 02:15:38 PM,,,100.371,,,,,
18669,10/31/19 02:17:18 PM,100.801,22.621,,0.001,,,,
18670,10/31/19 02:17:38 PM,,,100.360,,,,,
18671,10/31/19 02:19:18 PM,100.820,22.812,,0.003,,,,
18672,10/31/19 02:19:38 PM,,,100.364,,,,,
18673,10/31/19 02:21:18 PM,100.808,22.812,,0.001,,,,
18674,10/31/19 02:21:38 PM,,,100.364,,,,,
18675,10/31/19 02:23:18 PM,100.808,22.812,,0.003,,,,
18676,10/31/19 02:23:38 PM,,,100.342,,,,,
18677,10/31/19 02:25:18 PM,100.820,22.812,,0.004,,,,
18678,10/31/19 02:25:38 PM,,,100.353,,,,,
18679,10/31/19 02:27:18 PM,100.796,22.812,,0.001,,,,
18680,10/31/19 02:27:38 PM,,,100.353,,,,,
18681,10/31/19 02:29:18 PM,100.784,22.812,,0.000,,,,
18682,10/31/19 02:29:38 PM,,,100.353,,,,,
18683,10/31/19 02:31:18 PM,100.788,22.908,,0.001,,,,
18684,10/31/19 02:31:38 PM,,,100.353,,,,,
18685,10/31/19 02:33:18 PM,100.788,22.908,,0.000,,,,
18686,10/31/19 02:33:38 PM,,,100.357,,,,,
18687,10/31/19 02:35:18 PM,100.748,23.100,,-0.004,,,,
18688,10/31/19 02:35:38 PM,,,100.357,,,,,
18689,10/31/19 02:37:18 PM,100.783,23.100,,-0.000,,,,
18690,10/31/19 02:37:38 PM,,,100.357,,,,,
18691,10/31/19 02:39:18 PM,100.771,23.100,,-0.002,,,,
18692,10/31/19 02:39:38 PM,,,100.357,,,,,
18693,10/31/19 02:41:18 PM,100.771,23.100,,-0.003,,,,
18694,10/31/19 02:41:38 PM,,,100.368,,,,,
18695,10/31/19 02:43:18 PM,100.751,23.196,,-0.003,,,,
18696,10/31/19 02:43:38 PM,,,100.346,,,,,
18697,10/31/19 02:45:18 PM,100.743,23.292,,-0.003,,,,
18698,10/31/19 02:45:38 PM,,,100.339,,,,,
18699,10/31/19 02:47:18 PM,100.743,23.292,,-0.004,,,,
18700,10/31/19 02:47:38 PM,,,100.350,,,,,
18701,10/31/19 02:49:18 PM,100.750,23.484,,-0.003,,,,
18702,10/31/19 02:49:38 PM,,,100.350,,,,,
18703,10/31/19 02:51:18 PM,100.777,23.581,,0.001,,,,
18704,10/31/19 02:51:38 PM,,,100.339,,,,,
18705,10/31/19 02:53:18 PM,100.745,23.677,,-0.001,,,,
18706,10/31/19 02:53:38 PM,,,100.328,,,,,
18707,10/31/19 02:55:18 PM,100.722,23.677,,-0.003,,,,
18708,10/31/19 02:55:38 PM,,,100.317,,,,,
18709,10/31/19 02:57:18 PM,100.725,23.773,,-0.000,,,,
18710,10/31/19 02:57:38 PM,,,100.296,,,,,
18711,10/31/19 02:59:18 PM,100.737,23.773,,-0.000,,,,
18712,10/31/19 02:59:38 PM,,,100.310,,,,,
18713,10/31/19 03:01:18 PM,100.678,23.773,,-0.006,,,,
18714,10/31/19 03:01:38 PM,,,100.310,,,,,
18715,10/31/19 03:03:18 PM,100.698,23.677,,-0.003,,,,
18716,10/31/19 03:03:38 PM,,,100.299,,,,,
18717,10/31/19 03:05:18 PM,100.710,23.677,,-0.001,,,,
18718,10/31/19 03:05:38 PM,,,100.289,,,,,
18719,10/31/19 03:07:18 PM,100.702,23.773,,-0.002,,,,
18720,10/31/19 03:07:38 PM,,,100.289,,,,,
18721,10/31/19 03:09:18 PM,100.690,23.773,,-0.003,,,,
18722,10/31/19 03:09:38 PM,,,100.289,,,,,
18723,10/31/19 03:11:18 PM,100.690,23.773,,-0.003,,,,
18724,10/31/19 03:11:38 PM,,,100.289,,,,,
18725,10/31/19 03:13:18 PM,100.667,23.773,,-0.005,,,,
18726,10/31/19 03:13:38 PM,,,100.289,,,,,
18727,10/31/19 03:15:18 PM,100.678,23.773,,-0.003,,,,
18728,10/31/19 03:15:38 PM,,,100.278,,,,,
18729,10/31/19 03:17:18 PM,100.678,23.773,,-0.005,,,,
18730,10/31/19 03:17:38 PM,,,100.303,,,,,
18731,10/31/19 03:19:18 PM,100.690,23.773,,-0.003,,,,
18732,10/31/19 03:19:38 PM,,,100.282,,,,,
18733,10/31/19 03:21:18 PM,100.663,23.677,,-0.006,,,,
18734,10/31/19 03:21:38 PM,,,100.293,,,,,
18735,10/31/19 03:23:18 PM,100.648,23.581,,-0.008,,,,
18736,10/31/19 03:23:38 PM,,,100.303,,,,,
18737,10/31/19 03:25:18 PM,100.651,23.677,,-0.007,,,,
18738,10/31/19 03:25:38 PM,,,100.293,,,,,
18739,10/31/19 03:27:18 PM,100.640,23.677,,-0.008,,,,
18740,10/31/19 03:27:38 PM,,,100.282,,,,,
18741,10/31/19 03:29:18 PM,100.648,23.581,,-0.006,,,,
18742,10/31/19 03:29:38 PM,,,100.271,,,,,
18743,10/31/19 03:31:18 PM,100.648,23.581,,-0.006,,,,
18744,10/31/19 03:31:38 PM,,,100.282,,,,,
18745,10/31/19 03:33:18 PM,100.636,23.581,,-0.008,,,,
18746,10/31/19 03:33:38 PM,,,100.282,,,,,
18747,10/31/19 03:35:18 PM,100.663,23.677,,-0.004,,,,
18748,10/31/19 03:35:38 PM,,,100.271,,,,,
18749,10/31/19 03:37:18 PM,100.643,23.773,,-0.007,,,,
18750,10/31/19 03:37:38 PM,,,100.282,,,,,
18751,10/31/19 03:39:18 PM,100.647,23.869,,-0.007,,,,
18752,10/31/19 03:39:38 PM,,,100.286,,,,,
18753,10/31/19 03:41:18 PM,100.623,23.869,,-0.008,,,,
18754,10/31/19 03:41:38 PM,,,100.264,,,,,
18755,10/31/19 03:43:18 PM,100.615,23.966,,-0.009,,,,
18756,10/31/19 03:43:38 PM,,,100.275,,,,,
18757,10/31/19 03:45:18 PM,100.627,23.966,,-0.007,,,,
18758,10/31/19 03:45:38 PM,,,100.264,,,,,
18759,10/31/19 03:47:18 PM,100.618,24.062,,-0.008,,,,
18760,10/31/19 03:47:38 PM,,,100.264,,,,,
18761,10/31/19 03:49:18 PM,100.654,24.062,,-0.003,,,,
18762,10/31/19 03:49:38 PM,,,100.253,,,,,
18763,10/31/19 03:51:18 PM,100.622,24.158,,-0.007,,,,
18764,10/31/19 03:51:38 PM,,,100.264,,,,,
18765,10/31/19 03:53:18 PM,100.622,24.158,,-0.007,,,,
18766,10/31/19 03:53:38 PM,,,100.264,,,,,
18767,10/31/19 03:55:18 PM,100.625,24.255,,-0.008,,,,
18768,10/31/19 03:55:38 PM,,,100.279,,,,,
18769,10/31/19 03:57:18 PM,100.617,24.351,,-0.007,,,,
18770,10/31/19 03:57:38 PM,,,100.257,,,,,
18771,10/31/19 03:59:18 PM,100.597,24.448,,-0.006,,,,
18772,10/31/19 03:59:38 PM,,,100.224,,,,,
18773,10/31/19 04:01:18 PM,100.605,24.351,,-0.007,,,,
18774,10/31/19 04:01:38 PM,,,100.246,,,,,
18775,10/31/19 04:03:18 PM,100.602,24.255,,-0.008,,,,
18776,10/31/19 04:03:38 PM,,,100.257,,,,,
18777,10/31/19 04:05:18 PM,100.590,24.255,,-0.010,,,,
18778,10/31/19 04:05:38 PM,,,100.257,,,,,
18779,10/31/19 04:07:18 PM,100.590,24.255,,-0.009,,,,
18780,10/31/19 04:07:38 PM,,,100.246,,,,,
18781,10/31/19 04:09:18 PM,100.579,24.255,,-0.009,,,,
18782,10/31/19 04:09:38 PM,,,100.235,,,,,
18783,10/31/19 04:11:18 PM,100.585,24.448,,-0.008,,,,
18784,10/31/19 04:11:38 PM,,,100.239,,,,,
18785,10/31/19 04:13:18 PM,100.589,24.545,,-0.008,,,,
18786,10/31/19 04:13:38 PM,,,100.239,,,,,
18787,10/31/19 04:15:18 PM,100.581,24.641,,-0.009,,,,
18788,10/31/19 04:15:38 PM,,,100.239,,,,,
18789,10/31/19 04:17:18 PM,100.592,24.641,,-0.008,,,,
18790,10/31/19 04:17:38 PM,,,100.239,,,,,
18791,10/31/19 04:19:18 PM,100.584,24.738,,-0.009,,,,
18792,10/31/19 04:19:38 PM,,,100.239,,,,,
18793,10/31/19 04:21:18 PM,100.584,24.738,,-0.007,,,,
18794,10/31/19 04:21:38 PM,,,100.217,,,,,
18795,10/31/19 04:23:18 PM,100.592,24.641,,-0.008,,,,
18796,10/31/19 04:23:38 PM,,,100.250,,,,,
18797,10/31/19 04:25:18 PM,100.616,24.641,,-0.007,,,,
18798,10/31/19 04:25:38 PM,,,100.261,,,,,
18799,10/31/19 04:27:18 PM,100.612,24.545,,-0.006,,,,
18800,10/31/19 04:27:38 PM,,,100.232,,,,,
18801,10/31/19 04:29:18 PM,100.554,24.545,,-0.010,,,,
18802,10/31/19 04:29:38 PM,,,100.221,,,,,
18803,10/31/19 04:31:18 PM,100.577,24.545,,-0.008,,,,
18804,10/31/19 04:31:38 PM,,,100.232,,,,,
18805,10/31/19 04:33:18 PM,100.566,24.545,,-0.009,,,,
18806,10/31/19 04:33:38 PM,,,100.221,,,,,
18807,10/31/19 04:35:18 PM,100.562,24.448,,-0.010,,,,
18808,10/31/19 04:35:38 PM,,,100.232,,,,,
18809,10/31/19 04:37:18 PM,100.562,24.448,,-0.009,,,,
18810,10/31/19 04:37:38 PM,,,100.221,,,,,
18811,10/31/19 04:39:18 PM,100.562,24.448,,-0.010,,,,
18812,10/31/19 04:39:38 PM,,,100.232,,,,,
18813,10/31/19 04:41:18 PM,100.550,24.448,,-0.010,,,,
18814,10/31/19 04:41:38 PM,,,100.221,,,,,
18815,10/31/19 04:43:18 PM,100.550,24.448,,-0.009,,,,
18816,10/31/19 04:43:38 PM,,,100.210,,,,,
18817,10/31/19 04:45:18 PM,100.562,24.448,,-0.009,,,,
18818,10/31/19 04:45:38 PM,,,100.221,,,,,
18819,10/31/19 04:47:18 PM,100.539,24.448,,-0.010,,,,
18820,10/31/19 04:47:38 PM,,,100.210,,,,,
18821,10/31/19 04:49:18 PM,100.550,24.448,,-0.009,,,,
18822,10/31/19 04:49:38 PM,,,100.210,,,,,
18823,10/31/19 04:51:18 PM,100.539,24.448,,-0.011,,,,
18824,10/31/19 04:51:38 PM,,,100.221,,,,,
18825,10/31/19 04:53:18 PM,100.550,24.448,,-0.010,,,,
18826,10/31/19 04:53:38 PM,,,100.221,,,,,
18827,10/31/19 04:55:18 PM,100.550,24.448,,-0.010,,,,
18828,10/31/19 04:55:38 PM,,,100.221,,,,,
18829,10/31/19 04:57:18 PM,100.539,24.448,,-0.012,,,,
18830,10/31/19 04:57:38 PM,,,100.225,,,,,
18831,10/31/19 04:59:18 PM,100.535,24.351,,-0.013,,,,
18832,10/31/19 04:59:38 PM,,,100.236,,,,,
18833,10/31/19 05:01:18 PM,100.535,24.351,,-0.013,,,,
18834,10/31/19 05:01:38 PM,,,100.236,,,,,
18835,10/31/19 05:03:18 PM,100.543,24.255,,-0.013,,,,
18836,10/31/19 05:03:38 PM,,,100.247,,,,,
18837,10/31/19 05:05:18 PM,100.563,24.158,,-0.012,,,,
18838,10/31/19 05:05:38 PM,,,100.247,,,,,
18839,10/31/19 05:07:18 PM,100.563,24.158,,-0.012,,,,
18840,10/31/19 05:07:38 PM,,,100.247,,,,,
18841,10/31/19 05:09:18 PM,100.537,24.062,,-0.013,,,,
18842,10/31/19 05:09:38 PM,,,100.236,,,,,
18843,10/31/19 05:11:18 PM,100.537,24.062,,-0.013,,,,
18844,10/31/19 05:11:38 PM,,,100.236,,,,,
18845,10/31/19 05:13:18 PM,100.548,24.062,,-0.012,,,,
18846,10/31/19 05:13:38 PM,,,100.236,,,,,
18847,10/31/19 05:15:18 PM,100.525,24.062,,-0.013,,,,
18848,10/31/19 05:15:38 PM,,,100.225,,,,,
18849,10/31/19 05:17:18 PM,100.501,24.062,,-0.015,,,,
18850,10/31/19 05:17:38 PM,,,100.214,,,,,
18851,10/31/19 05:19:18 PM,100.498,23.966,,-0.015,,,,
18852,10/31/19 05:19:38 PM,,,100.214,,,,,
18853,10/31/19 05:21:18 PM,100.498,23.966,,-0.013,,,,
18854,10/31/19 05:21:38 PM,,,100.193,,,,,
18855,10/31/19 05:23:18 PM,100.513,24.062,,-0.011,,,,
18856,10/31/19 05:23:38 PM,,,100.193,,,,,
18857,10/31/19 05:25:18 PM,100.486,23.966,,-0.013,,,,
18858,10/31/19 05:25:38 PM,,,100.182,,,,,
18859,10/31/19 05:27:18 PM,100.483,23.869,,-0.014,,,,
18860,10/31/19 05:27:38 PM,,,100.193,,,,,
18861,10/31/19 05:29:18 PM,100.495,23.869,,-0.013,,,,
18862,10/31/19 05:29:38 PM,,,100.193,,,,,
18863,10/31/19 05:31:18 PM,100.503,23.773,,-0.012,,,,
18864,10/31/19 05:31:38 PM,,,100.193,,,,,
18865,10/31/19 05:33:18 PM,100.499,23.677,,-0.013,,,,
18866,10/31/19 05:33:38 PM,,,100.193,,,,,
18867,10/31/19 05:35:18 PM,100.499,23.677,,-0.013,,,,
18868,10/31/19 05:35:38 PM,,,100.193,,,,,
18869,10/31/19 05:37:18 PM,100.496,23.581,,-0.012,,,,
18870,10/31/19 05:37:38 PM,,,100.182,,,,,
18871,10/31/19 05:39:18 PM,100.508,23.581,,-0.012,,,,
18872,10/31/19 05:39:38 PM,,,100.203,,,,,
18873,10/31/19 05:41:18 PM,100.519,23.581,,-0.011,,,,
18874,10/31/19 05:41:38 PM,,,100.193,,,,,
18875,10/31/19 05:43:18 PM,100.508,23.581,,-0.012,,,,
18876,10/31/19 05:43:38 PM,,,100.193,,,,,
18877,10/31/19 05:45:18 PM,100.504,23.484,,-0.012,,,,
18878,10/31/19 05:45:38 PM,,,100.193,,,,,
18879,10/31/19 05:47:18 PM,100.477,23.388,,-0.015,,,,
18880,10/31/19 05:47:38 PM,,,100.193,,,,,
18881,10/31/19 05:49:18 PM,100.474,23.292,,-0.015,,,,
18882,10/31/19 05:49:38 PM,,,100.193,,,,,
18883,10/31/19 05:51:18 PM,100.486,23.292,,-0.014,,,,
18884,10/31/19 05:51:38 PM,,,100.193,,,,,
18885,10/31/19 05:53:18 PM,100.462,23.292,,-0.016,,,,
18886,10/31/19 05:53:38 PM,,,100.193,,,,,
18887,10/31/19 05:55:18 PM,100.482,23.196,,-0.013,,,,
18888,10/31/19 05:55:38 PM,,,100.182,,,,,
18889,10/31/19 05:57:18 PM,100.482,23.196,,-0.014,,,,
18890,10/31/19 05:57:38 PM,,,100.193,,,,,
18891,10/31/19 05:59:18 PM,100.491,23.100,,-0.013,,,,
18892,10/31/19 05:59:38 PM,,,100.193,,,,,
18893,10/31/19 06:01:18 PM,100.499,23.004,,-0.012,,,,
18894,10/31/19 06:01:38 PM,,,100.182,,,,,
18895,10/31/19 06:03:18 PM,100.452,23.004,,-0.016,,,,
18896,10/31/19 06:03:38 PM,,,100.182,,,,,
18897,10/31/19 06:05:18 PM,100.460,22.908,,-0.016,,,,
18898,10/31/19 06:05:38 PM,,,100.182,,,,,
18899,10/31/19 06:07:18 PM,100.457,22.812,,-0.016,,,,
18900,10/31/19 06:07:38 PM,,,100.182,,,,,
18901,10/31/19 06:09:18 PM,100.462,22.621,,-0.015,,,,
18902,10/31/19 06:09:38 PM,,,100.182,,,,,
18903,10/31/19 06:11:18 PM,100.474,22.621,,-0.013,,,,
18904,10/31/19 06:11:38 PM,,,100.171,,,,,
18905,10/31/19 06:13:18 PM,100.458,22.525,,-0.016,,,,
18906,10/31/19 06:13:38 PM,,,100.193,,,,,
18907,10/31/19 06:15:18 PM,100.443,22.429,,-0.017,,,,
18908,10/31/19 06:15:38 PM,,,100.182,,,,,
18909,10/31/19 06:17:18 PM,100.463,22.333,,-0.015,,,,
18910,10/31/19 06:17:38 PM,,,100.182,,,,,
18911,10/31/19 06:19:18 PM,100.495,22.238,,-0.012,,,,
18912,10/31/19 06:19:38 PM,,,100.182,,,,,
18913,10/31/19 06:21:18 PM,100.468,22.142,,-0.015,,,,
18914,10/31/19 06:21:38 PM,,,100.182,,,,,
18915,10/31/19 06:23:18 PM,100.468,22.142,,-0.015,,,,
18916,10/31/19 06:23:38 PM,,,100.182,,,,,
18917,10/31/19 06:25:18 PM,100.453,22.046,,-0.015,,,,
18918,10/31/19 06:25:38 PM,,,100.171,,,,,
18919,10/31/19 06:27:18 PM,100.426,21.951,,-0.019,,,,
18920,10/31/19 06:27:38 PM,,,100.182,,,,,
18921,10/31/19 06:29:18 PM,100.435,21.855,,-0.018,,,,
18922,10/31/19 06:29:38 PM,,,100.182,,,,,
18923,10/31/19 06:31:18 PM,100.423,21.855,,-0.019,,,,
18924,10/31/19 06:31:38 PM,,,100.182,,,,,
18925,10/31/19 06:33:18 PM,100.443,21.760,,-0.018,,,,
18926,10/31/19 06:33:38 PM,,,100.193,,,,,
18927,10/31/19 06:35:18 PM,100.443,21.760,,-0.017,,,,
18928,10/31/19 06:35:38 PM,,,100.178,,,,,
18929,10/31/19 06:37:18 PM,100.451,21.664,,-0.017,,,,
18930,10/31/19 06:37:38 PM,,,100.189,,,,,
18931,10/31/19 06:39:18 PM,100.471,21.569,,-0.015,,,,
18932,10/31/19 06:39:38 PM,,,100.189,,,,,
18933,10/31/19 06:41:18 PM,100.471,21.569,,-0.016,,,,
18934,10/31/19 06:41:38 PM,,,100.199,,,,,
18935,10/31/19 06:43:18 PM,100.445,21.473,,-0.018,,,,
18936,10/31/19 06:43:38 PM,,,100.189,,,,,
18937,10/31/19 06:45:18 PM,100.421,21.473,,-0.020,,,,
18938,10/31/19 06:45:38 PM,,,100.189,,,,,
18939,10/31/19 06:47:18 PM,100.433,21.473,,-0.018,,,,
18940,10/31/19 06:47:38 PM,,,100.178,,,,,
18941,10/31/19 06:49:18 PM,100.430,21.378,,-0.020,,,,
18942,10/31/19 06:49:38 PM,,,100.199,,,,,
18943,10/31/19 06:51:18 PM,100.418,21.378,,-0.021,,,,
18944,10/31/19 06:51:38 PM,,,100.189,,,,,
18945,10/31/19 06:53:18 PM,100.406,21.378,,-0.022,,,,
18946,10/31/19 06:53:38 PM,,,100.189,,,,,
18947,10/31/19 06:55:18 PM,100.426,21.282,,-0.019,,,,
18948,10/31/19 06:55:38 PM,,,100.185,,,,,
18949,10/31/19 06:57:18 PM,100.426,21.282,,-0.019,,,,
18950,10/31/19 06:57:38 PM,,,100.185,,,,,
18951,10/31/19 06:59:18 PM,100.450,21.282,,-0.019,,,,
18952,10/31/19 06:59:38 PM,,,100.206,,,,,
18953,10/31/19 07:01:18 PM,100.434,21.187,,-0.020,,,,
18954,10/31/19 07:01:38 PM,,,100.195,,,,,
18955,10/31/19 07:03:18 PM,100.411,21.187,,-0.022,,,,
18956,10/31/19 07:03:38 PM,,,100.195,,,,,
18957,10/31/19 07:05:18 PM,100.434,21.187,,-0.020,,,,
18958,10/31/19 07:05:38 PM,,,100.195,,,,,
18959,10/31/19 07:07:18 PM,100.454,21.091,,-0.018,,,,
18960,10/31/19 07:07:38 PM,,,100.206,,,,,
18961,10/31/19 07:09:18 PM,100.431,21.091,,-0.022,,,,
18962,10/31/19 07:09:38 PM,,,100.217,,,,,
18963,10/31/19 07:11:18 PM,100.419,21.091,,-0.022,,,,
18964,10/31/19 07:11:38 PM,,,100.202,,,,,
18965,10/31/19 07:13:18 PM,100.451,20.996,,-0.018,,,,
18966,10/31/19 07:13:38 PM,,,100.202,,,,,
18967,10/31/19 07:15:18 PM,100.436,20.901,,-0.020,,,,
18968,10/31/19 07:15:38 PM,,,100.202,,,,,
18969,10/31/19 07:17:18 PM,100.459,20.901,,-0.018,,,,
18970,10/31/19 07:17:38 PM,,,100.202,,,,,
18971,10/31/19 07:19:18 PM,100.444,20.805,,-0.019,,,,
18972,10/31/19 07:19:38 PM,,,100.202,,,,,
18973,10/31/19 07:21:18 PM,100.433,20.805,,-0.020,,,,
18974,10/31/19 07:21:38 PM,,,100.198,,,,,
18975,10/31/19 07:23:18 PM,100.429,20.710,,-0.019,,,,
18976,10/31/19 07:23:38 PM,,,100.187,,,,,
18977,10/31/19 07:25:18 PM,100.441,20.710,,-0.019,,,,
18978,10/31/19 07:25:38 PM,,,100.198,,,,,
18979,10/31/19 07:27:18 PM,100.426,20.615,,-0.022,,,,
18980,10/31/19 07:27:38 PM,,,100.209,,,,,
18981,10/31/19 07:29:18 PM,100.449,20.615,,-0.018,,,,
18982,10/31/19 07:29:38 PM,,,100.198,,,,,
18983,10/31/19 07:31:18 PM,100.434,20.519,,-0.020,,,,
18984,10/31/19 07:31:38 PM,,,100.205,,,,,
18985,10/31/19 07:33:18 PM,100.434,20.519,,-0.021,,,,
18986,10/31/19 07:33:38 PM,,,100.216,,,,,
18987,10/31/19 07:35:18 PM,100.443,20.424,,-0.020,,,,
18988,10/31/19 07:35:38 PM,,,100.205,,,,,
18989,10/31/19 07:37:18 PM,100.443,20.424,,-0.021,,,,
18990,10/31/19 07:37:38 PM,,,100.216,,,,,
18991,10/31/19 07:39:18 PM,100.431,20.424,,-0.022,,,,
18992,10/31/19 07:39:38 PM,,,100.212,,,,,
18993,10/31/19 07:41:18 PM,100.439,20.329,,-0.022,,,,
18994,10/31/19 07:41:38 PM,,,100.223,,,,,
18995,10/31/19 07:43:18 PM,100.451,20.329,,-0.021,,,,
18996,10/31/19 07:43:38 PM,,,100.223,,,,,
18997,10/31/19 07:45:18 PM,100.448,20.234,,-0.021,,,,
18998,10/31/19 07:45:38 PM,,,100.223,,,,,
18999,10/31/19 07:47:18 PM,100.459,20.234,,-0.021,,,,
19000,10/31/19 07:47:38 PM,,,100.234,,,,,
19001,10/31/19 07:49:18 PM,100.468,20.138,,-0.019,,,,
19002,10/31/19 07:49:38 PM,,,100.219,,,,,
19003,10/31/19 07:51:18 PM,100.456,20.138,,-0.022,,,,
19004,10/31/19 07:51:38 PM,,,100.241,,,,,
19005,10/31/19 07:53:18 PM,100.476,20.043,,-0.020,,,,
19006,10/31/19 07:53:38 PM,,,100.241,,,,,
19007,10/31/19 07:55:18 PM,100.499,20.043,,-0.018,,,,
19008,10/31/19 07:55:38 PM,,,100.241,,,,,
19009,10/31/19 07:57:18 PM,100.476,20.043,,-0.020,,,,
19010,10/31/19 07:57:38 PM,,,100.241,,,,,
19011,10/31/19 07:59:18 PM,100.476,20.043,,-0.020,,,,
19012,10/31/19 07:59:38 PM,,,100.237,,,,,
19013,10/31/19 08:01:18 PM,100.473,19.948,,-0.021,,,,
19014,10/31/19 08:01:38 PM,,,100.248,,,,,
19015,10/31/19 08:03:18 PM,100.473,19.948,,-0.022,,,,
19016,10/31/19 08:03:38 PM,,,100.259,,,,,
19017,10/31/19 08:05:18 PM,100.461,19.948,,-0.022,,,,
19018,10/31/19 08:05:38 PM,,,100.248,,,,,
19019,10/31/19 08:07:18 PM,100.484,19.948,,-0.019,,,,
19020,10/31/19 08:07:38 PM,,,100.237,,,,,
19021,10/31/19 08:09:18 PM,100.473,19.948,,-0.022,,,,
19022,10/31/19 08:09:38 PM,,,100.259,,,,,
19023,10/31/19 08:11:18 PM,100.469,19.853,,-0.022,,,,
19024,10/31/19 08:11:38 PM,,,100.255,,,,,
19025,10/31/19 08:13:18 PM,100.493,19.853,,-0.020,,,,
19026,10/31/19 08:13:38 PM,,,100.255,,,,,
19027,10/31/19 08:15:18 PM,100.493,19.853,,-0.020,,,,
19028,10/31/19 08:15:38 PM,,,100.255,,,,,
19029,10/31/19 08:17:18 PM,100.493,19.853,,-0.021,,,,
19030,10/31/19 08:17:38 PM,,,100.266,,,,,
19031,10/31/19 08:19:18 PM,100.489,19.758,,-0.021,,,,
19032,10/31/19 08:19:38 PM,,,100.266,,,,,
19033,10/31/19 08:21:18 PM,100.489,19.758,,-0.020,,,,
19034,10/31/19 08:21:38 PM,,,100.255,,,,,
19035,10/31/19 08:23:18 PM,100.501,19.758,,-0.020,,,,
19036,10/31/19 08:23:38 PM,,,100.273,,,,,
19037,10/31/19 08:25:18 PM,100.498,19.662,,-0.021,,,,
19038,10/31/19 08:25:38 PM,,,100.273,,,,,
19039,10/31/19 08:27:18 PM,100.510,19.662,,-0.021,,,,
19040,10/31/19 08:27:38 PM,,,100.284,,,,,
19041,10/31/19 08:29:18 PM,100.510,19.662,,-0.022,,,,
19042,10/31/19 08:29:38 PM,,,100.295,,,,,
19043,10/31/19 08:31:18 PM,100.498,19.662,,-0.023,,,,
19044,10/31/19 08:31:38 PM,,,100.295,,,,,
19045,10/31/19 08:33:18 PM,100.545,19.662,,-0.017,,,,
19046,10/31/19 08:33:38 PM,,,100.284,,,,,
19047,10/31/19 08:35:18 PM,100.498,19.662,,-0.022,,,,
19048,10/31/19 08:35:38 PM,,,100.284,,,,,
19049,10/31/19 08:37:18 PM,100.494,19.567,,-0.022,,,,
19050,10/31/19 08:37:38 PM,,,100.280,,,,,
19051,10/31/19 08:39:18 PM,100.494,19.567,,-0.021,,,,
19052,10/31/19 08:39:38 PM,,,100.269,,,,,
19053,10/31/19 08:41:18 PM,100.506,19.567,,-0.020,,,,
19054,10/31/19 08:41:38 PM,,,100.269,,,,,
19055,10/31/19 08:43:18 PM,100.541,19.567,,-0.016,,,,
19056,10/31/19 08:43:38 PM,,,100.269,,,,,
19057,10/31/19 08:45:18 PM,100.518,19.567,,-0.019,,,,
19058,10/31/19 08:45:38 PM,,,100.280,,,,,
19059,10/31/19 08:47:18 PM,100.479,19.472,,-0.024,,,,
19060,10/31/19 08:47:38 PM,,,100.280,,,,,
19061,10/31/19 08:49:18 PM,100.491,19.472,,-0.021,,,,
19062,10/31/19 08:49:38 PM,,,100.269,,,,,
19063,10/31/19 08:51:18 PM,100.503,19.472,,-0.020,,,,
19064,10/31/19 08:51:38 PM,,,100.269,,,,,
19065,10/31/19 08:53:18 PM,100.515,19.472,,-0.019,,,,
19066,10/31/19 08:53:38 PM,,,100.276,,,,,
19067,10/31/19 08:55:18 PM,100.503,19.472,,-0.020,,,,
19068,10/31/19 08:55:38 PM,,,100.265,,,,,
19069,10/31/19 08:57:18 PM,100.503,19.472,,-0.020,,,,
19070,10/31/19 08:57:38 PM,,,100.265,,,,,
19071,10/31/19 08:59:18 PM,100.488,19.377,,-0.021,,,,
19072,10/31/19 08:59:38 PM,,,100.265,,,,,
19073,10/31/19 09:01:18 PM,100.500,19.377,,-0.021,,,,
19074,10/31/19 09:01:38 PM,,,100.276,,,,,
19075,10/31/19 09:03:18 PM,100.488,19.377,,-0.022,,,,
19076,10/31/19 09:03:38 PM,,,100.276,,,,,
19077,10/31/19 09:05:18 PM,100.500,19.377,,-0.019,,,,
19078,10/31/19 09:05:38 PM,,,100.254,,,,,
19079,10/31/19 09:07:18 PM,100.500,19.377,,-0.019,,,,
19080,10/31/19 09:07:38 PM,,,100.254,,,,,
19081,10/31/19 09:09:18 PM,100.485,19.282,,-0.021,,,,
19082,10/31/19 09:09:38 PM,,,100.265,,,,,
19083,10/31/19 09:11:18 PM,100.520,19.282,,-0.018,,,,
19084,10/31/19 09:11:38 PM,,,100.272,,,,,
19085,10/31/19 09:13:18 PM,100.496,19.282,,-0.021,,,,
19086,10/31/19 09:13:38 PM,,,100.272,,,,,
19087,10/31/19 09:15:18 PM,100.520,19.282,,-0.019,,,,
19088,10/31/19 09:15:38 PM,,,100.272,,,,,
19089,10/31/19 09:17:18 PM,100.516,19.187,,-0.020,,,,
19090,10/31/19 09:17:38 PM,,,100.283,,,,,
19091,10/31/19 09:19:18 PM,100.528,19.187,,-0.019,,,,
19092,10/31/19 09:19:38 PM,,,100.283,,,,,
19093,10/31/19 09:21:18 PM,100.516,19.187,,-0.020,,,,
19094,10/31/19 09:21:38 PM,,,100.283,,,,,
19095,10/31/19 09:23:18 PM,100.516,19.187,,-0.020,,,,
19096,10/31/19 09:23:38 PM,,,100.283,,,,,
19097,10/31/19 09:25:18 PM,100.528,19.187,,-0.020,,,,
19098,10/31/19 09:25:38 PM,,,100.294,,,,,
19099,10/31/19 09:27:18 PM,100.516,19.187,,-0.022,,,,
19100,10/31/19 09:27:38 PM,,,100.304,,,,,
19101,10/31/19 09:29:18 PM,100.540,19.187,,-0.020,,,,
19102,10/31/19 09:29:38 PM,,,100.311,,,,,
19103,10/31/19 09:31:18 PM,100.501,19.092,,-0.024,,,,
19104,10/31/19 09:31:38 PM,,,100.300,,,,,
19105,10/31/19 09:33:18 PM,100.548,19.092,,-0.018,,,,
19106,10/31/19 09:33:38 PM,,,100.290,,,,,
19107,10/31/19 09:35:18 PM,100.501,19.092,,-0.023,,,,
19108,10/31/19 09:35:38 PM,,,100.300,,,,,
19109,10/31/19 09:37:18 PM,100.525,19.092,,-0.021,,,,
19110,10/31/19 09:37:38 PM,,,100.300,,,,,
19111,10/31/19 09:39:18 PM,100.513,19.092,,-0.022,,,,
19112,10/31/19 09:39:38 PM,,,100.300,,,,,
19113,10/31/19 09:41:18 PM,100.536,19.092,,-0.020,,,,
19114,10/31/19 09:41:38 PM,,,100.300,,,,,
19115,10/31/19 09:43:18 PM,100.513,19.092,,-0.022,,,,
19116,10/31/19 09:43:38 PM,,,100.300,,,,,
19117,10/31/19 09:45:18 PM,100.513,19.092,,-0.022,,,,
19118,10/31/19 09:45:38 PM,,,100.300,,,,,
19119,10/31/19 09:47:18 PM,100.525,19.092,,-0.021,,,,
19120,10/31/19 09:47:38 PM,,,100.300,,,,,
19121,10/31/19 09:49:18 PM,100.525,19.092,,-0.021,,,,
19122,10/31/19 09:49:38 PM,,,100.297,,,,,
19123,10/31/19 09:51:18 PM,100.525,19.092,,-0.020,,,,
19124,10/31/19 09:51:38 PM,,,100.286,,,,,
19125,10/31/19 09:53:18 PM,100.525,19.092,,-0.020,,,,
19126,10/31/19 09:53:38 PM,,,100.297,,,,,
19127,10/31/19 09:55:18 PM,100.513,19.092,,-0.022,,,,
19128,10/31/19 09:55:38 PM,,,100.297,,,,,
19129,10/31/19 09:57:18 PM,100.536,19.092,,-0.020,,,,
19130,10/31/19 09:57:38 PM,,,100.297,,,,,
19131,10/31/19 09:59:18 PM,100.501,19.092,,-0.023,,,,
19132,10/31/19 09:59:38 PM,,,100.297,,,,,
19133,10/31/19 10:01:18 PM,100.490,19.092,,-0.024,,,,
19134,10/31/19 10:01:38 PM,,,100.297,,,,,
19135,10/31/19 10:03:18 PM,100.513,19.092,,-0.020,,,,
19136,10/31/19 10:03:38 PM,,,100.275,,,,,
19137,10/31/19 10:05:18 PM,100.501,19.092,,-0.022,,,,
19138,10/31/19 10:05:38 PM,,,100.286,,,,,
19139,10/31/19 10:07:18 PM,100.501,19.092,,-0.021,,,,
19140,10/31/19 10:07:38 PM,,,100.275,,,,,
19141,10/31/19 10:09:18 PM,100.490,19.092,,-0.022,,,,
19142,10/31/19 10:09:38 PM,,,100.271,,,,,
19143,10/31/19 10:11:18 PM,100.486,18.996,,-0.022,,,,
19144,10/31/19 10:11:38 PM,,,100.271,,,,,
19145,10/31/19 10:13:18 PM,100.498,18.996,,-0.022,,,,
19146,10/31/19 10:13:38 PM,,,100.282,,,,,
19147,10/31/19 10:15:18 PM,100.510,18.996,,-0.020,,,,
19148,10/31/19 10:15:38 PM,,,100.271,,,,,
19149,10/31/19 10:17:18 PM,100.498,18.996,,-0.022,,,,
19150,10/31/19 10:17:38 PM,,,100.282,,,,,
19151,10/31/19 10:19:18 PM,100.521,18.996,,-0.020,,,,
19152,10/31/19 10:19:38 PM,,,100.282,,,,,
19153,10/31/19 10:21:18 PM,100.506,18.901,,-0.022,,,,
19154,10/31/19 10:21:38 PM,,,100.293,,,,,
19155,10/31/19 10:23:18 PM,100.471,18.901,,-0.025,,,,
19156,10/31/19 10:23:38 PM,,,100.282,,,,,
19157,10/31/19 10:25:18 PM,100.495,18.901,,-0.022,,,,
19158,10/31/19 10:25:38 PM,,,100.282,,,,,
19159,10/31/19 10:27:18 PM,100.518,18.901,,-0.020,,,,
19160,10/31/19 10:27:38 PM,,,100.282,,,,,
19161,10/31/19 10:29:18 PM,100.506,18.901,,-0.020,,,,
19162,10/31/19 10:29:38 PM,,,100.271,,,,,
19163,10/31/19 10:31:18 PM,100.506,18.901,,-0.022,,,,
19164,10/31/19 10:31:38 PM,,,100.293,,,,,
19165,10/31/19 10:33:18 PM,100.526,18.806,,-0.019,,,,
19166,10/31/19 10:33:38 PM,,,100.278,,,,,
19167,10/31/19 10:35:18 PM,100.503,18.806,,-0.022,,,,
19168,10/31/19 10:35:38 PM,,,100.289,,,,,
19169,10/31/19 10:37:18 PM,100.515,18.806,,-0.021,,,,
19170,10/31/19 10:37:38 PM,,,100.289,,,,,
19171,10/31/19 10:39:18 PM,100.515,18.806,,-0.021,,,,
19172,10/31/19 10:39:38 PM,,,100.289,,,,,
19173,10/31/19 10:41:18 PM,100.526,18.806,,-0.019,,,,
19174,10/31/19 10:41:38 PM,,,100.278,,,,,
19175,10/31/19 10:43:18 PM,100.535,18.711,,-0.018,,,,
19176,10/31/19 10:43:38 PM,,,100.278,,,,,
19177,10/31/19 10:45:18 PM,100.511,18.711,,-0.021,,,,
19178,10/31/19 10:45:38 PM,,,100.289,,,,,
19179,10/31/19 10:47:18 PM,100.535,18.711,,-0.019,,,,
19180,10/31/19 10:47:38 PM,,,100.289,,,,,
19181,10/31/19 10:49:18 PM,100.546,18.711,,-0.018,,,,
19182,10/31/19 10:49:38 PM,,,100.289,,,,,
19183,10/31/19 10:51:18 PM,100.511,18.711,,-0.020,,,,
19184,10/31/19 10:51:38 PM,,,100.278,,,,,
19185,10/31/19 10:53:18 PM,100.511,18.711,,-0.019,,,,
19186,10/31/19 10:53:38 PM,,,100.267,,,,,
19187,10/31/19 10:55:18 PM,100.543,18.616,,-0.016,,,,
19188,10/31/19 10:55:38 PM,,,100.267,,,,,
19189,10/31/19 10:57:18 PM,100.520,18.616,,-0.020,,,,
19190,10/31/19 10:57:38 PM,,,100.285,,,,,
19191,10/31/19 10:59:18 PM,100.508,18.616,,-0.020,,,,
19192,10/31/19 10:59:38 PM,,,100.274,,,,,
19193,10/31/19 11:01:18 PM,100.531,18.616,,-0.019,,,,
19194,10/31/19 11:01:38 PM,,,100.285,,,,,
19195,10/31/19 11:03:18 PM,100.531,18.616,,-0.019,,,,
19196,10/31/19 11:03:38 PM,,,100.285,,,,,
19197,10/31/19 11:05:18 PM,100.520,18.616,,-0.021,,,,
19198,10/31/19 11:05:38 PM,,,100.296,,,,,
19199,10/31/19 11:07:18 PM,100.528,18.521,,-0.020,,,,
19200,10/31/19 11:07:38 PM,,,100.296,,,,,
19201,10/31/19 11:09:18 PM,100.528,18.521,,-0.020,,,,
19202,10/31/19 11:09:38 PM,,,100.296,,,,,
19203,10/31/19 11:11:18 PM,100.540,18.521,,-0.018,,,,
19204,10/31/19 11:11:38 PM,,,100.285,,,,,
19205,10/31/19 11:13:18 PM,100.540,18.521,,-0.019,,,,
19206,10/31/19 11:13:38 PM,,,100.296,,,,,
19207,10/31/19 11:15:18 PM,100.551,18.521,,-0.019,,,,
19208,10/31/19 11:15:38 PM,,,100.306,,,,,
19209,10/31/19 11:17:18 PM,100.551,18.521,,-0.019,,,,
19210,10/31/19 11:17:38 PM,,,100.306,,,,,
19211,10/31/19 11:19:18 PM,100.551,18.521,,-0.019,,,,
19212,10/31/19 11:19:38 PM,,,100.306,,,,,
19213,10/31/19 11:21:18 PM,100.551,18.521,,-0.020,,,,
19214,10/31/19 11:21:38 PM,,,100.317,,,,,
19215,10/31/19 11:23:18 PM,100.563,18.521,,-0.019,,,,
19216,10/31/19 11:23:38 PM,,,100.317,,,,,
19217,10/31/19 11:25:18 PM,100.551,18.521,,-0.021,,,,
19218,10/31/19 11:25:38 PM,,,100.328,,,,,
19219,10/31/19 11:27:18 PM,100.571,18.426,,-0.018,,,,
19220,10/31/19 11:27:38 PM,,,100.313,,,,,
19221,10/31/19 11:29:18 PM,100.548,18.426,,-0.019,,,,
19222,10/31/19 11:29:38 PM,,,100.303,,,,,
19223,10/31/19 11:31:18 PM,100.548,18.426,,-0.020,,,,
19224,10/31/19 11:31:38 PM,,,100.313,,,,,
19225,10/31/19 11:33:18 PM,100.548,18.426,,-0.018,,,,
19226,10/31/19 11:33:38 PM,,,100.292,,,,,
19227,10/31/19 11:35:18 PM,100.571,18.426,,-0.016,,,,
19228,10/31/19 11:35:38 PM,,,100.303,,,,,
19229,10/31/19 11:37:18 PM,100.560,18.426,,-0.018,,,,
19230,10/31/19 11:37:38 PM,,,100.303,,,,,
19231,10/31/19 11:39:18 PM,100.548,18.426,,-0.019,,,,
19232,10/31/19 11:39:38 PM,,,100.303,,,,,
19233,10/31/19 11:41:18 PM,100.548,18.426,,-0.017,,,,
19234,10/31/19 11:41:38 PM,,,100.281,,,,,
19235,10/31/19 11:43:18 PM,100.525,18.426,,-0.021,,,,
19236,10/31/19 11:43:38 PM,,,100.303,,,,,
19237,10/31/19 11:45:18 PM,100.556,18.331,,-0.016,,,,
19238,10/31/19 11:45:38 PM,,,100.281,,,,,
19239,10/31/19 11:47:18 PM,100.533,18.331,,-0.018,,,,
19240,10/31/19 11:47:38 PM,,,100.281,,,,,
19241,10/31/19 11:49:18 PM,100.521,18.331,,-0.020,,,,
19242,10/31/19 11:49:38 PM,,,100.292,,,,,
19243,10/31/19 11:51:18 PM,100.533,18.331,,-0.019,,,,
19244,10/31/19 11:51:38 PM,,,100.292,,,,,
19245,10/31/19 11:53:18 PM,100.541,18.236,,-0.019,,,,
19246,10/31/19 11:53:38 PM,,,100.303,,,,,
19247,10/31/19 11:55:18 PM,100.533,18.331,,-0.020,,,,
19248,10/31/19 11:55:38 PM,,,100.292,,,,,
19249,10/31/19 11:57:18 PM,100.510,18.331,,-0.021,,,,
19250,10/31/19 11:57:38 PM,,,100.281,,,,,
19251,10/31/19 11:59:18 PM,100.521,18.331,,-0.019,,,,
19252,10/31/19 11:59:38 PM,,,100.277,,,,,
19253,11/01/19 12:01:18 AM,100.541,18.236,,-0.018,,,,
19254,11/01/19 12:01:38 AM,,,100.288,,,,,
19255,11/01/19 12:03:18 AM,100.541,18.236,,-0.019,,,,
19256,11/01/19 12:03:38 AM,,,100.299,,,,,
19257,11/01/19 12:05:18 AM,100.530,18.236,,-0.020,,,,
19258,11/01/19 12:05:38 AM,,,100.299,,,,,
19259,11/01/19 12:07:18 AM,100.541,18.236,,-0.019,,,,
19260,11/01/19 12:07:38 AM,,,100.299,,,,,
19261,11/01/19 12:09:18 AM,100.553,18.236,,-0.017,,,,
19262,11/01/19 12:09:38 AM,,,100.288,,,,,
19263,11/01/19 12:11:18 AM,100.541,18.236,,-0.019,,,,
19264,11/01/19 12:11:38 AM,,,100.299,,,,,
19265,11/01/19 12:13:18 AM,100.541,18.236,,-0.019,,,,
19266,11/01/19 12:13:38 AM,,,100.299,,,,,
19267,11/01/19 12:15:18 AM,100.565,18.236,,-0.018,,,,
19268,11/01/19 12:15:38 AM,,,100.310,,,,,
19269,11/01/19 12:17:18 AM,100.550,18.140,,-0.018,,,,
19270,11/01/19 12:17:38 AM,,,100.299,,,,,
19271,11/01/19 12:19:18 AM,100.550,18.140,,-0.019,,,,
19272,11/01/19 12:19:38 AM,,,100.310,,,,,
19273,11/01/19 12:21:18 AM,100.562,18.140,,-0.017,,,,
19274,11/01/19 12:21:38 AM,,,100.299,,,,,
19275,11/01/19 12:23:18 AM,100.527,18.140,,-0.021,,,,
19276,11/01/19 12:23:38 AM,,,100.299,,,,,
19277,11/01/19 12:25:18 AM,100.553,18.236,,-0.018,,,,
19278,11/01/19 12:25:38 AM,,,100.299,,,,,
19279,11/01/19 12:27:18 AM,100.550,18.140,,-0.018,,,,
19280,11/01/19 12:27:38 AM,,,100.299,,,,,
19281,11/01/19 12:29:18 AM,100.562,18.140,,-0.019,,,,
19282,11/01/19 12:29:38 AM,,,100.320,,,,,
19283,11/01/19 12:31:18 AM,100.562,18.140,,-0.018,,,,
19284,11/01/19 12:31:38 AM,,,100.306,,,,,
19285,11/01/19 12:33:18 AM,100.538,18.140,,-0.019,,,,
19286,11/01/19 12:33:38 AM,,,100.295,,,,,
19287,11/01/19 12:35:18 AM,100.562,18.140,,-0.017,,,,
19288,11/01/19 12:35:38 AM,,,100.295,,,,,
19289,11/01/19 12:37:18 AM,100.538,18.140,,-0.019,,,,
19290,11/01/19 12:37:38 AM,,,100.295,,,,,
19291,11/01/19 12:39:18 AM,100.538,18.140,,-0.018,,,,
19292,11/01/19 12:39:38 AM,,,100.284,,,,,
19293,11/01/19 12:41:18 AM,100.538,18.140,,-0.018,,,,
19294,11/01/19 12:41:38 AM,,,100.284,,,,,
19295,11/01/19 12:43:18 AM,100.530,18.236,,-0.021,,,,
19296,11/01/19 12:43:38 AM,,,100.306,,,,,
19297,11/01/19 12:45:18 AM,100.562,18.140,,-0.017,,,,
19298,11/01/19 12:45:38 AM,,,100.295,,,,,
19299,11/01/19 12:47:18 AM,100.562,18.140,,-0.017,,,,
19300,11/01/19 12:47:38 AM,,,100.295,,,,,
19301,11/01/19 12:49:18 AM,100.530,18.236,,-0.020,,,,
19302,11/01/19 12:49:38 AM,,,100.295,,,,,
19303,11/01/19 12:51:18 AM,100.530,18.236,,-0.019,,,,
19304,11/01/19 12:51:38 AM,,,100.284,,,,,
19305,11/01/19 12:53:18 AM,100.541,18.236,,-0.018,,,,
19306,11/01/19 12:53:38 AM,,,100.284,,,,,
19307,11/01/19 12:55:18 AM,100.530,18.236,,-0.020,,,,
19308,11/01/19 12:55:38 AM,,,100.295,,,,,
19309,11/01/19 12:57:18 AM,100.530,18.236,,-0.019,,,,
19310,11/01/19 12:57:38 AM,,,100.284,,,,,
19311,11/01/19 12:59:18 AM,100.553,18.236,,-0.016,,,,
19312,11/01/19 12:59:38 AM,,,100.284,,,,,
19313,11/01/19 01:01:18 AM,100.530,18.236,,-0.019,,,,
19314,11/01/19 01:01:38 AM,,,100.284,,,,,
19315,11/01/19 01:03:18 AM,100.541,18.236,,-0.018,,,,
19316,11/01/19 01:03:38 AM,,,100.284,,,,,
19317,11/01/19 01:05:18 AM,100.541,18.236,,-0.018,,,,
19318,11/01/19 01:05:38 AM,,,100.284,,,,,
19319,11/01/19 01:07:18 AM,100.506,18.236,,-0.021,,,,
19320,11/01/19 01:07:38 AM,,,100.284,,,,,
19321,11/01/19 01:09:18 AM,100.541,18.236,,-0.018,,,,
19322,11/01/19 01:09:38 AM,,,100.284,,,,,
19323,11/01/19 01:11:18 AM,100.565,18.236,,-0.018,,,,
19324,11/01/19 01:11:38 AM,,,100.316,,,,,
19325,11/01/19 01:13:18 AM,100.565,18.236,,-0.018,,,,
19326,11/01/19 01:13:38 AM,,,100.306,,,,,
19327,11/01/19 01:15:18 AM,100.553,18.236,,-0.019,,,,
19328,11/01/19 01:15:38 AM,,,100.306,,,,,
19329,11/01/19 01:17:18 AM,100.541,18.236,,-0.020,,,,
19330,11/01/19 01:17:38 AM,,,100.306,,,,,
19331,11/01/19 01:19:18 AM,100.568,18.331,,-0.017,,,,
19332,11/01/19 01:19:38 AM,,,100.306,,,,,
19333,11/01/19 01:21:18 AM,100.568,18.331,,-0.018,,,,
19334,11/01/19 01:21:38 AM,,,100.316,,,,,
19335,11/01/19 01:23:18 AM,100.580,18.331,,-0.016,,,,
19336,11/01/19 01:23:38 AM,,,100.302,,,,,
19337,11/01/19 01:25:18 AM,100.545,18.331,,-0.018,,,,
19338,11/01/19 01:25:38 AM,,,100.291,,,,,
19339,11/01/19 01:27:18 AM,100.521,18.331,,-0.021,,,,
19340,11/01/19 01:27:38 AM,,,100.302,,,,,
19341,11/01/19 01:29:18 AM,100.545,18.331,,-0.020,,,,
19342,11/01/19 01:29:38 AM,,,100.313,,,,,
19343,11/01/19 01:31:18 AM,100.533,18.331,,-0.019,,,,
19344,11/01/19 01:31:38 AM,,,100.280,,,,,
19345,11/01/19 01:33:18 AM,100.533,18.331,,-0.019,,,,
19346,11/01/19 01:33:38 AM,,,100.291,,,,,
19347,11/01/19 01:35:18 AM,100.521,18.331,,-0.020,,,,
19348,11/01/19 01:35:38 AM,,,100.291,,,,,
19349,11/01/19 01:37:18 AM,100.498,18.331,,-0.022,,,,
19350,11/01/19 01:37:38 AM,,,100.280,,,,,
19351,11/01/19 01:39:18 AM,100.541,18.236,,-0.018,,,,
19352,11/01/19 01:39:38 AM,,,100.291,,,,,
19353,11/01/19 01:41:18 AM,100.541,18.236,,-0.018,,,,
19354,11/01/19 01:41:38 AM,,,100.291,,,,,
19355,11/01/19 01:43:18 AM,100.530,18.236,,-0.019,,,,
19356,11/01/19 01:43:38 AM,,,100.280,,,,,
19357,11/01/19 01:45:18 AM,100.553,18.236,,-0.017,,,,
19358,11/01/19 01:45:38 AM,,,100.291,,,,,
19359,11/01/19 01:47:18 AM,100.518,18.236,,-0.020,,,,
19360,11/01/19 01:47:38 AM,,,100.280,,,,,
19361,11/01/19 01:49:18 AM,100.521,18.331,,-0.020,,,,
19362,11/01/19 01:49:38 AM,,,100.291,,,,,
19363,11/01/19 01:51:18 AM,100.510,18.331,,-0.021,,,,
19364,11/01/19 01:51:38 AM,,,100.280,,,,,
19365,11/01/19 01:53:18 AM,100.521,18.331,,-0.019,,,,
19366,11/01/19 01:53:38 AM,,,100.280,,,,,
19367,11/01/19 01:55:18 AM,100.533,18.331,,-0.017,,,,
19368,11/01/19 01:55:38 AM,,,100.269,,,,,
19369,11/01/19 01:57:18 AM,100.521,18.331,,-0.018,,,,
19370,11/01/19 01:57:38 AM,,,100.269,,,,,
19371,11/01/19 01:59:18 AM,100.530,18.236,,-0.019,,,,
19372,11/01/19 01:59:38 AM,,,100.291,,,,,
19373,11/01/19 02:01:18 AM,100.518,18.236,,-0.021,,,,
19374,11/01/19 02:01:38 AM,,,100.291,,,,,
19375,11/01/19 02:03:18 AM,100.518,18.236,,-0.023,,,,
19376,11/01/19 02:03:38 AM,,,100.313,,,,,
19377,11/01/19 02:05:18 AM,100.530,18.236,,-0.021,,,,
19378,11/01/19 02:05:38 AM,,,100.302,,,,,
19379,11/01/19 02:07:18 AM,100.530,18.236,,-0.020,,,,
19380,11/01/19 02:07:38 AM,,,100.291,,,,,
19381,11/01/19 02:09:18 AM,100.541,18.236,,-0.017,,,,
19382,11/01/19 02:09:38 AM,,,100.280,,,,,
19383,11/01/19 02:11:18 AM,100.530,18.236,,-0.020,,,,
19384,11/01/19 02:11:38 AM,,,100.302,,,,,
19385,11/01/19 02:13:18 AM,100.530,18.236,,-0.019,,,,
19386,11/01/19 02:13:38 AM,,,100.280,,,,,
19387,11/01/19 02:15:18 AM,100.530,18.236,,-0.018,,,,
19388,11/01/19 02:15:38 AM,,,100.280,,,,,
19389,11/01/19 02:17:18 AM,100.518,18.236,,-0.021,,,,
19390,11/01/19 02:17:38 AM,,,100.291,,,,,
19391,11/01/19 02:19:18 AM,100.518,18.236,,-0.020,,,,
19392,11/01/19 02:19:38 AM,,,100.280,,,,,
19393,11/01/19 02:21:18 AM,100.506,18.236,,-0.021,,,,
19394,11/01/19 02:21:38 AM,,,100.280,,,,,
19395,11/01/19 02:23:18 AM,100.506,18.236,,-0.020,,,,
19396,11/01/19 02:23:38 AM,,,100.269,,,,,
19397,11/01/19 02:25:18 AM,100.495,18.236,,-0.020,,,,
19398,11/01/19 02:25:38 AM,,,100.258,,,,,
19399,11/01/19 02:27:18 AM,100.518,18.236,,-0.018,,,,
19400,11/01/19 02:27:38 AM,,,100.269,,,,,
19401,11/01/19 02:29:18 AM,100.495,18.236,,-0.020,,,,
19402,11/01/19 02:29:38 AM,,,100.258,,,,,
19403,11/01/19 02:31:18 AM,100.495,18.236,,-0.021,,,,
19404,11/01/19 02:31:38 AM,,,100.269,,,,,
19405,11/01/19 02:33:18 AM,100.530,18.236,,-0.017,,,,
19406,11/01/19 02:33:38 AM,,,100.269,,,,,
19407,11/01/19 02:35:18 AM,100.518,18.236,,-0.019,,,,
19408,11/01/19 02:35:38 AM,,,100.269,,,,,
19409,11/01/19 02:37:18 AM,100.495,18.236,,-0.021,,,,
19410,11/01/19 02:37:38 AM,,,100.269,,,,,
19411,11/01/19 02:39:18 AM,100.506,18.236,,-0.020,,,,
19412,11/01/19 02:39:38 AM,,,100.269,,,,,
19413,11/01/19 02:41:18 AM,100.506,18.236,,-0.021,,,,
19414,11/01/19 02:41:38 AM,,,100.280,,,,,
19415,11/01/19 02:43:18 AM,100.518,18.236,,-0.019,,,,
19416,11/01/19 02:43:38 AM,,,100.269,,,,,
19417,11/01/19 02:45:18 AM,100.530,18.236,,-0.017,,,,
19418,11/01/19 02:45:38 AM,,,100.269,,,,,
19419,11/01/19 02:47:18 AM,100.530,18.236,,-0.018,,,,
19420,11/01/19 02:47:38 AM,,,100.280,,,,,
19421,11/01/19 02:49:18 AM,100.495,18.236,,-0.021,,,,
19422,11/01/19 02:49:38 AM,,,100.269,,,,,
19423,11/01/19 02:51:18 AM,100.495,18.236,,-0.021,,,,
19424,11/01/19 02:51:38 AM,,,100.265,,,,,
19425,11/01/19 02:53:18 AM,100.506,18.236,,-0.019,,,,
19426,11/01/19 02:53:38 AM,,,100.265,,,,,
19427,11/01/19 02:55:18 AM,100.530,18.236,,-0.016,,,,
19428,11/01/19 02:55:38 AM,,,100.254,,,,,
19429,11/01/19 02:57:18 AM,100.530,18.236,,-0.017,,,,
19430,11/01/19 02:57:38 AM,,,100.265,,,,,
19431,11/01/19 02:59:18 AM,100.503,18.140,,-0.020,,,,
19432,11/01/19 02:59:38 AM,,,100.265,,,,,
19433,11/01/19 03:01:18 AM,100.530,18.236,,-0.017,,,,
19434,11/01/19 03:01:38 AM,,,100.265,,,,,
19435,11/01/19 03:03:18 AM,100.491,18.140,,-0.021,,,,
19436,11/01/19 03:03:38 AM,,,100.265,,,,,
19437,11/01/19 03:05:18 AM,100.515,18.140,,-0.017,,,,
19438,11/01/19 03:05:38 AM,,,100.254,,,,,
19439,11/01/19 03:07:18 AM,100.503,18.140,,-0.019,,,,
19440,11/01/19 03:07:38 AM,,,100.265,,,,,
19441,11/01/19 03:09:18 AM,100.491,18.140,,-0.020,,,,
19442,11/01/19 03:09:38 AM,,,100.254,,,,,
19443,11/01/19 03:11:18 AM,100.503,18.140,,-0.019,,,,
19444,11/01/19 03:11:38 AM,,,100.254,,,,,
19445,11/01/19 03:13:18 AM,100.527,18.140,,-0.015,,,,
19446,11/01/19 03:13:38 AM,,,100.243,,,,,
19447,11/01/19 03:15:18 AM,100.495,18.236,,-0.019,,,,
19448,11/01/19 03:15:38 AM,,,100.254,,,,,
19449,11/01/19 03:17:18 AM,100.515,18.140,,-0.018,,,,
19450,11/01/19 03:17:38 AM,,,100.265,,,,,
19451,11/01/19 03:19:18 AM,100.515,18.140,,-0.018,,,,
19452,11/01/19 03:19:38 AM,,,100.265,,,,,
19453,11/01/19 03:21:18 AM,100.491,18.140,,-0.020,,,,
19454,11/01/19 03:21:38 AM,,,100.254,,,,,
19455,11/01/19 03:23:18 AM,100.518,18.236,,-0.017,,,,
19456,11/01/19 03:23:38 AM,,,100.254,,,,,
19457,11/01/19 03:25:18 AM,100.518,18.236,,-0.017,,,,
19458,11/01/19 03:25:38 AM,,,100.254,,,,,
19459,11/01/19 03:27:18 AM,100.480,18.140,,-0.021,,,,
19460,11/01/19 03:27:38 AM,,,100.254,,,,,
19461,11/01/19 03:29:18 AM,100.491,18.140,,-0.020,,,,
19462,11/01/19 03:29:38 AM,,,100.254,,,,,
19463,11/01/19 03:31:18 AM,100.515,18.140,,-0.017,,,,
19464,11/01/19 03:31:38 AM,,,100.254,,,,,
19465,11/01/19 03:33:18 AM,100.491,18.140,,-0.020,,,,
19466,11/01/19 03:33:38 AM,,,100.254,,,,,
19467,11/01/19 03:35:18 AM,100.491,18.140,,-0.021,,,,
19468,11/01/19 03:35:38 AM,,,100.265,,,,,
19469,11/01/19 03:37:18 AM,100.515,18.140,,-0.018,,,,
19470,11/01/19 03:37:38 AM,,,100.265,,,,,
19471,11/01/19 03:39:18 AM,100.491,18.140,,-0.021,,,,
19472,11/01/19 03:39:38 AM,,,100.265,,,,,
19473,11/01/19 03:41:18 AM,100.538,18.140,,-0.015,,,,
19474,11/01/19 03:41:38 AM,,,100.254,,,,,
19475,11/01/19 03:43:18 AM,100.491,18.140,,-0.021,,,,
19476,11/01/19 03:43:38 AM,,,100.265,,,,,
19477,11/01/19 03:45:18 AM,100.515,18.140,,-0.018,,,,
19478,11/01/19 03:45:38 AM,,,100.265,,,,,
19479,11/01/19 03:47:18 AM,100.503,18.140,,-0.020,,,,
19480,11/01/19 03:47:38 AM,,,100.265,,,,,
19481,11/01/19 03:49:18 AM,100.538,18.140,,-0.018,,,,
19482,11/01/19 03:49:38 AM,,,100.287,,,,,
19483,11/01/19 03:51:18 AM,100.503,18.140,,-0.021,,,,
19484,11/01/19 03:51:38 AM,,,100.276,,,,,
19485,11/01/19 03:53:18 AM,100.553,18.236,,-0.015,,,,
19486,11/01/19 03:53:38 AM,,,100.265,,,,,
19487,11/01/19 03:55:18 AM,100.550,18.140,,-0.015,,,,
19488,11/01/19 03:55:38 AM,,,100.265,,,,,
19489,11/01/19 03:57:18 AM,100.538,18.140,,-0.017,,,,
19490,11/01/19 03:57:38 AM,,,100.276,,,,,
19491,11/01/19 03:59:18 AM,100.527,18.140,,-0.018,,,,
19492,11/01/19 03:59:38 AM,,,100.276,,,,,
19493,11/01/19 04:01:18 AM,100.562,18.140,,-0.017,,,,
19494,11/01/19 04:01:38 AM,,,100.298,,,,,
19495,11/01/19 04:03:18 AM,100.550,18.140,,-0.018,,,,
19496,11/01/19 04:03:38 AM,,,100.298,,,,,
19497,11/01/19 04:05:18 AM,100.538,18.140,,-0.019,,,,
19498,11/01/19 04:05:38 AM,,,100.298,,,,,
19499,11/01/19 04:07:18 AM,100.562,18.140,,-0.017,,,,
19500,11/01/19 04:07:38 AM,,,100.298,,,,,
19501,11/01/19 04:09:18 AM,100.550,18.140,,-0.019,,,,
19502,11/01/19 04:09:38 AM,,,100.309,,,,,
19503,11/01/19 04:11:18 AM,100.538,18.140,,-0.021,,,,
19504,11/01/19 04:11:38 AM,,,100.309,,,,,
19505,11/01/19 04:13:18 AM,100.573,18.140,,-0.019,,,,
19506,11/01/19 04:13:38 AM,,,100.330,,,,,
19507,11/01/19 04:15:18 AM,100.550,18.140,,-0.021,,,,
19508,11/01/19 04:15:38 AM,,,100.320,,,,,
19509,11/01/19 04:17:18 AM,100.562,18.140,,-0.019,,,,
19510,11/01/19 04:17:38 AM,,,100.320,,,,,
19511,11/01/19 04:19:18 AM,100.541,18.236,,-0.020,,,,
19512,11/01/19 04:19:38 AM,,,100.309,,,,,
19513,11/01/19 04:21:18 AM,100.588,18.236,,-0.015,,,,
19514,11/01/19 04:21:38 AM,,,100.309,,,,,
19515,11/01/19 04:23:18 AM,100.565,18.236,,-0.018,,,,
19516,11/01/19 04:23:38 AM,,,100.309,,,,,
19517,11/01/19 04:25:18 AM,100.541,18.236,,-0.020,,,,
19518,11/01/19 04:25:38 AM,,,100.309,,,,,
19519,11/01/19 04:27:18 AM,100.577,18.236,,-0.017,,,,
19520,11/01/19 04:27:38 AM,,,100.309,,,,,
19521,11/01/19 04:29:18 AM,100.565,18.236,,-0.018,,,,
19522,11/01/19 04:29:38 AM,,,100.309,,,,,
19523,11/01/19 04:31:18 AM,100.553,18.236,,-0.020,,,,
19524,11/01/19 04:31:38 AM,,,100.316,,,,,
19525,11/01/19 04:33:18 AM,100.577,18.236,,-0.016,,,,
19526,11/01/19 04:33:38 AM,,,100.305,,,,,
19527,11/01/19 04:35:18 AM,100.538,18.140,,-0.020,,,,
19528,11/01/19 04:35:38 AM,,,100.309,,,,,
19529,11/01/19 04:37:18 AM,100.573,18.140,,-0.017,,,,
19530,11/01/19 04:37:38 AM,,,100.305,,,,,
19531,11/01/19 04:39:18 AM,100.562,18.140,,-0.017,,,,
19532,11/01/19 04:39:38 AM,,,100.294,,,,,
19533,11/01/19 04:41:18 AM,100.562,18.140,,-0.018,,,,
19534,11/01/19 04:41:38 AM,,,100.305,,,,,
19535,11/01/19 04:43:18 AM,100.562,18.140,,-0.017,,,,
19536,11/01/19 04:43:38 AM,,,100.294,,,,,
19537,11/01/19 04:45:18 AM,100.585,18.140,,-0.015,,,,
19538,11/01/19 04:45:38 AM,,,100.305,,,,,
19539,11/01/19 04:47:18 AM,100.562,18.140,,-0.018,,,,
19540,11/01/19 04:47:38 AM,,,100.305,,,,,
19541,11/01/19 04:49:18 AM,100.573,18.140,,-0.017,,,,
19542,11/01/19 04:49:38 AM,,,100.305,,,,,
19543,11/01/19 04:51:18 AM,100.585,18.140,,-0.015,,,,
19544,11/01/19 04:51:38 AM,,,100.305,,,,,
19545,11/01/19 04:53:18 AM,100.573,18.140,,-0.018,,,,
19546,11/01/19 04:53:38 AM,,,100.326,,,,,
19547,11/01/19 04:55:18 AM,100.562,18.140,,-0.018,,,,
19548,11/01/19 04:55:38 AM,,,100.305,,,,,
19549,11/01/19 04:57:18 AM,100.538,18.140,,-0.019,,,,
19550,11/01/19 04:57:38 AM,,,100.294,,,,,
19551,11/01/19 04:59:18 AM,100.550,18.140,,-0.019,,,,
19552,11/01/19 04:59:38 AM,,,100.305,,,,,
19553,11/01/19 05:01:18 AM,100.550,18.140,,-0.018,,,,
19554,11/01/19 05:01:38 AM,,,100.294,,,,,
19555,11/01/19 05:03:18 AM,100.558,18.045,,-0.018,,,,
19556,11/01/19 05:03:38 AM,,,100.305,,,,,
19557,11/01/19 05:05:18 AM,100.532,17.950,,-0.020,,,,
19558,11/01/19 05:05:38 AM,,,100.294,,,,,
19559,11/01/19 05:07:18 AM,100.532,17.950,,-0.018,,,,
19560,11/01/19 05:07:38 AM,,,100.272,,,,,
19561,11/01/19 05:09:18 AM,100.555,17.950,,-0.017,,,,
19562,11/01/19 05:09:38 AM,,,100.294,,,,,
19563,11/01/19 05:11:18 AM,100.570,18.045,,-0.016,,,,
19564,11/01/19 05:11:38 AM,,,100.294,,,,,
19565,11/01/19 05:13:18 AM,100.558,18.045,,-0.019,,,,
19566,11/01/19 05:13:38 AM,,,100.316,,,,,
19567,11/01/19 05:15:18 AM,100.558,18.045,,-0.019,,,,
19568,11/01/19 05:15:38 AM,,,100.316,,,,,
19569,11/01/19 05:17:18 AM,100.558,18.045,,-0.019,,,,
19570,11/01/19 05:17:38 AM,,,100.316,,,,,
19571,11/01/19 05:19:18 AM,100.582,18.045,,-0.017,,,,
19572,11/01/19 05:19:38 AM,,,100.316,,,,,
19573,11/01/19 05:21:18 AM,100.570,18.045,,-0.017,,,,
19574,11/01/19 05:21:38 AM,,,100.305,,,,,
19575,11/01/19 05:23:18 AM,100.558,18.045,,-0.020,,,,
19576,11/01/19 05:23:38 AM,,,100.326,,,,,
19577,11/01/19 05:25:18 AM,100.555,17.950,,-0.019,,,,
19578,11/01/19 05:25:38 AM,,,100.305,,,,,
19579,11/01/19 05:27:18 AM,100.555,17.950,,-0.020,,,,
19580,11/01/19 05:27:38 AM,,,100.326,,,,,
19581,11/01/19 05:29:18 AM,100.570,18.045,,-0.018,,,,
19582,11/01/19 05:29:38 AM,,,100.316,,,,,
19583,11/01/19 05:31:18 AM,100.535,18.045,,-0.022,,,,
19584,11/01/19 05:31:38 AM,,,100.316,,,,,
19585,11/01/19 05:33:18 AM,100.558,18.045,,-0.019,,,,
19586,11/01/19 05:33:38 AM,,,100.316,,,,,
19587,11/01/19 05:35:18 AM,100.558,18.045,,-0.018,,,,
19588,11/01/19 05:35:38 AM,,,100.305,,,,,
19589,11/01/19 05:37:18 AM,100.547,18.045,,-0.021,,,,
19590,11/01/19 05:37:38 AM,,,100.326,,,,,
19591,11/01/19 05:39:18 AM,100.582,18.045,,-0.019,,,,
19592,11/01/19 05:39:38 AM,,,100.337,,,,,
19593,11/01/19 05:41:18 AM,100.558,18.045,,-0.020,,,,
19594,11/01/19 05:41:38 AM,,,100.326,,,,,
19595,11/01/19 05:43:18 AM,100.582,18.045,,-0.019,,,,
19596,11/01/19 05:43:38 AM,,,100.337,,,,,
19597,11/01/19 05:45:18 AM,100.593,18.045,,-0.017,,,,
19598,11/01/19 05:45:38 AM,,,100.326,,,,,
19599,11/01/19 05:47:18 AM,100.582,18.045,,-0.019,,,,
19600,11/01/19 05:47:38 AM,,,100.337,,,,,
19601,11/01/19 05:49:18 AM,100.593,18.045,,-0.018,,,,
19602,11/01/19 05:49:38 AM,,,100.337,,,,,
19603,11/01/19 05:51:18 AM,100.593,18.045,,-0.019,,,,
19604,11/01/19 05:51:38 AM,,,100.348,,,,,
19605,11/01/19 05:53:18 AM,100.590,17.950,,-0.019,,,,
19606,11/01/19 05:53:38 AM,,,100.348,,,,,
19607,11/01/19 05:55:18 AM,100.578,17.950,,-0.020,,,,
19608,11/01/19 05:55:38 AM,,,100.348,,,,,
19609,11/01/19 05:57:18 AM,100.613,17.950,,-0.017,,,,
19610,11/01/19 05:57:38 AM,,,100.348,,,,,
19611,11/01/19 05:59:18 AM,100.605,18.045,,-0.018,,,,
19612,11/01/19 05:59:38 AM,,,100.348,,,,,
19613,11/01/19 06:01:18 AM,100.605,18.045,,-0.019,,,,
19614,11/01/19 06:01:38 AM,,,100.359,,,,,
19615,11/01/19 06:03:18 AM,100.605,18.045,,-0.020,,,,
19616,11/01/19 06:03:38 AM,,,100.370,,,,,
19617,11/01/19 06:05:18 AM,100.593,18.045,,-0.021,,,,
19618,11/01/19 06:05:38 AM,,,100.370,,,,,
19619,11/01/19 06:07:18 AM,100.578,17.950,,-0.023,,,,
19620,11/01/19 06:07:38 AM,,,100.370,,,,,
19621,11/01/19 06:09:18 AM,100.590,17.950,,-0.021,,,,
19622,11/01/19 06:09:38 AM,,,100.359,,,,,
19623,11/01/19 06:11:18 AM,100.625,17.950,,-0.018,,,,
19624,11/01/19 06:11:38 AM,,,100.370,,,,,
19625,11/01/19 06:13:18 AM,100.590,17.950,,-0.021,,,,
19626,11/01/19 06:13:38 AM,,,100.359,,,,,
19627,11/01/19 06:15:18 AM,100.590,17.950,,-0.021,,,,
19628,11/01/19 06:15:38 AM,,,100.370,,,,,
19629,11/01/19 06:17:18 AM,100.602,17.950,,-0.019,,,,
19630,11/01/19 06:17:38 AM,,,100.359,,,,,
19631,11/01/19 06:19:18 AM,100.613,17.950,,-0.018,,,,
19632,11/01/19 06:19:38 AM,,,100.359,,,,,
19633,11/01/19 06:21:18 AM,100.625,17.950,,-0.018,,,,
19634,11/01/19 06:21:38 AM,,,100.370,,,,,
19635,11/01/19 06:23:18 AM,100.625,17.950,,-0.019,,,,
19636,11/01/19 06:23:38 AM,,,100.381,,,,,
19637,11/01/19 06:25:18 AM,100.640,18.045,,-0.017,,,,
19638,11/01/19 06:25:38 AM,,,100.370,,,,,
19639,11/01/19 06:27:18 AM,100.605,18.045,,-0.021,,,,
19640,11/01/19 06:27:38 AM,,,100.381,,,,,
19641,11/01/19 06:29:18 AM,100.628,18.045,,-0.018,,,,
19642,11/01/19 06:29:38 AM,,,100.370,,,,,
19643,11/01/19 06:31:18 AM,100.628,18.045,,-0.019,,,,
19644,11/01/19 06:31:38 AM,,,100.381,,,,,
19645,11/01/19 06:33:18 AM,100.617,18.045,,-0.019,,,,
19646,11/01/19 06:33:38 AM,,,100.377,,,,,
19647,11/01/19 06:35:18 AM,100.617,18.045,,-0.018,,,,
19648,11/01/19 06:35:38 AM,,,100.366,,,,,
19649,11/01/19 06:37:18 AM,100.617,18.045,,-0.019,,,,
19650,11/01/19 06:37:38 AM,,,100.377,,,,,
19651,11/01/19 06:39:18 AM,100.620,18.140,,-0.018,,,,
19652,11/01/19 06:39:38 AM,,,100.366,,,,,
19653,11/01/19 06:41:18 AM,100.597,18.140,,-0.020,,,,
19654,11/01/19 06:41:38 AM,,,100.366,,,,,
19655,11/01/19 06:43:18 AM,100.628,18.045,,-0.016,,,,
19656,11/01/19 06:43:38 AM,,,100.355,,,,,
19657,11/01/19 06:45:18 AM,100.617,18.045,,-0.017,,,,
19658,11/01/19 06:45:38 AM,,,100.355,,,,,
19659,11/01/19 06:47:18 AM,100.608,18.140,,-0.019,,,,
19660,11/01/19 06:47:38 AM,,,100.366,,,,,
19661,11/01/19 06:49:18 AM,100.620,18.140,,-0.018,,,,
19662,11/01/19 06:49:38 AM,,,100.366,,,,,
19663,11/01/19 06:51:18 AM,100.608,18.140,,-0.019,,,,
19664,11/01/19 06:51:38 AM,,,100.366,,,,,
19665,11/01/19 06:53:18 AM,100.620,18.140,,-0.018,,,,
19666,11/01/19 06:53:38 AM,,,100.366,,,,,
19667,11/01/19 06:55:18 AM,100.620,18.140,,-0.018,,,,
19668,11/01/19 06:55:38 AM,,,100.366,,,,,
19669,11/01/19 06:57:18 AM,100.608,18.140,,-0.019,,,,
19670,11/01/19 06:57:38 AM,,,100.366,,,,,
19671,11/01/19 06:59:18 AM,100.632,18.140,,-0.018,,,,
19672,11/01/19 06:59:38 AM,,,100.377,,,,,
19673,11/01/19 07:01:18 AM,100.620,18.140,,-0.019,,,,
19674,11/01/19 07:01:38 AM,,,100.377,,,,,
19675,11/01/19 07:03:18 AM,100.632,18.140,,-0.016,,,,
19676,11/01/19 07:03:38 AM,,,100.355,,,,,
19677,11/01/19 07:05:18 AM,100.632,18.140,,-0.017,,,,
19678,11/01/19 07:05:38 AM,,,100.366,,,,,
19679,11/01/19 07:07:18 AM,100.608,18.140,,-0.019,,,,
19680,11/01/19 07:07:38 AM,,,100.366,,,,,
19681,11/01/19 07:09:18 AM,100.632,18.140,,-0.018,,,,
19682,11/01/19 07:09:38 AM,,,100.377,,,,,
19683,11/01/19 07:11:18 AM,100.632,18.140,,-0.017,,,,
19684,11/01/19 07:11:38 AM,,,100.366,,,,,
19685,11/01/19 07:13:18 AM,100.612,18.236,,-0.020,,,,
19686,11/01/19 07:13:38 AM,,,100.377,,,,,
19687,11/01/19 07:15:18 AM,100.612,18.236,,-0.021,,,,
19688,11/01/19 07:15:38 AM,,,100.388,,,,,
19689,11/01/19 07:17:18 AM,100.635,18.236,,-0.020,,,,
19690,11/01/19 07:17:38 AM,,,100.399,,,,,
19691,11/01/19 07:19:18 AM,100.612,18.236,,-0.021,,,,
19692,11/01/19 07:19:38 AM,,,100.388,,,,,
19693,11/01/19 07:21:18 AM,100.635,18.236,,-0.020,,,,
19694,11/01/19 07:21:38 AM,,,100.399,,,,,
19695,11/01/19 07:23:18 AM,100.612,18.236,,-0.021,,,,
19696,11/01/19 07:23:38 AM,,,100.388,,,,,
19697,11/01/19 07:25:18 AM,100.647,18.236,,-0.017,,,,
19698,11/01/19 07:25:38 AM,,,100.388,,,,,
19699,11/01/19 07:27:18 AM,100.600,18.236,,-0.022,,,,
19700,11/01/19 07:27:38 AM,,,100.388,,,,,
19701,11/01/19 07:29:18 AM,100.623,18.236,,-0.020,,,,
19702,11/01/19 07:29:38 AM,,,100.388,,,,,
19703,11/01/19 07:31:18 AM,100.592,18.331,,-0.022,,,,
19704,11/01/19 07:31:38 AM,,,100.377,,,,,
19705,11/01/19 07:33:18 AM,100.615,18.331,,-0.020,,,,
19706,11/01/19 07:33:38 AM,,,100.377,,,,,
19707,11/01/19 07:35:18 AM,100.603,18.331,,-0.020,,,,
19708,11/01/19 07:35:38 AM,,,100.366,,,,,
19709,11/01/19 07:37:18 AM,100.627,18.331,,-0.018,,,,
19710,11/01/19 07:37:38 AM,,,100.377,,,,,
19711,11/01/19 07:39:18 AM,100.603,18.331,,-0.020,,,,
19712,11/01/19 07:39:38 AM,,,100.366,,,,,
19713,11/01/19 07:41:18 AM,100.603,18.331,,-0.020,,,,
19714,11/01/19 07:41:38 AM,,,100.366,,,,,
19715,11/01/19 07:43:18 AM,100.615,18.331,,-0.019,,,,
19716,11/01/19 07:43:38 AM,,,100.366,,,,,
19717,11/01/19 07:45:18 AM,100.595,18.426,,-0.020,,,,
19718,11/01/19 07:45:38 AM,,,100.355,,,,,
19719,11/01/19 07:47:18 AM,100.583,18.426,,-0.022,,,,
19720,11/01/19 07:47:38 AM,,,100.366,,,,,
19721,11/01/19 07:49:18 AM,100.595,18.426,,-0.021,,,,
19722,11/01/19 07:49:38 AM,,,100.377,,,,,
19723,11/01/19 07:51:18 AM,100.575,18.521,,-0.022,,,,
19724,11/01/19 07:51:38 AM,,,100.355,,,,,
19725,11/01/19 07:53:18 AM,100.586,18.521,,-0.021,,,,
19726,11/01/19 07:53:38 AM,,,100.366,,,,,
19727,11/01/19 07:55:18 AM,100.563,18.521,,-0.023,,,,
19728,11/01/19 07:55:38 AM,,,100.355,,,,,
19729,11/01/19 07:57:18 AM,100.586,18.521,,-0.019,,,,
19730,11/01/19 07:57:38 AM,,,100.344,,,,,
19731,11/01/19 07:59:18 AM,100.575,18.521,,-0.020,,,,
19732,11/01/19 07:59:38 AM,,,100.344,,,,,
19733,11/01/19 08:01:18 AM,100.586,18.521,,-0.019,,,,
19734,11/01/19 08:01:38 AM,,,100.344,,,,,
19735,11/01/19 08:03:18 AM,100.586,18.521,,-0.020,,,,
19736,11/01/19 08:03:38 AM,,,100.355,,,,,
19737,11/01/19 08:05:18 AM,100.586,18.521,,-0.021,,,,
19738,11/01/19 08:05:38 AM,,,100.366,,,,,
19739,11/01/19 08:07:18 AM,100.590,18.616,,-0.020,,,,
19740,11/01/19 08:07:38 AM,,,100.359,,,,,
19741,11/01/19 08:09:18 AM,100.578,18.616,,-0.022,,,,
19742,11/01/19 08:09:38 AM,,,100.359,,,,,
19743,11/01/19 08:11:18 AM,100.590,18.616,,-0.020,,,,
19744,11/01/19 08:11:38 AM,,,100.359,,,,,
19745,11/01/19 08:13:18 AM,100.570,18.711,,-0.023,,,,
19746,11/01/19 08:13:38 AM,,,100.370,,,,,
19747,11/01/19 08:15:18 AM,100.593,18.711,,-0.021,,,,
19748,11/01/19 08:15:38 AM,,,100.370,,,,,
19749,11/01/19 08:17:18 AM,100.581,18.711,,-0.021,,,,
19750,11/01/19 08:17:38 AM,,,100.359,,,,,
19751,11/01/19 08:19:18 AM,100.593,18.711,,-0.020,,,,
19752,11/01/19 08:19:38 AM,,,100.359,,,,,
19753,11/01/19 08:21:18 AM,100.581,18.711,,-0.021,,,,
19754,11/01/19 08:21:38 AM,,,100.359,,,,,
19755,11/01/19 08:23:18 AM,100.570,18.711,,-0.022,,,,
19756,11/01/19 08:23:38 AM,,,100.359,,,,,
19757,11/01/19 08:25:18 AM,100.593,18.711,,-0.020,,,,
19758,11/01/19 08:25:38 AM,,,100.359,,,,,
19759,11/01/19 08:27:18 AM,100.608,18.806,,-0.018,,,,
19760,11/01/19 08:27:38 AM,,,100.348,,,,,
19761,11/01/19 08:29:18 AM,100.573,18.806,,-0.022,,,,
19762,11/01/19 08:29:38 AM,,,100.359,,,,,
19763,11/01/19 08:31:18 AM,100.585,18.806,,-0.020,,,,
19764,11/01/19 08:31:38 AM,,,100.348,,,,,
19765,11/01/19 08:33:18 AM,100.573,18.806,,-0.021,,,,
19766,11/01/19 08:33:38 AM,,,100.348,,,,,
19767,11/01/19 08:35:18 AM,100.573,18.806,,-0.022,,,,
19768,11/01/19 08:35:38 AM,,,100.359,,,,,
19769,11/01/19 08:37:18 AM,100.576,18.901,,-0.022,,,,
19770,11/01/19 08:37:38 AM,,,100.359,,,,,
19771,11/01/19 08:39:18 AM,100.576,18.901,,-0.022,,,,
19772,11/01/19 08:39:38 AM,,,100.359,,,,,
19773,11/01/19 08:41:18 AM,100.600,18.901,,-0.019,,,,
19774,11/01/19 08:41:38 AM,,,100.359,,,,,
19775,11/01/19 08:43:18 AM,100.588,18.901,,-0.021,,,,
19776,11/01/19 08:43:38 AM,,,100.370,,,,,
19777,11/01/19 08:45:18 AM,100.591,18.996,,-0.020,,,,
19778,11/01/19 08:45:38 AM,,,100.359,,,,,
19779,11/01/19 08:47:18 AM,100.615,18.996,,-0.018,,,,
19780,11/01/19 08:47:38 AM,,,100.363,,,,,
19781,11/01/19 08:49:18 AM,100.580,18.996,,-0.021,,,,
19782,11/01/19 08:49:38 AM,,,100.352,,,,,
19783,11/01/19 08:51:18 AM,100.556,18.996,,-0.024,,,,
19784,11/01/19 08:51:38 AM,,,100.363,,,,,
19785,11/01/19 08:53:18 AM,100.606,19.092,,-0.019,,,,
19786,11/01/19 08:53:38 AM,,,100.363,,,,,
19787,11/01/19 08:55:18 AM,100.583,19.092,,-0.021,,,,
19788,11/01/19 08:55:38 AM,,,100.363,,,,,
19789,11/01/19 08:57:18 AM,100.595,19.092,,-0.019,,,,
19790,11/01/19 08:57:38 AM,,,100.352,,,,,
19791,11/01/19 08:59:18 AM,100.575,19.187,,-0.022,,,,
19792,11/01/19 08:59:38 AM,,,100.363,,,,,
19793,11/01/19 09:01:18 AM,100.586,19.187,,-0.020,,,,
19794,11/01/19 09:01:38 AM,,,100.352,,,,,
19795,11/01/19 09:03:18 AM,100.563,19.187,,-0.023,,,,
19796,11/01/19 09:03:38 AM,,,100.363,,,,,
19797,11/01/19 09:05:18 AM,100.575,19.187,,-0.020,,,,
19798,11/01/19 09:05:38 AM,,,100.341,,,,,
19799,11/01/19 09:07:18 AM,100.551,19.187,,-0.022,,,,
19800,11/01/19 09:07:38 AM,,,100.341,,,,,
19801,11/01/19 09:09:18 AM,100.575,19.187,,-0.020,,,,
19802,11/01/19 09:09:38 AM,,,100.341,,,,,
19803,11/01/19 09:11:18 AM,100.555,19.282,,-0.021,,,,
19804,11/01/19 09:11:38 AM,,,100.334,,,,,
19805,11/01/19 09:13:18 AM,100.578,19.282,,-0.018,,,,
19806,11/01/19 09:13:38 AM,,,100.323,,,,,
19807,11/01/19 09:15:18 AM,100.566,19.282,,-0.019,,,,
19808,11/01/19 09:15:38 AM,,,100.323,,,,,
19809,11/01/19 09:17:18 AM,100.543,19.282,,-0.022,,,,
19810,11/01/19 09:17:38 AM,,,100.334,,,,,
19811,11/01/19 09:19:18 AM,100.566,19.282,,-0.019,,,,
19812,11/01/19 09:19:38 AM,,,100.323,,,,,
19813,11/01/19 09:21:18 AM,100.531,19.282,,-0.023,,,,
19814,11/01/19 09:21:38 AM,,,100.323,,,,,
19815,11/01/19 09:23:18 AM,100.531,19.282,,-0.024,,,,
19816,11/01/19 09:23:38 AM,,,100.334,,,,,
19817,11/01/19 09:25:18 AM,100.535,19.377,,-0.023,,,,
19818,11/01/19 09:25:38 AM,,,100.334,,,,,
19819,11/01/19 09:27:18 AM,100.535,19.377,,-0.022,,,,
19820,11/01/19 09:27:38 AM,,,100.313,,,,,
19821,11/01/19 09:29:18 AM,100.550,19.472,,-0.019,,,,
19822,11/01/19 09:29:38 AM,,,100.302,,,,,
19823,11/01/19 09:31:18 AM,100.538,19.472,,-0.021,,,,
19824,11/01/19 09:31:38 AM,,,100.313,,,,,
19825,11/01/19 09:33:18 AM,100.550,19.472,,-0.019,,,,
19826,11/01/19 09:33:38 AM,,,100.302,,,,,
19827,11/01/19 09:35:18 AM,100.503,19.472,,-0.025,,,,
19828,11/01/19 09:35:38 AM,,,100.316,,,,,
19829,11/01/19 09:37:18 AM,100.530,19.567,,-0.020,,,,
19830,11/01/19 09:37:38 AM,,,100.295,,,,,
19831,11/01/19 09:39:18 AM,100.553,19.567,,-0.019,,,,
19832,11/01/19 09:39:38 AM,,,100.306,,,,,
19833,11/01/19 09:41:18 AM,100.518,19.567,,-0.022,,,,
19834,11/01/19 09:41:38 AM,,,100.306,,,,,
19835,11/01/19 09:43:18 AM,100.521,19.662,,-0.022,,,,
19836,11/01/19 09:43:38 AM,,,100.306,,,,,
19837,11/01/19 09:45:18 AM,100.533,19.662,,-0.021,,,,
19838,11/01/19 09:45:38 AM,,,100.306,,,,,
19839,11/01/19 09:47:18 AM,100.533,19.662,,-0.022,,,,
19840,11/01/19 09:47:38 AM,,,100.316,,,,,
19841,11/01/19 09:49:18 AM,100.556,19.662,,-0.019,,,,
19842,11/01/19 09:49:38 AM,,,100.306,,,,,
19843,11/01/19 09:51:18 AM,100.525,19.758,,-0.022,,,,
19844,11/01/19 09:51:38 AM,,,100.316,,,,,
19845,11/01/19 09:53:18 AM,100.548,19.758,,-0.019,,,,
19846,11/01/19 09:53:38 AM,,,100.306,,,,,
19847,11/01/19 09:55:18 AM,100.551,19.853,,-0.019,,,,
19848,11/01/19 09:55:38 AM,,,100.310,,,,,
19849,11/01/19 09:57:18 AM,100.516,19.853,,-0.022,,,,
19850,11/01/19 09:57:38 AM,,,100.299,,,,,
19851,11/01/19 09:59:18 AM,100.504,19.853,,-0.024,,,,
19852,11/01/19 09:59:38 AM,,,100.310,,,,,
19853,11/01/19 10:01:18 AM,100.504,19.853,,-0.024,,,,
19854,11/01/19 10:01:38 AM,,,100.310,,,,,
19855,11/01/19 10:03:18 AM,100.496,19.948,,-0.023,,,,
19856,11/01/19 10:03:38 AM,,,100.288,,,,,
19857,11/01/19 10:05:18 AM,100.508,19.948,,-0.022,,,,
19858,11/01/19 10:05:38 AM,,,100.299,,,,,
19859,11/01/19 10:07:18 AM,100.531,19.948,,-0.020,,,,
19860,11/01/19 10:07:38 AM,,,100.299,,,,,
19861,11/01/19 10:09:18 AM,100.484,19.948,,-0.024,,,,
19862,11/01/19 10:09:38 AM,,,100.288,,,,,
19863,11/01/19 10:11:18 AM,100.484,19.948,,-0.024,,,,
19864,11/01/19 10:11:38 AM,,,100.288,,,,,
19865,11/01/19 10:13:18 AM,100.499,20.043,,-0.022,,,,
19866,11/01/19 10:13:38 AM,,,100.288,,,,,
19867,11/01/19 10:15:18 AM,100.511,20.043,,-0.021,,,,
19868,11/01/19 10:15:38 AM,,,100.288,,,,,
19869,11/01/19 10:17:18 AM,100.491,20.138,,-0.024,,,,
19870,11/01/19 10:17:38 AM,,,100.303,,,,,
19871,11/01/19 10:19:18 AM,100.515,20.138,,-0.020,,,,
19872,11/01/19 10:19:38 AM,,,100.281,,,,,
19873,11/01/19 10:21:18 AM,100.515,20.138,,-0.021,,,,
19874,11/01/19 10:21:38 AM,,,100.292,,,,,
19875,11/01/19 10:23:18 AM,100.503,20.138,,-0.022,,,,
19876,11/01/19 10:23:38 AM,,,100.292,,,,,
19877,11/01/19 10:25:18 AM,100.483,20.234,,-0.023,,,,
19878,11/01/19 10:25:38 AM,,,100.270,,,,,
19879,11/01/19 10:27:18 AM,100.494,20.234,,-0.020,,,,
19880,11/01/19 10:27:38 AM,,,100.259,,,,,
19881,11/01/19 10:29:18 AM,100.486,20.329,,-0.022,,,,
19882,11/01/19 10:29:38 AM,,,100.270,,,,,
19883,11/01/19 10:31:18 AM,100.486,20.329,,-0.021,,,,
19884,11/01/19 10:31:38 AM,,,100.259,,,,,
19885,11/01/19 10:33:18 AM,100.501,20.424,,-0.020,,,,
19886,11/01/19 10:33:38 AM,,,100.270,,,,,
19887,11/01/19 10:35:18 AM,100.478,20.424,,-0.023,,,,
19888,11/01/19 10:35:38 AM,,,100.274,,,,,
19889,11/01/19 10:37:18 AM,100.481,20.519,,-0.023,,,,
19890,11/01/19 10:37:38 AM,,,100.274,,,,,
19891,11/01/19 10:39:18 AM,100.469,20.519,,-0.024,,,,
19892,11/01/19 10:39:38 AM,,,100.274,,,,,
19893,11/01/19 10:41:18 AM,100.481,20.519,,-0.022,,,,
19894,11/01/19 10:41:38 AM,,,100.263,,,,,
19895,11/01/19 10:43:18 AM,100.473,20.615,,-0.022,,,,
19896,11/01/19 10:43:38 AM,,,100.252,,,,,
19897,11/01/19 10:45:18 AM,100.473,20.615,,-0.021,,,,
19898,11/01/19 10:45:38 AM,,,100.252,,,,,
19899,11/01/19 10:47:18 AM,100.464,20.710,,-0.023,,,,
19900,11/01/19 10:47:38 AM,,,100.263,,,,,
19901,11/01/19 10:49:18 AM,100.453,20.710,,-0.024,,,,
19902,11/01/19 10:49:38 AM,,,100.252,,,,,
19903,11/01/19 10:51:18 AM,100.444,20.805,,-0.022,,,,
19904,11/01/19 10:51:38 AM,,,100.230,,,,,
19905,11/01/19 10:53:18 AM,100.456,20.805,,-0.022,,,,
19906,11/01/19 10:53:38 AM,,,100.245,,,,,
19907,11/01/19 10:55:18 AM,100.448,20.901,,-0.021,,,,
19908,11/01/19 10:55:38 AM,,,100.223,,,,,
19909,11/01/19 10:57:18 AM,100.439,20.996,,-0.025,,,,
19910,11/01/19 10:57:38 AM,,,100.256,,,,,
19911,11/01/19 10:59:18 AM,100.443,21.091,,-0.024,,,,
19912,11/01/19 10:59:38 AM,,,100.245,,,,,
19913,11/01/19 11:01:18 AM,100.434,21.187,,-0.025,,,,
19914,11/01/19 11:01:38 AM,,,100.245,,,,,
19915,11/01/19 11:03:18 AM,100.441,21.378,,-0.024,,,,
19916,11/01/19 11:03:38 AM,,,100.245,,,,,
19917,11/01/19 11:05:18 AM,100.448,21.569,,-0.023,,,,
19918,11/01/19 11:05:38 AM,,,100.245,,,,,
19919,11/01/19 11:07:18 AM,100.443,21.760,,-0.023,,,,
19920,11/01/19 11:07:38 AM,,,100.238,,,,,
19921,11/01/19 11:09:18 AM,100.426,21.951,,-0.024,,,,
19922,11/01/19 11:09:38 AM,,,100.227,,,,,
19923,11/01/19 11:11:18 AM,100.430,22.046,,-0.023,,,,
19924,11/01/19 11:11:38 AM,,,100.227,,,,,
19925,11/01/19 11:13:18 AM,100.437,22.238,,-0.023,,,,
19926,11/01/19 11:13:38 AM,,,100.238,,,,,
19927,11/01/19 11:15:18 AM,100.440,22.333,,-0.023,,,,
19928,11/01/19 11:15:38 AM,,,100.238,,,,,
19929,11/01/19 11:17:18 AM,100.432,22.429,,-0.023,,,,
19930,11/01/19 11:17:38 AM,,,100.227,,,,,
19931,11/01/19 11:19:18 AM,100.447,22.525,,-0.022,,,,
19932,11/01/19 11:19:38 AM,,,100.231,,,,,
19933,11/01/19 11:21:18 AM,100.415,22.621,,-0.025,,,,
19934,11/01/19 11:21:38 AM,,,100.231,,,,,
19935,11/01/19 11:23:18 AM,100.442,22.717,,-0.020,,,,
19936,11/01/19 11:23:38 AM,,,100.209,,,,,
19937,11/01/19 11:25:18 AM,100.434,22.812,,-0.023,,,,
19938,11/01/19 11:25:38 AM,,,100.231,,,,,
19939,11/01/19 11:27:18 AM,100.402,22.908,,-0.025,,,,
19940,11/01/19 11:27:38 AM,,,100.209,,,,,
19941,11/01/19 11:29:18 AM,100.405,23.004,,-0.024,,,,
19942,11/01/19 11:29:38 AM,,,100.209,,,,,
19943,11/01/19 11:31:18 AM,100.405,23.004,,-0.023,,,,
19944,11/01/19 11:31:38 AM,,,100.198,,,,,
19945,11/01/19 11:33:18 AM,100.397,23.100,,-0.024,,,,
19946,11/01/19 11:33:38 AM,,,100.202,,,,,
19947,11/01/19 11:35:18 AM,100.400,23.196,,-0.023,,,,
19948,11/01/19 11:35:38 AM,,,100.191,,,,,
19949,11/01/19 11:37:18 AM,100.400,23.196,,-0.024,,,,
19950,11/01/19 11:37:38 AM,,,100.202,,,,,
19951,11/01/19 11:39:18 AM,100.400,23.196,,-0.022,,,,
19952,11/01/19 11:39:38 AM,,,100.181,,,,,
19953,11/01/19 11:41:18 AM,100.389,23.196,,-0.023,,,,
19954,11/01/19 11:41:38 AM,,,100.181,,,,,
19955,11/01/19 11:43:18 AM,100.357,23.292,,-0.026,,,,
19956,11/01/19 11:43:38 AM,,,100.181,,,,,
19957,11/01/19 11:45:18 AM,100.372,23.388,,-0.024,,,,
19958,11/01/19 11:45:38 AM,,,100.174,,,,,
19959,11/01/19 11:47:18 AM,100.352,23.484,,-0.024,,,,
19960,11/01/19 11:47:38 AM,,,100.152,,,,,
19961,11/01/19 11:49:18 AM,100.364,23.484,,-0.022,,,,
19962,11/01/19 11:49:38 AM,,,100.152,,,,,
19963,11/01/19 11:51:18 AM,100.352,23.484,,-0.023,,,,
19964,11/01/19 11:51:38 AM,,,100.141,,,,,
19965,11/01/19 11:53:18 AM,100.344,23.581,,-0.022,,,,
19966,11/01/19 11:53:38 AM,,,100.130,,,,,
19967,11/01/19 11:55:18 AM,100.344,23.581,,-0.022,,,,
19968,11/01/19 11:55:38 AM,,,100.130,,,,,
19969,11/01/19 11:57:18 AM,100.359,23.677,,-0.021,,,,
19970,11/01/19 11:57:38 AM,,,100.141,,,,,
19971,11/01/19 11:59:18 AM,100.324,23.677,,-0.026,,,,
19972,11/01/19 11:59:38 AM,,,100.145,,,,,
19973,11/01/19 12:01:18 PM,100.347,23.677,,-0.020,,,,
19974,11/01/19 12:01:38 PM,,,100.112,,,,,
19975,11/01/19 12:03:18 PM,100.324,23.677,,-0.023,,,,
19976,11/01/19 12:03:38 PM,,,100.123,,,,,
19977,11/01/19 12:05:18 PM,100.324,23.677,,-0.022,,,,
19978,11/01/19 12:05:38 PM,,,100.112,,,,,
19979,11/01/19 12:07:18 PM,100.316,23.773,,-0.023,,,,
19980,11/01/19 12:07:38 PM,,,100.112,,,,,
19981,11/01/19 12:09:18 PM,100.319,23.869,,-0.023,,,,
19982,11/01/19 12:09:38 PM,,,100.112,,,,,
19983,11/01/19 12:11:18 PM,100.319,23.869,,-0.023,,,,
19984,11/01/19 12:11:38 PM,,,100.116,,,,,
19985,11/01/19 12:13:18 PM,100.311,23.966,,-0.025,,,,
19986,11/01/19 12:13:38 PM,,,100.127,,,,,
19987,11/01/19 12:15:18 PM,100.314,24.062,,-0.023,,,,
19988,11/01/19 12:15:38 PM,,,100.105,,,,,
19989,11/01/19 12:17:18 PM,100.283,24.158,,-0.026,,,,
19990,11/01/19 12:17:38 PM,,,100.105,,,,,
19991,11/01/19 12:19:18 PM,100.309,24.255,,-0.022,,,,
19992,11/01/19 12:19:38 PM,,,100.094,,,,,
19993,11/01/19 12:21:18 PM,100.298,24.255,,-0.023,,,,
19994,11/01/19 12:21:38 PM,,,100.098,,,,,
19995,11/01/19 12:23:18 PM,100.301,24.351,,-0.022,,,,
19996,11/01/19 12:23:38 PM,,,100.087,,,,,
19997,11/01/19 12:25:18 PM,100.281,24.448,,-0.026,,,,
19998,11/01/19 12:25:38 PM,,,100.109,,,,,
19999,11/01/19 12:27:18 PM,100.288,24.641,,-0.025,,,,
20000,11/01/19 12:27:38 PM,,,100.098,,,,,
20001,11/01/19 12:29:18 PM,100.280,24.738,,-0.024,,,,
20002,11/01/19 12:29:38 PM,,,100.087,,,,,
20003,11/01/19 12:31:18 PM,100.283,24.835,,-0.024,,,,
20004,11/01/19 12:31:38 PM,,,100.087,,,,,
20005,11/01/19 12:33:18 PM,100.275,24.931,,-0.023,,,,
20006,11/01/19 12:33:38 PM,,,100.070,,,,,
20007,11/01/19 12:35:18 PM,100.228,24.931,,-0.029,,,,
20008,11/01/19 12:35:38 PM,,,100.080,,,,,
20009,11/01/19 12:37:18 PM,100.255,25.028,,-0.027,,,,
20010,11/01/19 12:37:38 PM,,,100.091,,,,,
20011,11/01/19 12:39:18 PM,100.240,24.931,,-0.028,,,,
20012,11/01/19 12:39:38 PM,,,100.080,,,,,
20013,11/01/19 12:41:18 PM,100.267,25.028,,-0.025,,,,
20014,11/01/19 12:41:38 PM,,,100.080,,,,,
20015,11/01/19 12:43:18 PM,100.240,24.931,,-0.028,,,,
20016,11/01/19 12:43:38 PM,,,100.084,,,,,
20017,11/01/19 12:45:18 PM,100.252,24.931,,-0.027,,,,
20018,11/01/19 12:45:38 PM,,,100.084,,,,,
20019,11/01/19 12:47:18 PM,100.272,24.835,,-0.024,,,,
20020,11/01/19 12:47:38 PM,,,100.073,,,,,
20021,11/01/19 12:49:18 PM,100.248,24.835,,-0.026,,,,
20022,11/01/19 12:49:38 PM,,,100.073,,,,,
20023,11/01/19 12:51:18 PM,100.275,24.931,,-0.022,,,,
20024,11/01/19 12:51:38 PM,,,100.063,,,,,
20025,11/01/19 12:53:18 PM,100.240,24.931,,-0.026,,,,
20026,11/01/19 12:53:38 PM,,,100.063,,,,,
20027,11/01/19 12:55:18 PM,100.235,25.125,,-0.028,,,,
20028,11/01/19 12:55:38 PM,,,100.077,,,,,
20029,11/01/19 12:57:18 PM,100.254,25.319,,-0.024,,,,
20030,11/01/19 12:57:38 PM,,,100.056,,,,,
20031,11/01/19 12:59:18 PM,100.234,25.416,,-0.026,,,,
20032,11/01/19 12:59:38 PM,,,100.056,,,,,
20033,11/01/19 01:01:18 PM,100.261,25.513,,-0.024,,,,
20034,11/01/19 01:01:38 PM,,,100.067,,,,,
20035,11/01/19 01:03:18 PM,100.226,25.513,,-0.026,,,,
20036,11/01/19 01:03:38 PM,,,100.045,,,,,
20037,11/01/19 01:05:18 PM,100.244,25.708,,-0.024,,,,
20038,11/01/19 01:05:38 PM,,,100.049,,,,,
20039,11/01/19 01:07:18 PM,100.236,25.805,,-0.026,,,,
20040,11/01/19 01:07:38 PM,,,100.060,,,,,
20041,11/01/19 01:09:18 PM,100.236,25.805,,-0.025,,,,
20042,11/01/19 01:09:38 PM,,,100.049,,,,,
20043,11/01/19 01:11:18 PM,100.216,25.902,,-0.027,,,,
20044,11/01/19 01:11:38 PM,,,100.049,,,,,
20045,11/01/19 01:13:18 PM,100.208,26.000,,-0.027,,,,
20046,11/01/19 01:13:38 PM,,,100.038,,,,,
20047,11/01/19 01:15:18 PM,100.200,26.097,,-0.026,,,,
20048,11/01/19 01:15:38 PM,,,100.020,,,,,
20049,11/01/19 01:17:18 PM,100.192,26.195,,-0.027,,,,
20050,11/01/19 01:17:38 PM,,,100.031,,,,,
20051,11/01/19 01:19:18 PM,100.227,26.195,,-0.024,,,,
20052,11/01/19 01:19:38 PM,,,100.031,,,,,
20053,11/01/19 01:21:18 PM,100.207,26.292,,-0.027,,,,
20054,11/01/19 01:21:38 PM,,,100.042,,,,,
20055,11/01/19 01:23:18 PM,100.210,26.390,,-0.025,,,,
20056,11/01/19 01:23:38 PM,,,100.020,,,,,
20057,11/01/19 01:25:18 PM,100.199,26.390,,-0.027,,,,
20058,11/01/19 01:25:38 PM,,,100.035,,,,,
20059,11/01/19 01:27:18 PM,100.199,26.390,,-0.025,,,,
20060,11/01/19 01:27:38 PM,,,100.013,,,,,
20061,11/01/19 01:29:18 PM,100.202,26.488,,-0.025,,,,
20062,11/01/19 01:29:38 PM,,,100.013,,,,,
20063,11/01/19 01:31:18 PM,100.182,26.585,,-0.027,,,,
20064,11/01/19 01:31:38 PM,,,100.013,,,,,
20065,11/01/19 01:33:18 PM,100.198,26.683,,-0.024,,,,
20066,11/01/19 01:33:38 PM,,,100.002,,,,,
20067,11/01/19 01:35:18 PM,100.178,26.781,,-0.025,,,,
20068,11/01/19 01:35:38 PM,,,99.995,,,,,
20069,11/01/19 01:37:18 PM,100.189,26.781,,-0.025,,,,
20070,11/01/19 01:37:38 PM,,,100.006,,,,,
20071,11/01/19 01:39:18 PM,100.178,26.781,,-0.026,,,,
20072,11/01/19 01:39:38 PM,,,100.006,,,,,
20073,11/01/19 01:41:18 PM,100.166,26.781,,-0.027,,,,
20074,11/01/19 01:41:38 PM,,,99.995,,,,,
20075,11/01/19 01:43:18 PM,100.170,26.879,,-0.027,,,,
20076,11/01/19 01:43:38 PM,,,100.010,,,,,
20077,11/01/19 01:45:18 PM,100.165,27.075,,-0.028,,,,
20078,11/01/19 01:45:38 PM,,,100.010,,,,,
20079,11/01/19 01:47:18 PM,100.165,27.075,,-0.027,,,,
20080,11/01/19 01:47:38 PM,,,99.999,,,,,
20081,11/01/19 01:49:18 PM,100.145,27.173,,-0.027,,,,
20082,11/01/19 01:49:38 PM,,,99.977,,,,,
20083,11/01/19 01:51:18 PM,100.142,27.075,,-0.027,,,,
20084,11/01/19 01:51:38 PM,,,99.981,,,,,
20085,11/01/19 01:53:18 PM,100.165,27.075,,-0.024,,,,
20086,11/01/19 01:53:38 PM,,,99.970,,,,,
20087,11/01/19 01:55:18 PM,100.130,27.075,,-0.028,,,,
20088,11/01/19 01:55:38 PM,,,99.970,,,,,
20089,11/01/19 01:57:18 PM,100.133,27.173,,-0.026,,,,
20090,11/01/19 01:57:38 PM,,,99.960,,,,,
20091,11/01/19 01:59:18 PM,100.129,27.370,,-0.027,,,,
20092,11/01/19 01:59:38 PM,,,99.964,,,,,
20093,11/01/19 02:01:18 PM,100.124,27.567,,-0.028,,,,
20094,11/01/19 02:01:38 PM,,,99.964,,,,,
20095,11/01/19 02:03:18 PM,100.136,27.567,,-0.026,,,,
20096,11/01/19 02:03:38 PM,,,99.964,,,,,
20097,11/01/19 02:05:18 PM,100.136,27.567,,-0.026,,,,
20098,11/01/19 02:05:38 PM,,,99.957,,,,,
20099,11/01/19 02:07:18 PM,100.109,27.468,,-0.027,,,,
20100,11/01/19 02:07:38 PM,,,99.946,,,,,
20101,11/01/19 02:09:18 PM,100.094,27.370,,-0.030,,,,
20102,11/01/19 02:09:38 PM,,,99.957,,,,,
20103,11/01/19 02:11:18 PM,100.085,27.468,,-0.029,,,,
20104,11/01/19 02:11:38 PM,,,99.939,,,,,
20105,11/01/19 02:13:18 PM,100.124,27.567,,-0.025,,,,
20106,11/01/19 02:13:38 PM,,,99.939,,,,,
20107,11/01/19 02:15:18 PM,100.104,27.665,,-0.029,,,,
20108,11/01/19 02:15:38 PM,,,99.960,,,,,
20109,11/01/19 02:17:18 PM,100.093,27.665,,-0.030,,,,
20110,11/01/19 02:19:18 PM,100.108,27.764,,-0.029,,,,
20111,11/01/19 02:21:18 PM,100.065,27.862,,-0.033,,,,
20112,11/01/19 02:23:18 PM,100.068,27.961,,-0.033,,,,
20113,11/01/19 02:25:18 PM,100.092,27.961,,-0.030,,,,
20114,11/01/19 02:27:18 PM,100.080,27.961,,-0.032,,,,
20115,11/01/19 02:29:18 PM,100.092,27.961,,-0.030,,,,
20116,11/01/19 02:31:18 PM,100.064,28.159,,-0.033,,,,
20117,11/01/19 02:33:18 PM,100.067,28.258,,-0.033,,,,
20118,11/01/19 02:35:18 PM,100.056,28.258,,-0.034,,,,
20119,11/01/19 02:37:18 PM,100.047,28.357,,-0.035,,,,
20120,11/01/19 02:39:18 PM,100.039,28.456,,-0.036,,,,
20121,11/01/19 02:41:18 PM,100.051,28.456,,-0.035,,,,
20122,11/01/19 02:43:18 PM,100.047,28.655,,-0.035,,,,
20123,11/01/19 02:45:18 PM,100.050,28.754,,-0.035,,,,
20124,11/01/19 02:47:18 PM,100.034,28.953,,-0.036,,,,
20125,11/01/19 02:49:18 PM,100.019,28.853,,-0.038,,,,
20126,11/01/19 02:51:18 PM,100.015,28.754,,-0.038,,,,
20127,11/01/19 02:53:18 PM,100.008,28.555,,-0.039,,,,
20128,11/01/19 02:55:18 PM,100.012,28.357,,-0.039,,,,
20129,11/01/19 02:57:18 PM,100.012,28.357,,-0.039,,,,
20130,11/01/19 02:59:18 PM,99.992,28.456,,-0.041,,,,
20131,11/01/19 03:01:18 PM,99.973,28.555,,-0.043,,,,
20132,11/01/19 03:03:18 PM,99.996,28.555,,-0.040,,,,
20133,11/01/19 03:05:18 PM,100.004,28.456,,-0.039,,,,
20134,11/01/19 03:07:18 PM,99.981,28.456,,-0.042,,,,
20135,11/01/19 03:09:18 PM,99.969,28.456,,-0.043,,,,
20136,11/01/19 03:11:18 PM,99.981,28.456,,-0.042,,,,
20137,11/01/19 03:13:18 PM,99.969,28.456,,-0.043,,,,
20138,11/01/19 03:15:18 PM,99.969,28.456,,-0.043,,,,
20139,11/01/19 03:17:18 PM,99.961,28.555,,-0.044,,,,
20140,11/01/19 03:19:18 PM,99.976,28.655,,-0.042,,,,
20141,11/01/19 03:21:18 PM,99.980,28.754,,-0.042,,,,
20142,11/01/19 03:23:18 PM,99.953,28.655,,-0.045,,,,
20143,11/01/19 03:25:18 PM,99.949,28.555,,-0.045,,,,
20144,11/01/19 03:27:18 PM,99.946,28.456,,-0.045,,,,
20145,11/01/19 03:29:18 PM,99.954,28.357,,-0.045,,,,
20146,11/01/19 03:31:18 PM,99.942,28.357,,-0.046,,,,
20147,11/01/19 03:33:18 PM,99.942,28.357,,-0.046,,,,
20148,11/01/19 03:35:18 PM,99.954,28.357,,-0.045,,,,
20149,11/01/19 03:37:18 PM,99.937,28.555,,-0.046,,,,
20150,11/01/19 03:39:18 PM,99.934,28.456,,-0.047,,,,
20151,11/01/19 03:41:18 PM,99.946,28.456,,-0.045,,,,
20152,11/01/19 03:43:18 PM,99.926,28.555,,-0.047,,,,
20153,11/01/19 03:45:18 PM,99.937,28.555,,-0.046,,,,
20154,11/01/19 03:47:18 PM,99.937,28.555,,-0.046,,,,
20155,11/01/19 03:49:18 PM,99.934,28.456,,-0.047,,,,
20156,11/01/19 03:51:18 PM,99.914,28.555,,-0.049,,,,
20157,11/01/19 03:53:18 PM,99.914,28.555,,-0.049,,,,
20158,11/01/19 03:55:18 PM,99.937,28.555,,-0.046,,,,
20159,11/01/19 03:57:18 PM,99.934,28.456,,-0.047,,,,
20160,11/01/19 03:59:18 PM,99.946,28.456,,-0.045,,,,
20161,11/01/19 04:01:18 PM,99.922,28.456,,-0.048,,,,
20162,11/01/19 04:03:18 PM,99.926,28.555,,-0.047,,,,
20163,11/01/19 04:05:18 PM,99.914,28.555,,-0.049,,,,
20164,11/01/19 04:07:18 PM,99.926,28.555,,-0.047,,,,
20165,11/01/19 04:09:18 PM,99.894,28.655,,-0.051,,,,
20166,11/01/19 04:11:18 PM,99.918,28.655,,-0.048,,,,
20167,11/01/19 04:13:18 PM,99.894,28.655,,-0.051,,,,
20168,11/01/19 04:15:18 PM,99.918,28.655,,-0.048,,,,
20169,11/01/19 04:17:18 PM,99.898,28.754,,-0.050,,,,
20170,11/01/19 04:19:18 PM,99.910,28.754,,-0.049,,,,
20171,11/01/19 04:21:18 PM,99.918,28.655,,-0.048,,,,
20172,11/01/19 04:23:18 PM,99.837,28.357,,-0.057,,Logged,,
20173,11/01/19 04:23:21 PM,,,,,,,Logged,Logged
